     0.200000      1.64238
     0.201000      1.64009
     0.202000      1.63787
     0.203000      1.63573
     0.204000      1.63365
     0.205000      1.63163
     0.206000      1.62967
     0.207000      1.62778
     0.208000      1.62593
     0.209000      1.62414
     0.210000      1.62240
     0.211000      1.62070
     0.212000      1.61906
     0.213000      1.61745
     0.214000      1.61589
     0.215000      1.61436
     0.216000      1.61288
     0.217000      1.61143
     0.218000      1.61002
     0.219000      1.60864
     0.220000      1.60729
     0.221000      1.60598
     0.222000      1.60470
     0.223000      1.60344
     0.224000      1.60221
     0.225000      1.60102
     0.226000      1.59984
     0.227000      1.59870
     0.228000      1.59757
     0.229000      1.59647
     0.230000      1.59540
     0.231000      1.59434
     0.232000      1.59331
     0.233000      1.59230
     0.234000      1.59131
     0.235000      1.59034
     0.236000      1.58939
     0.237000      1.58845
     0.238000      1.58754
     0.239000      1.58664
     0.240000      1.58576
     0.241000      1.58489
     0.242000      1.58404
     0.243000      1.58321
     0.244000      1.58239
     0.245000      1.58158
     0.246000      1.58079
     0.247000      1.58002
     0.248000      1.57925
     0.249000      1.57851
     0.250000      1.57777
     0.251000      1.57704
     0.252000      1.57633
     0.253000      1.57563
     0.254000      1.57494
     0.255000      1.57427
     0.256000      1.57360
     0.257000      1.57295
     0.258000      1.57230
     0.259000      1.57167
     0.260000      1.57104
     0.261000      1.57043
     0.262000      1.56982
     0.263000      1.56923
     0.264000      1.56864
     0.265000      1.56806
     0.266000      1.56749
     0.267000      1.56693
     0.268000      1.56638
     0.269000      1.56583
     0.270000      1.56530
     0.271000      1.56477
     0.272000      1.56425
     0.273000      1.56374
     0.274000      1.56323
     0.275000      1.56273
     0.276000      1.56224
     0.277000      1.56175
     0.278000      1.56128
     0.279000      1.56081
     0.280000      1.56034
     0.281000      1.55988
     0.282000      1.55943
     0.283000      1.55898
     0.284000      1.55854
     0.285000      1.55811
     0.286000      1.55768
     0.287000      1.55726
     0.288000      1.55684
     0.289000      1.55643
     0.290000      1.55602
     0.291000      1.55562
     0.292000      1.55522
     0.293000      1.55483
     0.294000      1.55445
     0.295000      1.55406
     0.296000      1.55369
     0.297000      1.55332
     0.298000      1.55295
     0.299000      1.55258
     0.300000      1.55223
     0.301000      1.55187
     0.302000      1.55152
     0.303000      1.55118
     0.304000      1.55084
     0.305000      1.55050
     0.306000      1.55016
     0.307000      1.54984
     0.308000      1.54951
     0.309000      1.54919
     0.310000      1.54887
     0.311000      1.54856
     0.312000      1.54824
     0.313000      1.54794
     0.314000      1.54763
     0.315000      1.54733
     0.316000      1.54704
     0.317000      1.54674
     0.318000      1.54645
     0.319000      1.54617
     0.320000      1.54588
     0.321000      1.54560
     0.322000      1.54532
     0.323000      1.54505
     0.324000      1.54478
     0.325000      1.54451
     0.326000      1.54424
     0.327000      1.54398
     0.328000      1.54372
     0.329000      1.54346
     0.330000      1.54321
     0.331000      1.54296
     0.332000      1.54271
     0.333000      1.54246
     0.334000      1.54222
     0.335000      1.54198
     0.336000      1.54174
     0.337000      1.54150
     0.338000      1.54127
     0.339000      1.54103
     0.340000      1.54080
     0.341000      1.54058
     0.342000      1.54035
     0.343000      1.54013
     0.344000      1.53991
     0.345000      1.53969
     0.346000      1.53947
     0.347000      1.53926
     0.348000      1.53905
     0.349000      1.53884
     0.350000      1.53863
     0.351000      1.53843
     0.352000      1.53822
     0.353000      1.53802
     0.354000      1.53782
     0.355000      1.53762
     0.356000      1.53743
     0.357000      1.53723
     0.358000      1.53704
     0.359000      1.53685
     0.360000      1.53666
     0.361000      1.53647
     0.362000      1.53629
     0.363000      1.53610
     0.364000      1.53592
     0.365000      1.53574
     0.366000      1.53556
     0.367000      1.53539
     0.368000      1.53521
     0.369000      1.53504
     0.370000      1.53486
     0.371000      1.53469
     0.372000      1.53452
     0.373000      1.53436
     0.374000      1.53419
     0.375000      1.53403
     0.376000      1.53386
     0.377000      1.53370
     0.378000      1.53354
     0.379000      1.53338
     0.380000      1.53322
     0.381000      1.53307
     0.382000      1.53291
     0.383000      1.53276
     0.384000      1.53261
     0.385000      1.53246
     0.386000      1.53231
     0.387000      1.53216
     0.388000      1.53201
     0.389000      1.53186
     0.390000      1.53172
     0.391000      1.53158
     0.392000      1.53143
     0.393000      1.53129
     0.394000      1.53115
     0.395000      1.53101
     0.396000      1.53088
     0.397000      1.53074
     0.398000      1.53060
     0.399000      1.53047
     0.400000      1.53034
     0.401000      1.53020
     0.402000      1.53007
     0.403000      1.52994
     0.404000      1.52981
     0.405000      1.52969
     0.406000      1.52956
     0.407000      1.52943
     0.408000      1.52931
     0.409000      1.52918
     0.410000      1.52906
     0.411000      1.52894
     0.412000      1.52882
     0.413000      1.52870
     0.414000      1.52858
     0.415000      1.52846
     0.416000      1.52834
     0.417000      1.52823
     0.418000      1.52811
     0.419000      1.52800
     0.420000      1.52788
     0.421000      1.52777
     0.422000      1.52766
     0.423000      1.52754
     0.424000      1.52743
     0.425000      1.52732
     0.426000      1.52722
     0.427000      1.52711
     0.428000      1.52700
     0.429000      1.52689
     0.430000      1.52679
     0.431000      1.52668
     0.432000      1.52658
     0.433000      1.52648
     0.434000      1.52637
     0.435000      1.52627
     0.436000      1.52617
     0.437000      1.52607
     0.438000      1.52597
     0.439000      1.52587
     0.440000      1.52577
     0.441000      1.52567
     0.442000      1.52558
     0.443000      1.52548
     0.444000      1.52539
     0.445000      1.52529
     0.446000      1.52520
     0.447000      1.52510
     0.448000      1.52501
     0.449000      1.52492
     0.450000      1.52483
     0.451000      1.52474
     0.452000      1.52464
     0.453000      1.52455
     0.454000      1.52447
     0.455000      1.52438
     0.456000      1.52429
     0.457000      1.52420
     0.458000      1.52411
     0.459000      1.52403
     0.460000      1.52394
     0.461000      1.52386
     0.462000      1.52377
     0.463000      1.52369
     0.464000      1.52361
     0.465000      1.52352
     0.466000      1.52344
     0.467000      1.52336
     0.468000      1.52328
     0.469000      1.52320
     0.470000      1.52312
     0.471000      1.52304
     0.472000      1.52296
     0.473000      1.52288
     0.474000      1.52280
     0.475000      1.52272
     0.476000      1.52265
     0.477000      1.52257
     0.478000      1.52249
     0.479000      1.52242
     0.480000      1.52234
     0.481000      1.52227
     0.482000      1.52219
     0.483000      1.52212
     0.484000      1.52205
     0.485000      1.52197
     0.486000      1.52190
     0.487000      1.52183
     0.488000      1.52176
     0.489000      1.52169
     0.490000      1.52162
     0.491000      1.52155
     0.492000      1.52148
     0.493000      1.52141
     0.494000      1.52134
     0.495000      1.52127
     0.496000      1.52120
     0.497000      1.52113
     0.498000      1.52107
     0.499000      1.52100
     0.500000      1.52093
     0.501000      1.52087
     0.502000      1.52080
     0.503000      1.52074
     0.504000      1.52067
     0.505000      1.52061
     0.506000      1.52054
     0.507000      1.52048
     0.508000      1.52042
     0.509000      1.52035
     0.510000      1.52029
     0.511000      1.52023
     0.512000      1.52017
     0.513000      1.52010
     0.514000      1.52004
     0.515000      1.51998
     0.516000      1.51992
     0.517000      1.51986
     0.518000      1.51980
     0.519000      1.51974
     0.520000      1.51968
     0.521000      1.51962
     0.522000      1.51956
     0.523000      1.51951
     0.524000      1.51945
     0.525000      1.51939
     0.526000      1.51933
     0.527000      1.51928
     0.528000      1.51922
     0.529000      1.51916
     0.530000      1.51911
     0.531000      1.51905
     0.532000      1.51900
     0.533000      1.51894
     0.534000      1.51889
     0.535000      1.51883
     0.536000      1.51878
     0.537000      1.51872
     0.538000      1.51867
     0.539000      1.51862
     0.540000      1.51856
     0.541000      1.51851
     0.542000      1.51846
     0.543000      1.51841
     0.544000      1.51836
     0.545000      1.51830
     0.546000      1.51825
     0.547000      1.51820
     0.548000      1.51815
     0.549000      1.51810
     0.550000      1.51805
     0.551000      1.51800
     0.552000      1.51795
     0.553000      1.51790
     0.554000      1.51785
     0.555000      1.51780
     0.556000      1.51775
     0.557000      1.51770
     0.558000      1.51766
     0.559000      1.51761
     0.560000      1.51756
     0.561000      1.51751
     0.562000      1.51746
     0.563000      1.51742
     0.564000      1.51737
     0.565000      1.51732
     0.566000      1.51728
     0.567000      1.51723
     0.568000      1.51719
     0.569000      1.51714
     0.570000      1.51709
     0.571000      1.51705
     0.572000      1.51700
     0.573000      1.51696
     0.574000      1.51691
     0.575000      1.51687
     0.576000      1.51683
     0.577000      1.51678
     0.578000      1.51674
     0.579000      1.51669
     0.580000      1.51665
     0.581000      1.51661
     0.582000      1.51657
     0.583000      1.51652
     0.584000      1.51648
     0.585000      1.51644
     0.586000      1.51640
     0.587000      1.51635
     0.588000      1.51631
     0.589000      1.51627
     0.590000      1.51623
     0.591000      1.51619
     0.592000      1.51615
     0.593000      1.51611
     0.594000      1.51607
     0.595000      1.51603
     0.596000      1.51599
     0.597000      1.51594
     0.598000      1.51591
     0.599000      1.51587
     0.600000      1.51583
     0.601000      1.51579
     0.602000      1.51575
     0.603000      1.51571
     0.604000      1.51567
     0.605000      1.51563
     0.606000      1.51559
     0.607000      1.51555
     0.608000      1.51552
     0.609000      1.51548
     0.610000      1.51544
     0.611000      1.51540
     0.612000      1.51537
     0.613000      1.51533
     0.614000      1.51529
     0.615000      1.51525
     0.616000      1.51522
     0.617000      1.51518
     0.618000      1.51514
     0.619000      1.51511
     0.620000      1.51507
     0.621000      1.51504
     0.622000      1.51500
     0.623000      1.51496
     0.624000      1.51493
     0.625000      1.51489
     0.626000      1.51486
     0.627000      1.51482
     0.628000      1.51479
     0.629000      1.51475
     0.630000      1.51472
     0.631000      1.51468
     0.632000      1.51465
     0.633000      1.51461
     0.634000      1.51458
     0.635000      1.51455
     0.636000      1.51451
     0.637000      1.51448
     0.638000      1.51445
     0.639000      1.51441
     0.640000      1.51438
     0.641000      1.51435
     0.642000      1.51431
     0.643000      1.51428
     0.644000      1.51425
     0.645000      1.51421
     0.646000      1.51418
     0.647000      1.51415
     0.648000      1.51412
     0.649000      1.51409
     0.650000      1.51405
     0.651000      1.51402
     0.652000      1.51399
     0.653000      1.51396
     0.654000      1.51393
     0.655000      1.51390
     0.656000      1.51386
     0.657000      1.51383
     0.658000      1.51380
     0.659000      1.51377
     0.660000      1.51374
     0.661000      1.51371
     0.662000      1.51368
     0.663000      1.51365
     0.664000      1.51362
     0.665000      1.51359
     0.666000      1.51356
     0.667000      1.51353
     0.668000      1.51350
     0.669000      1.51347
     0.670000      1.51344
     0.671000      1.51341
     0.672000      1.51338
     0.673000      1.51335
     0.674000      1.51332
     0.675000      1.51329
     0.676000      1.51326
     0.677000      1.51323
     0.678000      1.51321
     0.679000      1.51318
     0.680000      1.51315
     0.681000      1.51312
     0.682000      1.51309
     0.683000      1.51306
     0.684000      1.51303
     0.685000      1.51301
     0.686000      1.51298
     0.687000      1.51295
     0.688000      1.51292
     0.689000      1.51290
     0.690000      1.51287
     0.691000      1.51284
     0.692000      1.51281
     0.693000      1.51279
     0.694000      1.51276
     0.695000      1.51273
     0.696000      1.51270
     0.697000      1.51268
     0.698000      1.51265
     0.699000      1.51262
     0.700000      1.51260
     0.701000      1.51257
     0.702000      1.51254
     0.703000      1.51252
     0.704000      1.51249
     0.705000      1.51246
     0.706000      1.51244
     0.707000      1.51241
     0.708000      1.51239
     0.709000      1.51236
     0.710000      1.51233
     0.711000      1.51231
     0.712000      1.51228
     0.713000      1.51226
     0.714000      1.51223
     0.715000      1.51221
     0.716000      1.51218
     0.717000      1.51216
     0.718000      1.51213
     0.719000      1.51211
     0.720000      1.51208
     0.721000      1.51206
     0.722000      1.51203
     0.723000      1.51201
     0.724000      1.51198
     0.725000      1.51196
     0.726000      1.51193
     0.727000      1.51191
     0.728000      1.51188
     0.729000      1.51186
     0.730000      1.51184
     0.731000      1.51181
     0.732000      1.51179
     0.733000      1.51176
     0.734000      1.51174
     0.735000      1.51172
     0.736000      1.51169
     0.737000      1.51167
     0.738000      1.51165
     0.739000      1.51162
     0.740000      1.51160
     0.741000      1.51157
     0.742000      1.51155
     0.743000      1.51153
     0.744000      1.51151
     0.745000      1.51148
     0.746000      1.51146
     0.747000      1.51144
     0.748000      1.51141
     0.749000      1.51139
     0.750000      1.51137
     0.751000      1.51134
     0.752000      1.51132
     0.753000      1.51130
     0.754000      1.51128
     0.755000      1.51125
     0.756000      1.51123
     0.757000      1.51121
     0.758000      1.51119
     0.759000      1.51117
     0.760000      1.51114
     0.761000      1.51112
     0.762000      1.51110
     0.763000      1.51108
     0.764000      1.51105
     0.765000      1.51103
     0.766000      1.51101
     0.767000      1.51099
     0.768000      1.51097
     0.769000      1.51095
     0.770000      1.51092
     0.771000      1.51090
     0.772000      1.51088
     0.773000      1.51086
     0.774000      1.51084
     0.775000      1.51082
     0.776000      1.51080
     0.777000      1.51078
     0.778000      1.51075
     0.779000      1.51073
     0.780000      1.51071
     0.781000      1.51069
     0.782000      1.51067
     0.783000      1.51065
     0.784000      1.51063
     0.785000      1.51061
     0.786000      1.51059
     0.787000      1.51057
     0.788000      1.51055
     0.789000      1.51053
     0.790000      1.51051
     0.791000      1.51049
     0.792000      1.51046
     0.793000      1.51044
     0.794000      1.51042
     0.795000      1.51040
     0.796000      1.51038
     0.797000      1.51036
     0.798000      1.51034
     0.799000      1.51032
     0.800000      1.51030
     0.801000      1.51028
     0.802000      1.51026
     0.803000      1.51024
     0.804000      1.51022
     0.805000      1.51020
     0.806000      1.51019
     0.807000      1.51017
     0.808000      1.51015
     0.809000      1.51013
     0.810000      1.51011
     0.811000      1.51009
     0.812000      1.51007
     0.813000      1.51005
     0.814000      1.51003
     0.815000      1.51001
     0.816000      1.50999
     0.817000      1.50997
     0.818000      1.50995
     0.819000      1.50993
     0.820000      1.50991
     0.821000      1.50990
     0.822000      1.50988
     0.823000      1.50986
     0.824000      1.50984
     0.825000      1.50982
     0.826000      1.50980
     0.827000      1.50978
     0.828000      1.50976
     0.829000      1.50975
     0.830000      1.50973
     0.831000      1.50971
     0.832000      1.50969
     0.833000      1.50967
     0.834000      1.50965
     0.835000      1.50963
     0.836000      1.50962
     0.837000      1.50960
     0.838000      1.50958
     0.839000      1.50956
     0.840000      1.50954
     0.841000      1.50953
     0.842000      1.50951
     0.843000      1.50949
     0.844000      1.50947
     0.845000      1.50945
     0.846000      1.50943
     0.847000      1.50942
     0.848000      1.50940
     0.849000      1.50938
     0.850000      1.50936
     0.851000      1.50935
     0.852000      1.50933
     0.853000      1.50931
     0.854000      1.50929
     0.855000      1.50927
     0.856000      1.50926
     0.857000      1.50924
     0.858000      1.50922
     0.859000      1.50920
     0.860000      1.50919
     0.861000      1.50917
     0.862000      1.50915
     0.863000      1.50913
     0.864000      1.50912
     0.865000      1.50910
     0.866000      1.50908
     0.867000      1.50907
     0.868000      1.50905
     0.869000      1.50903
     0.870000      1.50901
     0.871000      1.50900
     0.872000      1.50898
     0.873000      1.50896
     0.874000      1.50895
     0.875000      1.50893
     0.876000      1.50891
     0.877000      1.50890
     0.878000      1.50888
     0.879000      1.50886
     0.880000      1.50884
     0.881000      1.50883
     0.882000      1.50881
     0.883000      1.50879
     0.884000      1.50878
     0.885000      1.50876
     0.886000      1.50874
     0.887000      1.50873
     0.888000      1.50871
     0.889000      1.50869
     0.890000      1.50868
     0.891000      1.50866
     0.892000      1.50865
     0.893000      1.50863
     0.894000      1.50861
     0.895000      1.50860
     0.896000      1.50858
     0.897000      1.50856
     0.898000      1.50855
     0.899000      1.50853
     0.900000      1.50851
     0.901000      1.50850
     0.902000      1.50848
     0.903000      1.50847
     0.904000      1.50845
     0.905000      1.50843
     0.906000      1.50842
     0.907000      1.50840
     0.908000      1.50839
     0.909000      1.50837
     0.910000      1.50835
     0.911000      1.50834
     0.912000      1.50832
     0.913000      1.50831
     0.914000      1.50829
     0.915000      1.50827
     0.916000      1.50826
     0.917000      1.50824
     0.918000      1.50823
     0.919000      1.50821
     0.920000      1.50820
     0.921000      1.50818
     0.922000      1.50816
     0.923000      1.50815
     0.924000      1.50813
     0.925000      1.50812
     0.926000      1.50810
     0.927000      1.50809
     0.928000      1.50807
     0.929000      1.50805
     0.930000      1.50804
     0.931000      1.50802
     0.932000      1.50801
     0.933000      1.50799
     0.934000      1.50798
     0.935000      1.50796
     0.936000      1.50795
     0.937000      1.50793
     0.938000      1.50792
     0.939000      1.50790
     0.940000      1.50789
     0.941000      1.50787
     0.942000      1.50786
     0.943000      1.50784
     0.944000      1.50782
     0.945000      1.50781
     0.946000      1.50779
     0.947000      1.50778
     0.948000      1.50776
     0.949000      1.50775
     0.950000      1.50773
     0.951000      1.50772
     0.952000      1.50770
     0.953000      1.50769
     0.954000      1.50767
     0.955000      1.50766
     0.956000      1.50764
     0.957000      1.50763
     0.958000      1.50761
     0.959000      1.50760
     0.960000      1.50758
     0.961000      1.50757
     0.962000      1.50756
     0.963000      1.50754
     0.964000      1.50753
     0.965000      1.50751
     0.966000      1.50750
     0.967000      1.50748
     0.968000      1.50747
     0.969000      1.50745
     0.970000      1.50744
     0.971000      1.50742
     0.972000      1.50741
     0.973000      1.50739
     0.974000      1.50738
     0.975000      1.50736
     0.976000      1.50735
     0.977000      1.50734
     0.978000      1.50732
     0.979000      1.50731
     0.980000      1.50729
     0.981000      1.50728
     0.982000      1.50726
     0.983000      1.50725
     0.984000      1.50723
     0.985000      1.50722
     0.986000      1.50721
     0.987000      1.50719
     0.988000      1.50718
     0.989000      1.50716
     0.990000      1.50715
     0.991000      1.50713
     0.992000      1.50712
     0.993000      1.50710
     0.994000      1.50709
     0.995000      1.50708
     0.996000      1.50706
     0.997000      1.50705
     0.998000      1.50703
     0.999000      1.50702
      1.00000      1.50701
      1.00100      1.50699
      1.00200      1.50698
      1.00300      1.50696
      1.00400      1.50695
      1.00500      1.50693
      1.00600      1.50692
      1.00700      1.50691
      1.00800      1.50689
      1.00900      1.50688
      1.01000      1.50686
      1.01100      1.50685
      1.01200      1.50684
      1.01300      1.50682
      1.01400      1.50681
      1.01500      1.50679
      1.01600      1.50678
      1.01700      1.50677
      1.01800      1.50675
      1.01900      1.50674
      1.02000      1.50673
      1.02100      1.50671
      1.02200      1.50670
      1.02300      1.50668
      1.02400      1.50667
      1.02500      1.50666
      1.02600      1.50664
      1.02700      1.50663
      1.02800      1.50661
      1.02900      1.50660
      1.03000      1.50659
      1.03100      1.50657
      1.03200      1.50656
      1.03300      1.50655
      1.03400      1.50653
      1.03500      1.50652
      1.03600      1.50650
      1.03700      1.50649
      1.03800      1.50648
      1.03900      1.50646
      1.04000      1.50645
      1.04100      1.50644
      1.04200      1.50642
      1.04300      1.50641
      1.04400      1.50640
      1.04500      1.50638
      1.04600      1.50637
      1.04700      1.50636
      1.04800      1.50634
      1.04900      1.50633
      1.05000      1.50631
      1.05100      1.50630
      1.05200      1.50629
      1.05300      1.50627
      1.05400      1.50626
      1.05500      1.50625
      1.05600      1.50623
      1.05700      1.50622
      1.05800      1.50621
      1.05900      1.50619
      1.06000      1.50618
      1.06100      1.50617
      1.06200      1.50615
      1.06300      1.50614
      1.06400      1.50613
      1.06500      1.50611
      1.06600      1.50610
      1.06700      1.50609
      1.06800      1.50607
      1.06900      1.50606
      1.07000      1.50605
      1.07100      1.50603
      1.07200      1.50602
      1.07300      1.50601
      1.07400      1.50599
      1.07500      1.50598
      1.07600      1.50597
      1.07700      1.50595
      1.07800      1.50594
      1.07900      1.50593
      1.08000      1.50591
      1.08100      1.50590
      1.08200      1.50589
      1.08300      1.50587
      1.08400      1.50586
      1.08500      1.50585
      1.08600      1.50583
      1.08700      1.50582
      1.08800      1.50581
      1.08900      1.50580
      1.09000      1.50578
      1.09100      1.50577
      1.09200      1.50576
      1.09300      1.50574
      1.09400      1.50573
      1.09500      1.50572
      1.09600      1.50570
      1.09700      1.50569
      1.09800      1.50568
      1.09900      1.50566
      1.10000      1.50565
      1.10100      1.50564
      1.10200      1.50563
      1.10300      1.50561
      1.10400      1.50560
      1.10500      1.50559
      1.10600      1.50557
      1.10700      1.50556
      1.10800      1.50555
      1.10900      1.50553
      1.11000      1.50552
      1.11100      1.50551
      1.11200      1.50550
      1.11300      1.50548
      1.11400      1.50547
      1.11500      1.50546
      1.11600      1.50544
      1.11700      1.50543
      1.11800      1.50542
      1.11900      1.50541
      1.12000      1.50539
      1.12100      1.50538
      1.12200      1.50537
      1.12300      1.50535
      1.12400      1.50534
      1.12500      1.50533
      1.12600      1.50531
      1.12700      1.50530
      1.12800      1.50529
      1.12900      1.50528
      1.13000      1.50526
      1.13100      1.50525
      1.13200      1.50524
      1.13300      1.50523
      1.13400      1.50521
      1.13500      1.50520
      1.13600      1.50519
      1.13700      1.50517
      1.13800      1.50516
      1.13900      1.50515
      1.14000      1.50514
      1.14100      1.50512
      1.14200      1.50511
      1.14300      1.50510
      1.14400      1.50508
      1.14500      1.50507
      1.14600      1.50506
      1.14700      1.50505
      1.14800      1.50503
      1.14900      1.50502
      1.15000      1.50501
      1.15100      1.50500
      1.15200      1.50498
      1.15300      1.50497
      1.15400      1.50496
      1.15500      1.50494
      1.15600      1.50493
      1.15700      1.50492
      1.15800      1.50491
      1.15900      1.50489
      1.16000      1.50488
      1.16100      1.50487
      1.16200      1.50486
      1.16300      1.50484
      1.16400      1.50483
      1.16500      1.50482
      1.16600      1.50481
      1.16700      1.50479
      1.16800      1.50478
      1.16900      1.50477
      1.17000      1.50476
      1.17100      1.50474
      1.17200      1.50473
      1.17300      1.50472
      1.17400      1.50470
      1.17500      1.50469
      1.17600      1.50468
      1.17700      1.50467
      1.17800      1.50465
      1.17900      1.50464
      1.18000      1.50463
      1.18100      1.50462
      1.18200      1.50460
      1.18300      1.50459
      1.18400      1.50458
      1.18500      1.50457
      1.18600      1.50455
      1.18700      1.50454
      1.18800      1.50453
      1.18900      1.50452
      1.19000      1.50450
      1.19100      1.50449
      1.19200      1.50448
      1.19300      1.50447
      1.19400      1.50445
      1.19500      1.50444
      1.19600      1.50443
      1.19700      1.50442
      1.19800      1.50440
      1.19900      1.50439
      1.20000      1.50438
      1.20100      1.50437
      1.20200      1.50435
      1.20300      1.50434
      1.20400      1.50433
      1.20500      1.50432
      1.20600      1.50430
      1.20700      1.50429
      1.20800      1.50428
      1.20900      1.50427
      1.21000      1.50425
      1.21100      1.50424
      1.21200      1.50423
      1.21300      1.50422
      1.21400      1.50420
      1.21500      1.50419
      1.21600      1.50418
      1.21700      1.50417
      1.21800      1.50415
      1.21900      1.50414
      1.22000      1.50413
      1.22100      1.50412
      1.22200      1.50410
      1.22300      1.50409
      1.22400      1.50408
      1.22500      1.50407
      1.22600      1.50405
      1.22700      1.50404
      1.22800      1.50403
      1.22900      1.50402
      1.23000      1.50400
      1.23100      1.50399
      1.23200      1.50398
      1.23300      1.50397
      1.23400      1.50395
      1.23500      1.50394
      1.23600      1.50393
      1.23700      1.50392
      1.23800      1.50390
      1.23900      1.50389
      1.24000      1.50388
      1.24100      1.50387
      1.24200      1.50385
      1.24300      1.50384
      1.24400      1.50383
      1.24500      1.50382
      1.24600      1.50381
      1.24700      1.50379
      1.24800      1.50378
      1.24900      1.50377
      1.25000      1.50376
      1.25100      1.50374
      1.25200      1.50373
      1.25300      1.50372
      1.25400      1.50371
      1.25500      1.50369
      1.25600      1.50368
      1.25700      1.50367
      1.25800      1.50366
      1.25900      1.50364
      1.26000      1.50363
      1.26100      1.50362
      1.26200      1.50361
      1.26300      1.50359
      1.26400      1.50358
      1.26500      1.50357
      1.26600      1.50356
      1.26700      1.50355
      1.26800      1.50353
      1.26900      1.50352
      1.27000      1.50351
      1.27100      1.50350
      1.27200      1.50348
      1.27300      1.50347
      1.27400      1.50346
      1.27500      1.50345
      1.27600      1.50343
      1.27700      1.50342
      1.27800      1.50341
      1.27900      1.50340
      1.28000      1.50338
      1.28100      1.50337
      1.28200      1.50336
      1.28300      1.50335
      1.28400      1.50334
      1.28500      1.50332
      1.28600      1.50331
      1.28700      1.50330
      1.28800      1.50329
      1.28900      1.50327
      1.29000      1.50326
      1.29100      1.50325
      1.29200      1.50324
      1.29300      1.50322
      1.29400      1.50321
      1.29500      1.50320
      1.29600      1.50319
      1.29700      1.50317
      1.29800      1.50316
      1.29900      1.50315
      1.30000      1.50314
      1.30100      1.50313
      1.30200      1.50311
      1.30300      1.50310
      1.30400      1.50309
      1.30500      1.50308
      1.30600      1.50306
      1.30700      1.50305
      1.30800      1.50304
      1.30900      1.50303
      1.31000      1.50301
      1.31100      1.50300
      1.31200      1.50299
      1.31300      1.50298
      1.31400      1.50296
      1.31500      1.50295
      1.31600      1.50294
      1.31700      1.50293
      1.31800      1.50291
      1.31900      1.50290
      1.32000      1.50289
      1.32100      1.50288
      1.32200      1.50287
      1.32300      1.50285
      1.32400      1.50284
      1.32500      1.50283
      1.32600      1.50282
      1.32700      1.50280
      1.32800      1.50279
      1.32900      1.50278
      1.33000      1.50277
      1.33100      1.50275
      1.33200      1.50274
      1.33300      1.50273
      1.33400      1.50272
      1.33500      1.50270
      1.33600      1.50269
      1.33700      1.50268
      1.33800      1.50267
      1.33900      1.50266
      1.34000      1.50264
      1.34100      1.50263
      1.34200      1.50262
      1.34300      1.50261
      1.34400      1.50259
      1.34500      1.50258
      1.34600      1.50257
      1.34700      1.50256
      1.34800      1.50254
      1.34900      1.50253
      1.35000      1.50252
      1.35100      1.50251
      1.35200      1.50249
      1.35300      1.50248
      1.35400      1.50247
      1.35500      1.50246
      1.35600      1.50244
      1.35700      1.50243
      1.35800      1.50242
      1.35900      1.50241
      1.36000      1.50240
      1.36100      1.50238
      1.36200      1.50237
      1.36300      1.50236
      1.36400      1.50235
      1.36500      1.50233
      1.36600      1.50232
      1.36700      1.50231
      1.36800      1.50230
      1.36900      1.50228
      1.37000      1.50227
      1.37100      1.50226
      1.37200      1.50225
      1.37300      1.50223
      1.37400      1.50222
      1.37500      1.50221
      1.37600      1.50220
      1.37700      1.50218
      1.37800      1.50217
      1.37900      1.50216
      1.38000      1.50215
      1.38100      1.50213
      1.38200      1.50212
      1.38300      1.50211
      1.38400      1.50210
      1.38500      1.50208
      1.38600      1.50207
      1.38700      1.50206
      1.38800      1.50205
      1.38900      1.50203
      1.39000      1.50202
      1.39100      1.50201
      1.39200      1.50200
      1.39300      1.50198
      1.39400      1.50197
      1.39500      1.50196
      1.39600      1.50195
      1.39700      1.50194
      1.39800      1.50192
      1.39900      1.50191
      1.40000      1.50190
      1.40100      1.50189
      1.40200      1.50187
      1.40300      1.50186
      1.40400      1.50185
      1.40500      1.50184
      1.40600      1.50182
      1.40700      1.50181
      1.40800      1.50180
      1.40900      1.50179
      1.41000      1.50177
      1.41100      1.50176
      1.41200      1.50175
      1.41300      1.50174
      1.41400      1.50172
      1.41500      1.50171
      1.41600      1.50170
      1.41700      1.50169
      1.41800      1.50167
      1.41900      1.50166
      1.42000      1.50165
      1.42100      1.50164
      1.42200      1.50162
      1.42300      1.50161
      1.42400      1.50160
      1.42500      1.50159
      1.42600      1.50157
      1.42700      1.50156
      1.42800      1.50155
      1.42900      1.50153
      1.43000      1.50152
      1.43100      1.50151
      1.43200      1.50150
      1.43300      1.50148
      1.43400      1.50147
      1.43500      1.50146
      1.43600      1.50145
      1.43700      1.50143
      1.43800      1.50142
      1.43900      1.50141
      1.44000      1.50140
      1.44100      1.50138
      1.44200      1.50137
      1.44300      1.50136
      1.44400      1.50135
      1.44500      1.50133
      1.44600      1.50132
      1.44700      1.50131
      1.44800      1.50130
      1.44900      1.50128
      1.45000      1.50127
      1.45100      1.50126
      1.45200      1.50125
      1.45300      1.50123
      1.45400      1.50122
      1.45500      1.50121
      1.45600      1.50120
      1.45700      1.50118
      1.45800      1.50117
      1.45900      1.50116
      1.46000      1.50114
      1.46100      1.50113
      1.46200      1.50112
      1.46300      1.50111
      1.46400      1.50109
      1.46500      1.50108
      1.46600      1.50107
      1.46700      1.50106
      1.46800      1.50104
      1.46900      1.50103
      1.47000      1.50102
      1.47100      1.50101
      1.47200      1.50099
      1.47300      1.50098
      1.47400      1.50097
      1.47500      1.50095
      1.47600      1.50094
      1.47700      1.50093
      1.47800      1.50092
      1.47900      1.50090
      1.48000      1.50089
      1.48100      1.50088
      1.48200      1.50087
      1.48300      1.50085
      1.48400      1.50084
      1.48500      1.50083
      1.48600      1.50082
      1.48700      1.50080
      1.48800      1.50079
      1.48900      1.50078
      1.49000      1.50076
      1.49100      1.50075
      1.49200      1.50074
      1.49300      1.50073
      1.49400      1.50071
      1.49500      1.50070
      1.49600      1.50069
      1.49700      1.50067
      1.49800      1.50066
      1.49900      1.50065
      1.50000      1.50064
      1.50100      1.50062
      1.50200      1.50061
      1.50300      1.50060
      1.50400      1.50059
      1.50500      1.50057
      1.50600      1.50056
      1.50700      1.50055
      1.50800      1.50053
      1.50900      1.50052
      1.51000      1.50051
      1.51100      1.50050
      1.51200      1.50048
      1.51300      1.50047
      1.51400      1.50046
      1.51500      1.50044
      1.51600      1.50043
      1.51700      1.50042
      1.51800      1.50041
      1.51900      1.50039
      1.52000      1.50038
      1.52100      1.50037
      1.52200      1.50035
      1.52300      1.50034
      1.52400      1.50033
      1.52500      1.50032
      1.52600      1.50030
      1.52700      1.50029
      1.52800      1.50028
      1.52900      1.50026
      1.53000      1.50025
