     0.200000      1.75105
     0.201000      1.74881
     0.202000      1.74662
     0.203000      1.74448
     0.204000      1.74239
     0.205000      1.74034
     0.206000      1.73834
     0.207000      1.73638
     0.208000      1.73446
     0.209000      1.73258
     0.210000      1.73075
     0.211000      1.72895
     0.212000      1.72718
     0.213000      1.72546
     0.214000      1.72376
     0.215000      1.72211
     0.216000      1.72048
     0.217000      1.71889
     0.218000      1.71733
     0.219000      1.71579
     0.220000      1.71429
     0.221000      1.71282
     0.222000      1.71137
     0.223000      1.70996
     0.224000      1.70856
     0.225000      1.70720
     0.226000      1.70586
     0.227000      1.70454
     0.228000      1.70325
     0.229000      1.70198
     0.230000      1.70073
     0.231000      1.69951
     0.232000      1.69830
     0.233000      1.69712
     0.234000      1.69596
     0.235000      1.69482
     0.236000      1.69370
     0.237000      1.69260
     0.238000      1.69151
     0.239000      1.69045
     0.240000      1.68940
     0.241000      1.68837
     0.242000      1.68735
     0.243000      1.68636
     0.244000      1.68537
     0.245000      1.68441
     0.246000      1.68346
     0.247000      1.68253
     0.248000      1.68161
     0.249000      1.68070
     0.250000      1.67981
     0.251000      1.67893
     0.252000      1.67807
     0.253000      1.67722
     0.254000      1.67638
     0.255000      1.67555
     0.256000      1.67474
     0.257000      1.67394
     0.258000      1.67315
     0.259000      1.67238
     0.260000      1.67161
     0.261000      1.67086
     0.262000      1.67011
     0.263000      1.66938
     0.264000      1.66866
     0.265000      1.66795
     0.266000      1.66724
     0.267000      1.66655
     0.268000      1.66587
     0.269000      1.66520
     0.270000      1.66454
     0.271000      1.66388
     0.272000      1.66324
     0.273000      1.66260
     0.274000      1.66197
     0.275000      1.66135
     0.276000      1.66074
     0.277000      1.66014
     0.278000      1.65955
     0.279000      1.65896
     0.280000      1.65838
     0.281000      1.65781
     0.282000      1.65725
     0.283000      1.65669
     0.284000      1.65614
     0.285000      1.65560
     0.286000      1.65506
     0.287000      1.65454
     0.288000      1.65401
     0.289000      1.65350
     0.290000      1.65299
     0.291000      1.65249
     0.292000      1.65199
     0.293000      1.65150
     0.294000      1.65102
     0.295000      1.65054
     0.296000      1.65007
     0.297000      1.64960
     0.298000      1.64914
     0.299000      1.64868
     0.300000      1.64823
     0.301000      1.64779
     0.302000      1.64735
     0.303000      1.64692
     0.304000      1.64649
     0.305000      1.64606
     0.306000      1.64564
     0.307000      1.64523
     0.308000      1.64482
     0.309000      1.64442
     0.310000      1.64402
     0.311000      1.64362
     0.312000      1.64323
     0.313000      1.64284
     0.314000      1.64246
     0.315000      1.64208
     0.316000      1.64171
     0.317000      1.64134
     0.318000      1.64097
     0.319000      1.64061
     0.320000      1.64025
     0.321000      1.63990
     0.322000      1.63955
     0.323000      1.63920
     0.324000      1.63886
     0.325000      1.63852
     0.326000      1.63819
     0.327000      1.63786
     0.328000      1.63753
     0.329000      1.63720
     0.330000      1.63688
     0.331000      1.63656
     0.332000      1.63625
     0.333000      1.63594
     0.334000      1.63563
     0.335000      1.63533
     0.336000      1.63502
     0.337000      1.63473
     0.338000      1.63443
     0.339000      1.63414
     0.340000      1.63385
     0.341000      1.63356
     0.342000      1.63328
     0.343000      1.63300
     0.344000      1.63272
     0.345000      1.63244
     0.346000      1.63217
     0.347000      1.63190
     0.348000      1.63163
     0.349000      1.63137
     0.350000      1.63110
     0.351000      1.63084
     0.352000      1.63059
     0.353000      1.63033
     0.354000      1.63008
     0.355000      1.62983
     0.356000      1.62958
     0.357000      1.62934
     0.358000      1.62909
     0.359000      1.62885
     0.360000      1.62861
     0.361000      1.62838
     0.362000      1.62814
     0.363000      1.62791
     0.364000      1.62768
     0.365000      1.62745
     0.366000      1.62723
     0.367000      1.62701
     0.368000      1.62678
     0.369000      1.62657
     0.370000      1.62635
     0.371000      1.62613
     0.372000      1.62592
     0.373000      1.62571
     0.374000      1.62550
     0.375000      1.62529
     0.376000      1.62508
     0.377000      1.62488
     0.378000      1.62468
     0.379000      1.62448
     0.380000      1.62428
     0.381000      1.62408
     0.382000      1.62388
     0.383000      1.62369
     0.384000      1.62350
     0.385000      1.62331
     0.386000      1.62312
     0.387000      1.62293
     0.388000      1.62275
     0.389000      1.62256
     0.390000      1.62238
     0.391000      1.62220
     0.392000      1.62202
     0.393000      1.62184
     0.394000      1.62166
     0.395000      1.62149
     0.396000      1.62132
     0.397000      1.62114
     0.398000      1.62097
     0.399000      1.62080
     0.400000      1.62063
     0.401000      1.62047
     0.402000      1.62030
     0.403000      1.62014
     0.404000      1.61998
     0.405000      1.61981
     0.406000      1.61965
     0.407000      1.61950
     0.408000      1.61934
     0.409000      1.61918
     0.410000      1.61903
     0.411000      1.61887
     0.412000      1.61872
     0.413000      1.61857
     0.414000      1.61842
     0.415000      1.61827
     0.416000      1.61812
     0.417000      1.61798
     0.418000      1.61783
     0.419000      1.61768
     0.420000      1.61754
     0.421000      1.61740
     0.422000      1.61726
     0.423000      1.61712
     0.424000      1.61698
     0.425000      1.61684
     0.426000      1.61670
     0.427000      1.61657
     0.428000      1.61643
     0.429000      1.61630
     0.430000      1.61617
     0.431000      1.61603
     0.432000      1.61590
     0.433000      1.61577
     0.434000      1.61564
     0.435000      1.61552
     0.436000      1.61539
     0.437000      1.61526
     0.438000      1.61514
     0.439000      1.61501
     0.440000      1.61489
     0.441000      1.61477
     0.442000      1.61464
     0.443000      1.61452
     0.444000      1.61440
     0.445000      1.61428
     0.446000      1.61417
     0.447000      1.61405
     0.448000      1.61393
     0.449000      1.61382
     0.450000      1.61370
     0.451000      1.61359
     0.452000      1.61347
     0.453000      1.61336
     0.454000      1.61325
     0.455000      1.61314
     0.456000      1.61303
     0.457000      1.61292
     0.458000      1.61281
     0.459000      1.61270
     0.460000      1.61259
     0.461000      1.61249
     0.462000      1.61238
     0.463000      1.61227
     0.464000      1.61217
     0.465000      1.61207
     0.466000      1.61196
     0.467000      1.61186
     0.468000      1.61176
     0.469000      1.61166
     0.470000      1.61156
     0.471000      1.61146
     0.472000      1.61136
     0.473000      1.61126
     0.474000      1.61116
     0.475000      1.61106
     0.476000      1.61097
     0.477000      1.61087
     0.478000      1.61078
     0.479000      1.61068
     0.480000      1.61059
     0.481000      1.61049
     0.482000      1.61040
     0.483000      1.61031
     0.484000      1.61022
     0.485000      1.61013
     0.486000      1.61004
     0.487000      1.60995
     0.488000      1.60986
     0.489000      1.60977
     0.490000      1.60968
     0.491000      1.60959
     0.492000      1.60950
     0.493000      1.60942
     0.494000      1.60933
     0.495000      1.60925
     0.496000      1.60916
     0.497000      1.60908
     0.498000      1.60899
     0.499000      1.60891
     0.500000      1.60883
     0.501000      1.60874
     0.502000      1.60866
     0.503000      1.60858
     0.504000      1.60850
     0.505000      1.60842
     0.506000      1.60834
     0.507000      1.60826
     0.508000      1.60818
     0.509000      1.60810
     0.510000      1.60802
     0.511000      1.60795
     0.512000      1.60787
     0.513000      1.60779
     0.514000      1.60772
     0.515000      1.60764
     0.516000      1.60756
     0.517000      1.60749
     0.518000      1.60741
     0.519000      1.60734
     0.520000      1.60727
     0.521000      1.60719
     0.522000      1.60712
     0.523000      1.60705
     0.524000      1.60698
     0.525000      1.60690
     0.526000      1.60683
     0.527000      1.60676
     0.528000      1.60669
     0.529000      1.60662
     0.530000      1.60655
     0.531000      1.60648
     0.532000      1.60641
     0.533000      1.60635
     0.534000      1.60628
     0.535000      1.60621
     0.536000      1.60614
     0.537000      1.60608
     0.538000      1.60601
     0.539000      1.60594
     0.540000      1.60588
     0.541000      1.60581
     0.542000      1.60575
     0.543000      1.60568
     0.544000      1.60562
     0.545000      1.60555
     0.546000      1.60549
     0.547000      1.60543
     0.548000      1.60536
     0.549000      1.60530
     0.550000      1.60524
     0.551000      1.60518
     0.552000      1.60511
     0.553000      1.60505
     0.554000      1.60499
     0.555000      1.60493
     0.556000      1.60487
     0.557000      1.60481
     0.558000      1.60475
     0.559000      1.60469
     0.560000      1.60463
     0.561000      1.60457
     0.562000      1.60451
     0.563000      1.60445
     0.564000      1.60440
     0.565000      1.60434
     0.566000      1.60428
     0.567000      1.60422
     0.568000      1.60417
     0.569000      1.60411
     0.570000      1.60406
     0.571000      1.60400
     0.572000      1.60394
     0.573000      1.60389
     0.574000      1.60383
     0.575000      1.60378
     0.576000      1.60372
     0.577000      1.60367
     0.578000      1.60362
     0.579000      1.60356
     0.580000      1.60351
     0.581000      1.60345
     0.582000      1.60340
     0.583000      1.60335
     0.584000      1.60330
     0.585000      1.60324
     0.586000      1.60319
     0.587000      1.60314
     0.588000      1.60309
     0.589000      1.60304
     0.590000      1.60299
     0.591000      1.60294
     0.592000      1.60289
     0.593000      1.60284
     0.594000      1.60279
     0.595000      1.60274
     0.596000      1.60269
     0.597000      1.60264
     0.598000      1.60259
     0.599000      1.60254
     0.600000      1.60249
     0.601000      1.60244
     0.602000      1.60239
     0.603000      1.60235
     0.604000      1.60230
     0.605000      1.60225
     0.606000      1.60220
     0.607000      1.60216
     0.608000      1.60211
     0.609000      1.60206
     0.610000      1.60202
     0.611000      1.60197
     0.612000      1.60192
     0.613000      1.60188
     0.614000      1.60183
     0.615000      1.60179
     0.616000      1.60174
     0.617000      1.60170
     0.618000      1.60165
     0.619000      1.60161
     0.620000      1.60156
     0.621000      1.60152
     0.622000      1.60148
     0.623000      1.60143
     0.624000      1.60139
     0.625000      1.60135
     0.626000      1.60130
     0.627000      1.60126
     0.628000      1.60122
     0.629000      1.60117
     0.630000      1.60113
     0.631000      1.60109
     0.632000      1.60105
     0.633000      1.60101
     0.634000      1.60096
     0.635000      1.60092
     0.636000      1.60088
     0.637000      1.60084
     0.638000      1.60080
     0.639000      1.60076
     0.640000      1.60072
     0.641000      1.60068
     0.642000      1.60064
     0.643000      1.60060
     0.644000      1.60056
     0.645000      1.60052
     0.646000      1.60048
     0.647000      1.60044
     0.648000      1.60040
     0.649000      1.60036
     0.650000      1.60032
     0.651000      1.60028
     0.652000      1.60024
     0.653000      1.60020
     0.654000      1.60017
     0.655000      1.60013
     0.656000      1.60009
     0.657000      1.60005
     0.658000      1.60001
     0.659000      1.59998
     0.660000      1.59994
     0.661000      1.59990
     0.662000      1.59986
     0.663000      1.59983
     0.664000      1.59979
     0.665000      1.59975
     0.666000      1.59972
     0.667000      1.59968
     0.668000      1.59964
     0.669000      1.59961
     0.670000      1.59957
     0.671000      1.59954
     0.672000      1.59950
     0.673000      1.59946
     0.674000      1.59943
     0.675000      1.59939
     0.676000      1.59936
     0.677000      1.59932
     0.678000      1.59929
     0.679000      1.59925
     0.680000      1.59922
     0.681000      1.59918
     0.682000      1.59915
     0.683000      1.59912
     0.684000      1.59908
     0.685000      1.59905
     0.686000      1.59901
     0.687000      1.59898
     0.688000      1.59895
     0.689000      1.59891
     0.690000      1.59888
     0.691000      1.59885
     0.692000      1.59881
     0.693000      1.59878
     0.694000      1.59875
     0.695000      1.59871
     0.696000      1.59868
     0.697000      1.59865
     0.698000      1.59862
     0.699000      1.59858
     0.700000      1.59855
     0.701000      1.59852
     0.702000      1.59849
     0.703000      1.59846
     0.704000      1.59843
     0.705000      1.59839
     0.706000      1.59836
     0.707000      1.59833
     0.708000      1.59830
     0.709000      1.59827
     0.710000      1.59824
     0.711000      1.59821
     0.712000      1.59818
     0.713000      1.59814
     0.714000      1.59811
     0.715000      1.59808
     0.716000      1.59805
     0.717000      1.59802
     0.718000      1.59799
     0.719000      1.59796
     0.720000      1.59793
     0.721000      1.59790
     0.722000      1.59787
     0.723000      1.59784
     0.724000      1.59781
     0.725000      1.59778
     0.726000      1.59775
     0.727000      1.59773
     0.728000      1.59770
     0.729000      1.59767
     0.730000      1.59764
     0.731000      1.59761
     0.732000      1.59758
     0.733000      1.59755
     0.734000      1.59752
     0.735000      1.59749
     0.736000      1.59747
     0.737000      1.59744
     0.738000      1.59741
     0.739000      1.59738
     0.740000      1.59735
     0.741000      1.59733
     0.742000      1.59730
     0.743000      1.59727
     0.744000      1.59724
     0.745000      1.59721
     0.746000      1.59719
     0.747000      1.59716
     0.748000      1.59713
     0.749000      1.59710
     0.750000      1.59708
     0.751000      1.59705
     0.752000      1.59702
     0.753000      1.59700
     0.754000      1.59697
     0.755000      1.59694
     0.756000      1.59692
     0.757000      1.59689
     0.758000      1.59686
     0.759000      1.59684
     0.760000      1.59681
     0.761000      1.59678
     0.762000      1.59676
     0.763000      1.59673
     0.764000      1.59671
     0.765000      1.59668
     0.766000      1.59665
     0.767000      1.59663
     0.768000      1.59660
     0.769000      1.59658
     0.770000      1.59655
     0.771000      1.59652
     0.772000      1.59650
     0.773000      1.59647
     0.774000      1.59645
     0.775000      1.59642
     0.776000      1.59640
     0.777000      1.59637
     0.778000      1.59635
     0.779000      1.59632
     0.780000      1.59630
     0.781000      1.59627
     0.782000      1.59625
     0.783000      1.59622
     0.784000      1.59620
     0.785000      1.59618
     0.786000      1.59615
     0.787000      1.59613
     0.788000      1.59610
     0.789000      1.59608
     0.790000      1.59605
     0.791000      1.59603
     0.792000      1.59601
     0.793000      1.59598
     0.794000      1.59596
     0.795000      1.59593
     0.796000      1.59591
     0.797000      1.59589
     0.798000      1.59586
     0.799000      1.59584
     0.800000      1.59582
     0.801000      1.59579
     0.802000      1.59577
     0.803000      1.59575
     0.804000      1.59572
     0.805000      1.59570
     0.806000      1.59568
     0.807000      1.59565
     0.808000      1.59563
     0.809000      1.59561
     0.810000      1.59558
     0.811000      1.59556
     0.812000      1.59554
     0.813000      1.59552
     0.814000      1.59549
     0.815000      1.59547
     0.816000      1.59545
     0.817000      1.59543
     0.818000      1.59540
     0.819000      1.59538
     0.820000      1.59536
     0.821000      1.59534
     0.822000      1.59531
     0.823000      1.59529
     0.824000      1.59527
     0.825000      1.59525
     0.826000      1.59523
     0.827000      1.59520
     0.828000      1.59518
     0.829000      1.59516
     0.830000      1.59514
     0.831000      1.59512
     0.832000      1.59510
     0.833000      1.59507
     0.834000      1.59505
     0.835000      1.59503
     0.836000      1.59501
     0.837000      1.59499
     0.838000      1.59497
     0.839000      1.59495
     0.840000      1.59492
     0.841000      1.59490
     0.842000      1.59488
     0.843000      1.59486
     0.844000      1.59484
     0.845000      1.59482
     0.846000      1.59480
     0.847000      1.59478
     0.848000      1.59476
     0.849000      1.59474
     0.850000      1.59471
     0.851000      1.59469
     0.852000      1.59467
     0.853000      1.59465
     0.854000      1.59463
     0.855000      1.59461
     0.856000      1.59459
     0.857000      1.59457
     0.858000      1.59455
     0.859000      1.59453
     0.860000      1.59451
     0.861000      1.59449
     0.862000      1.59447
     0.863000      1.59445
     0.864000      1.59443
     0.865000      1.59441
     0.866000      1.59439
     0.867000      1.59437
     0.868000      1.59435
     0.869000      1.59433
     0.870000      1.59431
     0.871000      1.59429
     0.872000      1.59427
     0.873000      1.59425
     0.874000      1.59423
     0.875000      1.59421
     0.876000      1.59419
     0.877000      1.59417
     0.878000      1.59415
     0.879000      1.59413
     0.880000      1.59411
     0.881000      1.59409
     0.882000      1.59407
     0.883000      1.59406
     0.884000      1.59404
     0.885000      1.59402
     0.886000      1.59400
     0.887000      1.59398
     0.888000      1.59396
     0.889000      1.59394
     0.890000      1.59392
     0.891000      1.59390
     0.892000      1.59388
     0.893000      1.59386
     0.894000      1.59385
     0.895000      1.59383
     0.896000      1.59381
     0.897000      1.59379
     0.898000      1.59377
     0.899000      1.59375
     0.900000      1.59373
     0.901000      1.59371
     0.902000      1.59370
     0.903000      1.59368
     0.904000      1.59366
     0.905000      1.59364
     0.906000      1.59362
     0.907000      1.59360
     0.908000      1.59359
     0.909000      1.59357
     0.910000      1.59355
     0.911000      1.59353
     0.912000      1.59351
     0.913000      1.59349
     0.914000      1.59348
     0.915000      1.59346
     0.916000      1.59344
     0.917000      1.59342
     0.918000      1.59340
     0.919000      1.59339
     0.920000      1.59337
     0.921000      1.59335
     0.922000      1.59333
     0.923000      1.59331
     0.924000      1.59330
     0.925000      1.59328
     0.926000      1.59326
     0.927000      1.59324
     0.928000      1.59323
     0.929000      1.59321
     0.930000      1.59319
     0.931000      1.59317
     0.932000      1.59315
     0.933000      1.59314
     0.934000      1.59312
     0.935000      1.59310
     0.936000      1.59308
     0.937000      1.59307
     0.938000      1.59305
     0.939000      1.59303
     0.940000      1.59302
     0.941000      1.59300
     0.942000      1.59298
     0.943000      1.59296
     0.944000      1.59295
     0.945000      1.59293
     0.946000      1.59291
     0.947000      1.59289
     0.948000      1.59288
     0.949000      1.59286
     0.950000      1.59284
     0.951000      1.59283
     0.952000      1.59281
     0.953000      1.59279
     0.954000      1.59278
     0.955000      1.59276
     0.956000      1.59274
     0.957000      1.59272
     0.958000      1.59271
     0.959000      1.59269
     0.960000      1.59267
     0.961000      1.59266
     0.962000      1.59264
     0.963000      1.59262
     0.964000      1.59261
     0.965000      1.59259
     0.966000      1.59257
     0.967000      1.59256
     0.968000      1.59254
     0.969000      1.59252
     0.970000      1.59251
     0.971000      1.59249
     0.972000      1.59248
     0.973000      1.59246
     0.974000      1.59244
     0.975000      1.59243
     0.976000      1.59241
     0.977000      1.59239
     0.978000      1.59238
     0.979000      1.59236
     0.980000      1.59234
     0.981000      1.59233
     0.982000      1.59231
     0.983000      1.59230
     0.984000      1.59228
     0.985000      1.59226
     0.986000      1.59225
     0.987000      1.59223
     0.988000      1.59221
     0.989000      1.59220
     0.990000      1.59218
     0.991000      1.59217
     0.992000      1.59215
     0.993000      1.59213
     0.994000      1.59212
     0.995000      1.59210
     0.996000      1.59209
     0.997000      1.59207
     0.998000      1.59206
     0.999000      1.59204
      1.00000      1.59202
      1.00100      1.59201
      1.00200      1.59199
      1.00300      1.59198
      1.00400      1.59196
      1.00500      1.59194
      1.00600      1.59193
      1.00700      1.59191
      1.00800      1.59190
      1.00900      1.59188
      1.01000      1.59187
      1.01100      1.59185
      1.01200      1.59184
      1.01300      1.59182
      1.01400      1.59180
      1.01500      1.59179
      1.01600      1.59177
      1.01700      1.59176
      1.01800      1.59174
      1.01900      1.59173
      1.02000      1.59171
      1.02100      1.59170
      1.02200      1.59168
      1.02300      1.59167
      1.02400      1.59165
      1.02500      1.59163
      1.02600      1.59162
      1.02700      1.59160
      1.02800      1.59159
      1.02900      1.59157
      1.03000      1.59156
      1.03100      1.59154
      1.03200      1.59153
      1.03300      1.59151
      1.03400      1.59150
      1.03500      1.59148
      1.03600      1.59147
      1.03700      1.59145
      1.03800      1.59144
      1.03900      1.59142
      1.04000      1.59141
      1.04100      1.59139
      1.04200      1.59138
      1.04300      1.59136
      1.04400      1.59135
      1.04500      1.59133
      1.04600      1.59132
      1.04700      1.59130
      1.04800      1.59129
      1.04900      1.59127
      1.05000      1.59126
      1.05100      1.59124
      1.05200      1.59123
      1.05300      1.59121
      1.05400      1.59120
      1.05500      1.59118
      1.05600      1.59117
      1.05700      1.59115
      1.05800      1.59114
      1.05900      1.59112
      1.06000      1.59111
      1.06100      1.59109
      1.06200      1.59108
      1.06300      1.59106
      1.06400      1.59105
      1.06500      1.59104
      1.06600      1.59102
      1.06700      1.59101
      1.06800      1.59099
      1.06900      1.59098
      1.07000      1.59096
      1.07100      1.59095
      1.07200      1.59093
      1.07300      1.59092
      1.07400      1.59090
      1.07500      1.59089
      1.07600      1.59087
      1.07700      1.59086
      1.07800      1.59085
      1.07900      1.59083
      1.08000      1.59082
      1.08100      1.59080
      1.08200      1.59079
      1.08300      1.59077
      1.08400      1.59076
      1.08500      1.59074
      1.08600      1.59073
      1.08700      1.59072
      1.08800      1.59070
      1.08900      1.59069
      1.09000      1.59067
      1.09100      1.59066
      1.09200      1.59064
      1.09300      1.59063
      1.09400      1.59062
      1.09500      1.59060
      1.09600      1.59059
      1.09700      1.59057
      1.09800      1.59056
      1.09900      1.59054
      1.10000      1.59053
      1.10100      1.59052
      1.10200      1.59050
      1.10300      1.59049
      1.10400      1.59047
      1.10500      1.59046
      1.10600      1.59045
      1.10700      1.59043
      1.10800      1.59042
      1.10900      1.59040
      1.11000      1.59039
      1.11100      1.59037
      1.11200      1.59036
      1.11300      1.59035
      1.11400      1.59033
      1.11500      1.59032
      1.11600      1.59030
      1.11700      1.59029
      1.11800      1.59028
      1.11900      1.59026
      1.12000      1.59025
      1.12100      1.59023
      1.12200      1.59022
      1.12300      1.59021
      1.12400      1.59019
      1.12500      1.59018
      1.12600      1.59016
      1.12700      1.59015
      1.12800      1.59014
      1.12900      1.59012
      1.13000      1.59011
      1.13100      1.59010
      1.13200      1.59008
      1.13300      1.59007
      1.13400      1.59005
      1.13500      1.59004
      1.13600      1.59003
      1.13700      1.59001
      1.13800      1.59000
      1.13900      1.58998
      1.14000      1.58997
      1.14100      1.58996
      1.14200      1.58994
      1.14300      1.58993
      1.14400      1.58992
      1.14500      1.58990
      1.14600      1.58989
      1.14700      1.58987
      1.14800      1.58986
      1.14900      1.58985
      1.15000      1.58983
      1.15100      1.58982
      1.15200      1.58981
      1.15300      1.58979
      1.15400      1.58978
      1.15500      1.58977
      1.15600      1.58975
      1.15700      1.58974
      1.15800      1.58972
      1.15900      1.58971
      1.16000      1.58970
      1.16100      1.58968
      1.16200      1.58967
      1.16300      1.58966
      1.16400      1.58964
      1.16500      1.58963
      1.16600      1.58962
      1.16700      1.58960
      1.16800      1.58959
      1.16900      1.58958
      1.17000      1.58956
      1.17100      1.58955
      1.17200      1.58953
      1.17300      1.58952
      1.17400      1.58951
      1.17500      1.58949
      1.17600      1.58948
      1.17700      1.58947
      1.17800      1.58945
      1.17900      1.58944
      1.18000      1.58943
      1.18100      1.58941
      1.18200      1.58940
      1.18300      1.58939
      1.18400      1.58937
      1.18500      1.58936
      1.18600      1.58935
      1.18700      1.58933
      1.18800      1.58932
      1.18900      1.58931
      1.19000      1.58929
      1.19100      1.58928
      1.19200      1.58927
      1.19300      1.58925
      1.19400      1.58924
      1.19500      1.58923
      1.19600      1.58921
      1.19700      1.58920
      1.19800      1.58919
      1.19900      1.58917
      1.20000      1.58916
      1.20100      1.58915
      1.20200      1.58913
      1.20300      1.58912
      1.20400      1.58911
      1.20500      1.58909
      1.20600      1.58908
      1.20700      1.58907
      1.20800      1.58905
      1.20900      1.58904
      1.21000      1.58903
      1.21100      1.58901
      1.21200      1.58900
      1.21300      1.58899
      1.21400      1.58897
      1.21500      1.58896
      1.21600      1.58895
      1.21700      1.58893
      1.21800      1.58892
      1.21900      1.58891
      1.22000      1.58889
      1.22100      1.58888
      1.22200      1.58887
      1.22300      1.58886
      1.22400      1.58884
      1.22500      1.58883
      1.22600      1.58882
      1.22700      1.58880
      1.22800      1.58879
      1.22900      1.58878
      1.23000      1.58876
      1.23100      1.58875
      1.23200      1.58874
      1.23300      1.58872
      1.23400      1.58871
      1.23500      1.58870
      1.23600      1.58868
      1.23700      1.58867
      1.23800      1.58866
      1.23900      1.58865
      1.24000      1.58863
      1.24100      1.58862
      1.24200      1.58861
      1.24300      1.58859
      1.24400      1.58858
      1.24500      1.58857
      1.24600      1.58855
      1.24700      1.58854
      1.24800      1.58853
      1.24900      1.58851
      1.25000      1.58850
      1.25100      1.58849
      1.25200      1.58848
      1.25300      1.58846
      1.25400      1.58845
      1.25500      1.58844
      1.25600      1.58842
      1.25700      1.58841
      1.25800      1.58840
      1.25900      1.58838
      1.26000      1.58837
      1.26100      1.58836
      1.26200      1.58835
      1.26300      1.58833
      1.26400      1.58832
      1.26500      1.58831
      1.26600      1.58829
      1.26700      1.58828
      1.26800      1.58827
      1.26900      1.58825
      1.27000      1.58824
      1.27100      1.58823
      1.27200      1.58822
      1.27300      1.58820
      1.27400      1.58819
      1.27500      1.58818
      1.27600      1.58816
      1.27700      1.58815
      1.27800      1.58814
      1.27900      1.58812
      1.28000      1.58811
      1.28100      1.58810
      1.28200      1.58809
      1.28300      1.58807
      1.28400      1.58806
      1.28500      1.58805
      1.28600      1.58803
      1.28700      1.58802
      1.28800      1.58801
      1.28900      1.58800
      1.29000      1.58798
      1.29100      1.58797
      1.29200      1.58796
      1.29300      1.58794
      1.29400      1.58793
      1.29500      1.58792
      1.29600      1.58791
      1.29700      1.58789
      1.29800      1.58788
      1.29900      1.58787
      1.30000      1.58785
      1.30100      1.58784
      1.30200      1.58783
      1.30300      1.58781
      1.30400      1.58780
      1.30500      1.58779
      1.30600      1.58778
      1.30700      1.58776
      1.30800      1.58775
      1.30900      1.58774
      1.31000      1.58772
      1.31100      1.58771
      1.31200      1.58770
      1.31300      1.58769
      1.31400      1.58767
      1.31500      1.58766
      1.31600      1.58765
      1.31700      1.58763
      1.31800      1.58762
      1.31900      1.58761
      1.32000      1.58760
      1.32100      1.58758
      1.32200      1.58757
      1.32300      1.58756
      1.32400      1.58754
      1.32500      1.58753
      1.32600      1.58752
      1.32700      1.58751
      1.32800      1.58749
      1.32900      1.58748
      1.33000      1.58747
      1.33100      1.58746
      1.33200      1.58744
      1.33300      1.58743
      1.33400      1.58742
      1.33500      1.58740
      1.33600      1.58739
      1.33700      1.58738
      1.33800      1.58737
      1.33900      1.58735
      1.34000      1.58734
      1.34100      1.58733
      1.34200      1.58731
      1.34300      1.58730
      1.34400      1.58729
      1.34500      1.58728
      1.34600      1.58726
      1.34700      1.58725
      1.34800      1.58724
      1.34900      1.58722
      1.35000      1.58721
      1.35100      1.58720
      1.35200      1.58719
      1.35300      1.58717
      1.35400      1.58716
      1.35500      1.58715
      1.35600      1.58714
      1.35700      1.58712
      1.35800      1.58711
      1.35900      1.58710
      1.36000      1.58708
      1.36100      1.58707
      1.36200      1.58706
      1.36300      1.58705
      1.36400      1.58703
      1.36500      1.58702
      1.36600      1.58701
      1.36700      1.58699
      1.36800      1.58698
      1.36900      1.58697
      1.37000      1.58696
      1.37100      1.58694
      1.37200      1.58693
      1.37300      1.58692
      1.37400      1.58690
      1.37500      1.58689
      1.37600      1.58688
      1.37700      1.58687
      1.37800      1.58685
      1.37900      1.58684
      1.38000      1.58683
      1.38100      1.58682
      1.38200      1.58680
      1.38300      1.58679
      1.38400      1.58678
      1.38500      1.58676
      1.38600      1.58675
      1.38700      1.58674
      1.38800      1.58673
      1.38900      1.58671
      1.39000      1.58670
      1.39100      1.58669
      1.39200      1.58667
      1.39300      1.58666
      1.39400      1.58665
      1.39500      1.58664
      1.39600      1.58662
      1.39700      1.58661
      1.39800      1.58660
      1.39900      1.58659
      1.40000      1.58657
      1.40100      1.58656
      1.40200      1.58655
      1.40300      1.58653
      1.40400      1.58652
      1.40500      1.58651
      1.40600      1.58650
      1.40700      1.58648
      1.40800      1.58647
      1.40900      1.58646
      1.41000      1.58644
      1.41100      1.58643
      1.41200      1.58642
      1.41300      1.58641
      1.41400      1.58639
      1.41500      1.58638
      1.41600      1.58637
      1.41700      1.58636
      1.41800      1.58634
      1.41900      1.58633
      1.42000      1.58632
      1.42100      1.58630
      1.42200      1.58629
      1.42300      1.58628
      1.42400      1.58627
      1.42500      1.58625
      1.42600      1.58624
      1.42700      1.58623
      1.42800      1.58621
      1.42900      1.58620
      1.43000      1.58619
      1.43100      1.58618
      1.43200      1.58616
      1.43300      1.58615
      1.43400      1.58614
      1.43500      1.58613
      1.43600      1.58611
      1.43700      1.58610
      1.43800      1.58609
      1.43900      1.58607
      1.44000      1.58606
      1.44100      1.58605
      1.44200      1.58604
      1.44300      1.58602
      1.44400      1.58601
      1.44500      1.58600
      1.44600      1.58598
      1.44700      1.58597
      1.44800      1.58596
      1.44900      1.58595
      1.45000      1.58593
      1.45100      1.58592
      1.45200      1.58591
      1.45300      1.58589
      1.45400      1.58588
      1.45500      1.58587
      1.45600      1.58586
      1.45700      1.58584
      1.45800      1.58583
      1.45900      1.58582
      1.46000      1.58580
      1.46100      1.58579
      1.46200      1.58578
      1.46300      1.58577
      1.46400      1.58575
      1.46500      1.58574
      1.46600      1.58573
      1.46700      1.58572
      1.46800      1.58570
      1.46900      1.58569
      1.47000      1.58568
      1.47100      1.58566
      1.47200      1.58565
      1.47300      1.58564
      1.47400      1.58563
      1.47500      1.58561
      1.47600      1.58560
      1.47700      1.58559
      1.47800      1.58557
      1.47900      1.58556
      1.48000      1.58555
      1.48100      1.58554
      1.48200      1.58552
      1.48300      1.58551
      1.48400      1.58550
      1.48500      1.58548
      1.48600      1.58547
      1.48700      1.58546
      1.48800      1.58545
      1.48900      1.58543
      1.49000      1.58542
      1.49100      1.58541
      1.49200      1.58539
      1.49300      1.58538
      1.49400      1.58537
      1.49500      1.58536
      1.49600      1.58534
      1.49700      1.58533
      1.49800      1.58532
      1.49900      1.58530
      1.50000      1.58529
      1.50100      1.58528
      1.50200      1.58526
      1.50300      1.58525
      1.50400      1.58524
      1.50500      1.58523
      1.50600      1.58521
      1.50700      1.58520
      1.50800      1.58519
      1.50900      1.58517
      1.51000      1.58516
      1.51100      1.58515
      1.51200      1.58514
      1.51300      1.58512
      1.51400      1.58511
      1.51500      1.58510
      1.51600      1.58508
      1.51700      1.58507
      1.51800      1.58506
      1.51900      1.58505
      1.52000      1.58503
      1.52100      1.58502
      1.52200      1.58501
      1.52300      1.58499
      1.52400      1.58498
      1.52500      1.58497
      1.52600      1.58495
      1.52700      1.58494
      1.52800      1.58493
      1.52900      1.58492
      1.53000      1.58490
