      0.00000     0.300000     0.238000     0.762000
      0.00000     0.320000     0.270000     0.730000
      0.00000     0.340000     0.284000     0.716000
      0.00000     0.360000     0.261000     0.739000
      0.00000     0.380000     0.309000     0.691000
      0.00000     0.400000     0.407000     0.593000
      0.00000     0.420000     0.501000     0.499000
      0.00000     0.440000     0.587000     0.413000
      0.00000     0.460000     0.656000     0.344000
      0.00000     0.480000     0.712000     0.288000
      0.00000     0.500000     0.770000     0.230000
      0.00000     0.520000     0.818000     0.182000
      0.00000     0.540000     0.851000     0.149000
      0.00000     0.560000     0.872000     0.128000
      0.00000     0.580000     0.900000     0.100000
      0.00000     0.600000     0.913000     0.087000
      0.00000     0.620000     0.932000     0.068000
      0.00000     0.640000     0.940000     0.060000
      0.00000     0.660000     0.936000     0.064000
      0.00000     0.680000     0.938000     0.062000
      0.00000     0.700000     0.934000     0.066000
      0.00000     0.720000     0.931000     0.069000
      0.00000     0.740000     0.927000     0.073000
      0.00000     0.760000     0.922000     0.078000
      0.00000     0.780000     0.913000     0.087000
      0.00000     0.800000     0.898000     0.102000
      0.00000     0.820000     0.895000     0.105000
      0.00000     0.840000     0.874000     0.126000
      0.00000     0.860000     0.868000     0.132000
      0.00000     0.880000     0.870442     0.129558
      0.00000     0.900000     0.840361     0.159639
      0.00000     0.920000     0.843628     0.156372
      0.00000     0.940000     0.810959     0.189041
      0.00000     0.960000     0.799380     0.200620
      0.00000     0.980000     0.809853     0.190147
      0.00000     1.000000     0.800000     0.200000
      0.00000     1.020000     0.759024     0.240976
      0.00000     1.040000     0.736981     0.263019
      0.00000     1.060000     0.712925     0.287075
      0.00000     1.080000     0.690000     0.310000
      0.00000     1.100000     0.670000     0.330000
