     0.200000      1.58816
     0.201000      1.58655
     0.202000      1.58499
     0.203000      1.58349
     0.204000      1.58203
     0.205000      1.58062
     0.206000      1.57925
     0.207000      1.57793
     0.208000      1.57664
     0.209000      1.57539
     0.210000      1.57418
     0.211000      1.57299
     0.212000      1.57184
     0.213000      1.57072
     0.214000      1.56963
     0.215000      1.56857
     0.216000      1.56753
     0.217000      1.56652
     0.218000      1.56553
     0.219000      1.56456
     0.220000      1.56362
     0.221000      1.56270
     0.222000      1.56180
     0.223000      1.56092
     0.224000      1.56006
     0.225000      1.55922
     0.226000      1.55839
     0.227000      1.55758
     0.228000      1.55679
     0.229000      1.55602
     0.230000      1.55526
     0.231000      1.55451
     0.232000      1.55378
     0.233000      1.55307
     0.234000      1.55237
     0.235000      1.55168
     0.236000      1.55100
     0.237000      1.55034
     0.238000      1.54969
     0.239000      1.54905
     0.240000      1.54842
     0.241000      1.54781
     0.242000      1.54720
     0.243000      1.54661
     0.244000      1.54602
     0.245000      1.54545
     0.246000      1.54488
     0.247000      1.54433
     0.248000      1.54378
     0.249000      1.54324
     0.250000      1.54271
     0.251000      1.54219
     0.252000      1.54168
     0.253000      1.54118
     0.254000      1.54068
     0.255000      1.54020
     0.256000      1.53972
     0.257000      1.53924
     0.258000      1.53878
     0.259000      1.53832
     0.260000      1.53787
     0.261000      1.53742
     0.262000      1.53698
     0.263000      1.53655
     0.264000      1.53613
     0.265000      1.53571
     0.266000      1.53529
     0.267000      1.53489
     0.268000      1.53448
     0.269000      1.53409
     0.270000      1.53370
     0.271000      1.53331
     0.272000      1.53293
     0.273000      1.53256
     0.274000      1.53219
     0.275000      1.53183
     0.276000      1.53147
     0.277000      1.53111
     0.278000      1.53076
     0.279000      1.53042
     0.280000      1.53008
     0.281000      1.52974
     0.282000      1.52941
     0.283000      1.52908
     0.284000      1.52876
     0.285000      1.52844
     0.286000      1.52812
     0.287000      1.52781
     0.288000      1.52750
     0.289000      1.52720
     0.290000      1.52690
     0.291000      1.52660
     0.292000      1.52631
     0.293000      1.52602
     0.294000      1.52574
     0.295000      1.52546
     0.296000      1.52518
     0.297000      1.52490
     0.298000      1.52463
     0.299000      1.52436
     0.300000      1.52410
     0.301000      1.52384
     0.302000      1.52358
     0.303000      1.52332
     0.304000      1.52307
     0.305000      1.52282
     0.306000      1.52257
     0.307000      1.52232
     0.308000      1.52208
     0.309000      1.52184
     0.310000      1.52161
     0.311000      1.52137
     0.312000      1.52114
     0.313000      1.52091
     0.314000      1.52069
     0.315000      1.52046
     0.316000      1.52024
     0.317000      1.52002
     0.318000      1.51981
     0.319000      1.51959
     0.320000      1.51938
     0.321000      1.51917
     0.322000      1.51896
     0.323000      1.51876
     0.324000      1.51856
     0.325000      1.51835
     0.326000      1.51816
     0.327000      1.51796
     0.328000      1.51776
     0.329000      1.51757
     0.330000      1.51738
     0.331000      1.51719
     0.332000      1.51701
     0.333000      1.51682
     0.334000      1.51664
     0.335000      1.51646
     0.336000      1.51628
     0.337000      1.51610
     0.338000      1.51592
     0.339000      1.51575
     0.340000      1.51558
     0.341000      1.51541
     0.342000      1.51524
     0.343000      1.51507
     0.344000      1.51490
     0.345000      1.51474
     0.346000      1.51458
     0.347000      1.51442
     0.348000      1.51426
     0.349000      1.51410
     0.350000      1.51394
     0.351000      1.51379
     0.352000      1.51363
     0.353000      1.51348
     0.354000      1.51333
     0.355000      1.51318
     0.356000      1.51303
     0.357000      1.51289
     0.358000      1.51274
     0.359000      1.51260
     0.360000      1.51246
     0.361000      1.51231
     0.362000      1.51217
     0.363000      1.51204
     0.364000      1.51190
     0.365000      1.51176
     0.366000      1.51163
     0.367000      1.51149
     0.368000      1.51136
     0.369000      1.51123
     0.370000      1.51110
     0.371000      1.51097
     0.372000      1.51084
     0.373000      1.51072
     0.374000      1.51059
     0.375000      1.51046
     0.376000      1.51034
     0.377000      1.51022
     0.378000      1.51010
     0.379000      1.50998
     0.380000      1.50986
     0.381000      1.50974
     0.382000      1.50962
     0.383000      1.50950
     0.384000      1.50939
     0.385000      1.50927
     0.386000      1.50916
     0.387000      1.50905
     0.388000      1.50894
     0.389000      1.50883
     0.390000      1.50872
     0.391000      1.50861
     0.392000      1.50850
     0.393000      1.50839
     0.394000      1.50829
     0.395000      1.50818
     0.396000      1.50808
     0.397000      1.50797
     0.398000      1.50787
     0.399000      1.50777
     0.400000      1.50767
     0.401000      1.50757
     0.402000      1.50747
     0.403000      1.50737
     0.404000      1.50727
     0.405000      1.50717
     0.406000      1.50707
     0.407000      1.50698
     0.408000      1.50688
     0.409000      1.50679
     0.410000      1.50670
     0.411000      1.50660
     0.412000      1.50651
     0.413000      1.50642
     0.414000      1.50633
     0.415000      1.50624
     0.416000      1.50615
     0.417000      1.50606
     0.418000      1.50597
     0.419000      1.50588
     0.420000      1.50580
     0.421000      1.50571
     0.422000      1.50563
     0.423000      1.50554
     0.424000      1.50546
     0.425000      1.50537
     0.426000      1.50529
     0.427000      1.50521
     0.428000      1.50513
     0.429000      1.50505
     0.430000      1.50497
     0.431000      1.50489
     0.432000      1.50481
     0.433000      1.50473
     0.434000      1.50465
     0.435000      1.50457
     0.436000      1.50449
     0.437000      1.50442
     0.438000      1.50434
     0.439000      1.50427
     0.440000      1.50419
     0.441000      1.50412
     0.442000      1.50404
     0.443000      1.50397
     0.444000      1.50390
     0.445000      1.50382
     0.446000      1.50375
     0.447000      1.50368
     0.448000      1.50361
     0.449000      1.50354
     0.450000      1.50347
     0.451000      1.50340
     0.452000      1.50333
     0.453000      1.50326
     0.454000      1.50319
     0.455000      1.50313
     0.456000      1.50306
     0.457000      1.50299
     0.458000      1.50293
     0.459000      1.50286
     0.460000      1.50280
     0.461000      1.50273
     0.462000      1.50267
     0.463000      1.50260
     0.464000      1.50254
     0.465000      1.50248
     0.466000      1.50241
     0.467000      1.50235
     0.468000      1.50229
     0.469000      1.50223
     0.470000      1.50217
     0.471000      1.50210
     0.472000      1.50204
     0.473000      1.50198
     0.474000      1.50192
     0.475000      1.50187
     0.476000      1.50181
     0.477000      1.50175
     0.478000      1.50169
     0.479000      1.50163
     0.480000      1.50158
     0.481000      1.50152
     0.482000      1.50146
     0.483000      1.50141
     0.484000      1.50135
     0.485000      1.50129
     0.486000      1.50124
     0.487000      1.50118
     0.488000      1.50113
     0.489000      1.50107
     0.490000      1.50102
     0.491000      1.50097
     0.492000      1.50091
     0.493000      1.50086
     0.494000      1.50081
     0.495000      1.50076
     0.496000      1.50070
     0.497000      1.50065
     0.498000      1.50060
     0.499000      1.50055
     0.500000      1.50050
     0.501000      1.50045
     0.502000      1.50040
     0.503000      1.50035
     0.504000      1.50030
     0.505000      1.50025
     0.506000      1.50020
     0.507000      1.50015
     0.508000      1.50010
     0.509000      1.50006
     0.510000      1.50001
     0.511000      1.49996
     0.512000      1.49991
     0.513000      1.49987
     0.514000      1.49982
     0.515000      1.49977
     0.516000      1.49973
     0.517000      1.49968
     0.518000      1.49964
     0.519000      1.49959
     0.520000      1.49955
     0.521000      1.49950
     0.522000      1.49946
     0.523000      1.49941
     0.524000      1.49937
     0.525000      1.49932
     0.526000      1.49928
     0.527000      1.49924
     0.528000      1.49919
     0.529000      1.49915
     0.530000      1.49911
     0.531000      1.49907
     0.532000      1.49902
     0.533000      1.49898
     0.534000      1.49894
     0.535000      1.49890
     0.536000      1.49886
     0.537000      1.49882
     0.538000      1.49878
     0.539000      1.49874
     0.540000      1.49870
     0.541000      1.49865
     0.542000      1.49861
     0.543000      1.49858
     0.544000      1.49854
     0.545000      1.49850
     0.546000      1.49846
     0.547000      1.49842
     0.548000      1.49838
     0.549000      1.49834
     0.550000      1.49830
     0.551000      1.49827
     0.552000      1.49823
     0.553000      1.49819
     0.554000      1.49815
     0.555000      1.49811
     0.556000      1.49808
     0.557000      1.49804
     0.558000      1.49800
     0.559000      1.49797
     0.560000      1.49793
     0.561000      1.49790
     0.562000      1.49786
     0.563000      1.49782
     0.564000      1.49779
     0.565000      1.49775
     0.566000      1.49772
     0.567000      1.49768
     0.568000      1.49765
     0.569000      1.49761
     0.570000      1.49758
     0.571000      1.49754
     0.572000      1.49751
     0.573000      1.49748
     0.574000      1.49744
     0.575000      1.49741
     0.576000      1.49737
     0.577000      1.49734
     0.578000      1.49731
     0.579000      1.49728
     0.580000      1.49724
     0.581000      1.49721
     0.582000      1.49718
     0.583000      1.49714
     0.584000      1.49711
     0.585000      1.49708
     0.586000      1.49705
     0.587000      1.49702
     0.588000      1.49699
     0.589000      1.49695
     0.590000      1.49692
     0.591000      1.49689
     0.592000      1.49686
     0.593000      1.49683
     0.594000      1.49680
     0.595000      1.49677
     0.596000      1.49674
     0.597000      1.49671
     0.598000      1.49668
     0.599000      1.49665
     0.600000      1.49662
     0.601000      1.49659
     0.602000      1.49656
     0.603000      1.49653
     0.604000      1.49650
     0.605000      1.49647
     0.606000      1.49644
     0.607000      1.49641
     0.608000      1.49638
     0.609000      1.49636
     0.610000      1.49633
     0.611000      1.49630
     0.612000      1.49627
     0.613000      1.49624
     0.614000      1.49621
     0.615000      1.49619
     0.616000      1.49616
     0.617000      1.49613
     0.618000      1.49610
     0.619000      1.49608
     0.620000      1.49605
     0.621000      1.49602
     0.622000      1.49600
     0.623000      1.49597
     0.624000      1.49594
     0.625000      1.49591
     0.626000      1.49589
     0.627000      1.49586
     0.628000      1.49584
     0.629000      1.49581
     0.630000      1.49578
     0.631000      1.49576
     0.632000      1.49573
     0.633000      1.49571
     0.634000      1.49568
     0.635000      1.49565
     0.636000      1.49563
     0.637000      1.49560
     0.638000      1.49558
     0.639000      1.49555
     0.640000      1.49553
     0.641000      1.49550
     0.642000      1.49548
     0.643000      1.49545
     0.644000      1.49543
     0.645000      1.49541
     0.646000      1.49538
     0.647000      1.49536
     0.648000      1.49533
     0.649000      1.49531
     0.650000      1.49528
     0.651000      1.49526
     0.652000      1.49524
     0.653000      1.49521
     0.654000      1.49519
     0.655000      1.49517
     0.656000      1.49514
     0.657000      1.49512
     0.658000      1.49510
     0.659000      1.49507
     0.660000      1.49505
     0.661000      1.49503
     0.662000      1.49500
     0.663000      1.49498
     0.664000      1.49496
     0.665000      1.49494
     0.666000      1.49491
     0.667000      1.49489
     0.668000      1.49487
     0.669000      1.49485
     0.670000      1.49483
     0.671000      1.49480
     0.672000      1.49478
     0.673000      1.49476
     0.674000      1.49474
     0.675000      1.49472
     0.676000      1.49469
     0.677000      1.49467
     0.678000      1.49465
     0.679000      1.49463
     0.680000      1.49461
     0.681000      1.49459
     0.682000      1.49457
     0.683000      1.49455
     0.684000      1.49452
     0.685000      1.49450
     0.686000      1.49448
     0.687000      1.49446
     0.688000      1.49444
     0.689000      1.49442
     0.690000      1.49440
     0.691000      1.49438
     0.692000      1.49436
     0.693000      1.49434
     0.694000      1.49432
     0.695000      1.49430
     0.696000      1.49428
     0.697000      1.49426
     0.698000      1.49424
     0.699000      1.49422
     0.700000      1.49420
     0.701000      1.49418
     0.702000      1.49416
     0.703000      1.49414
     0.704000      1.49412
     0.705000      1.49410
     0.706000      1.49408
     0.707000      1.49406
     0.708000      1.49404
     0.709000      1.49403
     0.710000      1.49401
     0.711000      1.49399
     0.712000      1.49397
     0.713000      1.49395
     0.714000      1.49393
     0.715000      1.49391
     0.716000      1.49389
     0.717000      1.49388
     0.718000      1.49386
     0.719000      1.49384
     0.720000      1.49382
     0.721000      1.49380
     0.722000      1.49378
     0.723000      1.49376
     0.724000      1.49375
     0.725000      1.49373
     0.726000      1.49371
     0.727000      1.49369
     0.728000      1.49367
     0.729000      1.49366
     0.730000      1.49364
     0.731000      1.49362
     0.732000      1.49360
     0.733000      1.49359
     0.734000      1.49357
     0.735000      1.49355
     0.736000      1.49353
     0.737000      1.49352
     0.738000      1.49350
     0.739000      1.49348
     0.740000      1.49346
     0.741000      1.49345
     0.742000      1.49343
     0.743000      1.49341
     0.744000      1.49340
     0.745000      1.49338
     0.746000      1.49336
     0.747000      1.49335
     0.748000      1.49333
     0.749000      1.49331
     0.750000      1.49330
     0.751000      1.49328
     0.752000      1.49326
     0.753000      1.49325
     0.754000      1.49323
     0.755000      1.49321
     0.756000      1.49320
     0.757000      1.49318
     0.758000      1.49316
     0.759000      1.49315
     0.760000      1.49313
     0.761000      1.49312
     0.762000      1.49310
     0.763000      1.49308
     0.764000      1.49307
     0.765000      1.49305
     0.766000      1.49304
     0.767000      1.49302
     0.768000      1.49301
     0.769000      1.49299
     0.770000      1.49297
     0.771000      1.49296
     0.772000      1.49294
     0.773000      1.49293
     0.774000      1.49291
     0.775000      1.49290
     0.776000      1.49288
     0.777000      1.49287
     0.778000      1.49285
     0.779000      1.49284
     0.780000      1.49282
     0.781000      1.49280
     0.782000      1.49279
     0.783000      1.49277
     0.784000      1.49276
     0.785000      1.49274
     0.786000      1.49273
     0.787000      1.49272
     0.788000      1.49270
     0.789000      1.49269
     0.790000      1.49267
     0.791000      1.49266
     0.792000      1.49264
     0.793000      1.49263
     0.794000      1.49261
     0.795000      1.49260
     0.796000      1.49258
     0.797000      1.49257
     0.798000      1.49255
     0.799000      1.49254
     0.800000      1.49253
     0.801000      1.49251
     0.802000      1.49250
     0.803000      1.49248
     0.804000      1.49247
     0.805000      1.49245
     0.806000      1.49244
     0.807000      1.49243
     0.808000      1.49241
     0.809000      1.49240
     0.810000      1.49238
     0.811000      1.49237
     0.812000      1.49236
     0.813000      1.49234
     0.814000      1.49233
     0.815000      1.49232
     0.816000      1.49230
     0.817000      1.49229
     0.818000      1.49227
     0.819000      1.49226
     0.820000      1.49225
     0.821000      1.49223
     0.822000      1.49222
     0.823000      1.49221
     0.824000      1.49219
     0.825000      1.49218
     0.826000      1.49217
     0.827000      1.49215
     0.828000      1.49214
     0.829000      1.49213
     0.830000      1.49211
     0.831000      1.49210
     0.832000      1.49209
     0.833000      1.49207
     0.834000      1.49206
     0.835000      1.49205
     0.836000      1.49203
     0.837000      1.49202
     0.838000      1.49201
     0.839000      1.49200
     0.840000      1.49198
     0.841000      1.49197
     0.842000      1.49196
     0.843000      1.49194
     0.844000      1.49193
     0.845000      1.49192
     0.846000      1.49191
     0.847000      1.49189
     0.848000      1.49188
     0.849000      1.49187
     0.850000      1.49186
     0.851000      1.49184
     0.852000      1.49183
     0.853000      1.49182
     0.854000      1.49181
     0.855000      1.49179
     0.856000      1.49178
     0.857000      1.49177
     0.858000      1.49176
     0.859000      1.49174
     0.860000      1.49173
     0.861000      1.49172
     0.862000      1.49171
     0.863000      1.49169
     0.864000      1.49168
     0.865000      1.49167
     0.866000      1.49166
     0.867000      1.49165
     0.868000      1.49163
     0.869000      1.49162
     0.870000      1.49161
     0.871000      1.49160
     0.872000      1.49159
     0.873000      1.49157
     0.874000      1.49156
     0.875000      1.49155
     0.876000      1.49154
     0.877000      1.49153
     0.878000      1.49151
     0.879000      1.49150
     0.880000      1.49149
     0.881000      1.49148
     0.882000      1.49147
     0.883000      1.49146
     0.884000      1.49144
     0.885000      1.49143
     0.886000      1.49142
     0.887000      1.49141
     0.888000      1.49140
     0.889000      1.49139
     0.890000      1.49137
     0.891000      1.49136
     0.892000      1.49135
     0.893000      1.49134
     0.894000      1.49133
     0.895000      1.49132
     0.896000      1.49131
     0.897000      1.49129
     0.898000      1.49128
     0.899000      1.49127
     0.900000      1.49126
     0.901000      1.49125
     0.902000      1.49124
     0.903000      1.49123
     0.904000      1.49122
     0.905000      1.49120
     0.906000      1.49119
     0.907000      1.49118
     0.908000      1.49117
     0.909000      1.49116
     0.910000      1.49115
     0.911000      1.49114
     0.912000      1.49113
     0.913000      1.49112
     0.914000      1.49111
     0.915000      1.49109
     0.916000      1.49108
     0.917000      1.49107
     0.918000      1.49106
     0.919000      1.49105
     0.920000      1.49104
     0.921000      1.49103
     0.922000      1.49102
     0.923000      1.49101
     0.924000      1.49100
     0.925000      1.49099
     0.926000      1.49098
     0.927000      1.49097
     0.928000      1.49095
     0.929000      1.49094
     0.930000      1.49093
     0.931000      1.49092
     0.932000      1.49091
     0.933000      1.49090
     0.934000      1.49089
     0.935000      1.49088
     0.936000      1.49087
     0.937000      1.49086
     0.938000      1.49085
     0.939000      1.49084
     0.940000      1.49083
     0.941000      1.49082
     0.942000      1.49081
     0.943000      1.49080
     0.944000      1.49079
     0.945000      1.49078
     0.946000      1.49077
     0.947000      1.49076
     0.948000      1.49075
     0.949000      1.49074
     0.950000      1.49072
     0.951000      1.49071
     0.952000      1.49070
     0.953000      1.49069
     0.954000      1.49068
     0.955000      1.49067
     0.956000      1.49066
     0.957000      1.49065
     0.958000      1.49064
     0.959000      1.49063
     0.960000      1.49062
     0.961000      1.49061
     0.962000      1.49060
     0.963000      1.49059
     0.964000      1.49058
     0.965000      1.49057
     0.966000      1.49056
     0.967000      1.49055
     0.968000      1.49054
     0.969000      1.49053
     0.970000      1.49052
     0.971000      1.49051
     0.972000      1.49050
     0.973000      1.49049
     0.974000      1.49048
     0.975000      1.49047
     0.976000      1.49046
     0.977000      1.49045
     0.978000      1.49045
     0.979000      1.49044
     0.980000      1.49043
     0.981000      1.49042
     0.982000      1.49041
     0.983000      1.49040
     0.984000      1.49039
     0.985000      1.49038
     0.986000      1.49037
     0.987000      1.49036
     0.988000      1.49035
     0.989000      1.49034
     0.990000      1.49033
     0.991000      1.49032
     0.992000      1.49031
     0.993000      1.49030
     0.994000      1.49029
     0.995000      1.49028
     0.996000      1.49027
     0.997000      1.49026
     0.998000      1.49025
     0.999000      1.49024
      1.00000      1.49023
      1.00100      1.49022
      1.00200      1.49021
      1.00300      1.49021
      1.00400      1.49020
      1.00500      1.49019
      1.00600      1.49018
      1.00700      1.49017
      1.00800      1.49016
      1.00900      1.49015
      1.01000      1.49014
      1.01100      1.49013
      1.01200      1.49012
      1.01300      1.49011
      1.01400      1.49010
      1.01500      1.49009
      1.01600      1.49008
      1.01700      1.49007
      1.01800      1.49007
      1.01900      1.49006
      1.02000      1.49005
      1.02100      1.49004
      1.02200      1.49003
      1.02300      1.49002
      1.02400      1.49001
      1.02500      1.49000
      1.02600      1.48999
      1.02700      1.48998
      1.02800      1.48997
      1.02900      1.48996
      1.03000      1.48996
      1.03100      1.48995
      1.03200      1.48994
      1.03300      1.48993
      1.03400      1.48992
      1.03500      1.48991
      1.03600      1.48990
      1.03700      1.48989
      1.03800      1.48988
      1.03900      1.48987
      1.04000      1.48987
      1.04100      1.48986
      1.04200      1.48985
      1.04300      1.48984
      1.04400      1.48983
      1.04500      1.48982
      1.04600      1.48981
      1.04700      1.48980
      1.04800      1.48979
      1.04900      1.48979
      1.05000      1.48978
      1.05100      1.48977
      1.05200      1.48976
      1.05300      1.48975
      1.05400      1.48974
      1.05500      1.48973
      1.05600      1.48972
      1.05700      1.48972
      1.05800      1.48971
      1.05900      1.48970
      1.06000      1.48969
      1.06100      1.48968
      1.06200      1.48967
      1.06300      1.48966
      1.06400      1.48965
      1.06500      1.48965
      1.06600      1.48964
      1.06700      1.48963
      1.06800      1.48962
      1.06900      1.48961
      1.07000      1.48960
      1.07100      1.48959
      1.07200      1.48958
      1.07300      1.48958
      1.07400      1.48957
      1.07500      1.48956
      1.07600      1.48955
      1.07700      1.48954
      1.07800      1.48953
      1.07900      1.48952
      1.08000      1.48952
      1.08100      1.48951
      1.08200      1.48950
      1.08300      1.48949
      1.08400      1.48948
      1.08500      1.48947
      1.08600      1.48946
      1.08700      1.48946
      1.08800      1.48945
      1.08900      1.48944
      1.09000      1.48943
      1.09100      1.48942
      1.09200      1.48941
      1.09300      1.48941
      1.09400      1.48940
      1.09500      1.48939
      1.09600      1.48938
      1.09700      1.48937
      1.09800      1.48936
      1.09900      1.48936
      1.10000      1.48935
      1.10100      1.48934
      1.10200      1.48933
      1.10300      1.48932
      1.10400      1.48931
      1.10500      1.48931
      1.10600      1.48930
      1.10700      1.48929
      1.10800      1.48928
      1.10900      1.48927
      1.11000      1.48926
      1.11100      1.48926
      1.11200      1.48925
      1.11300      1.48924
      1.11400      1.48923
      1.11500      1.48922
      1.11600      1.48921
      1.11700      1.48921
      1.11800      1.48920
      1.11900      1.48919
      1.12000      1.48918
      1.12100      1.48917
      1.12200      1.48916
      1.12300      1.48916
      1.12400      1.48915
      1.12500      1.48914
      1.12600      1.48913
      1.12700      1.48912
      1.12800      1.48912
      1.12900      1.48911
      1.13000      1.48910
      1.13100      1.48909
      1.13200      1.48908
      1.13300      1.48907
      1.13400      1.48907
      1.13500      1.48906
      1.13600      1.48905
      1.13700      1.48904
      1.13800      1.48903
      1.13900      1.48903
      1.14000      1.48902
      1.14100      1.48901
      1.14200      1.48900
      1.14300      1.48899
      1.14400      1.48899
      1.14500      1.48898
      1.14600      1.48897
      1.14700      1.48896
      1.14800      1.48895
      1.14900      1.48895
      1.15000      1.48894
      1.15100      1.48893
      1.15200      1.48892
      1.15300      1.48891
      1.15400      1.48890
      1.15500      1.48890
      1.15600      1.48889
      1.15700      1.48888
      1.15800      1.48887
      1.15900      1.48887
      1.16000      1.48886
      1.16100      1.48885
      1.16200      1.48884
      1.16300      1.48883
      1.16400      1.48883
      1.16500      1.48882
      1.16600      1.48881
      1.16700      1.48880
      1.16800      1.48879
      1.16900      1.48879
      1.17000      1.48878
      1.17100      1.48877
      1.17200      1.48876
      1.17300      1.48875
      1.17400      1.48875
      1.17500      1.48874
      1.17600      1.48873
      1.17700      1.48872
      1.17800      1.48871
      1.17900      1.48871
      1.18000      1.48870
      1.18100      1.48869
      1.18200      1.48868
      1.18300      1.48868
      1.18400      1.48867
      1.18500      1.48866
      1.18600      1.48865
      1.18700      1.48864
      1.18800      1.48864
      1.18900      1.48863
      1.19000      1.48862
      1.19100      1.48861
      1.19200      1.48860
      1.19300      1.48860
      1.19400      1.48859
      1.19500      1.48858
      1.19600      1.48857
      1.19700      1.48857
      1.19800      1.48856
      1.19900      1.48855
      1.20000      1.48854
      1.20100      1.48853
      1.20200      1.48853
      1.20300      1.48852
      1.20400      1.48851
      1.20500      1.48850
      1.20600      1.48850
      1.20700      1.48849
      1.20800      1.48848
      1.20900      1.48847
      1.21000      1.48847
      1.21100      1.48846
      1.21200      1.48845
      1.21300      1.48844
      1.21400      1.48843
      1.21500      1.48843
      1.21600      1.48842
      1.21700      1.48841
      1.21800      1.48840
      1.21900      1.48840
      1.22000      1.48839
      1.22100      1.48838
      1.22200      1.48837
      1.22300      1.48837
      1.22400      1.48836
      1.22500      1.48835
      1.22600      1.48834
      1.22700      1.48833
      1.22800      1.48833
      1.22900      1.48832
      1.23000      1.48831
      1.23100      1.48830
      1.23200      1.48830
      1.23300      1.48829
      1.23400      1.48828
      1.23500      1.48827
      1.23600      1.48827
      1.23700      1.48826
      1.23800      1.48825
      1.23900      1.48824
      1.24000      1.48824
      1.24100      1.48823
      1.24200      1.48822
      1.24300      1.48821
      1.24400      1.48821
      1.24500      1.48820
      1.24600      1.48819
      1.24700      1.48818
      1.24800      1.48817
      1.24900      1.48817
      1.25000      1.48816
      1.25100      1.48815
      1.25200      1.48814
      1.25300      1.48814
      1.25400      1.48813
      1.25500      1.48812
      1.25600      1.48811
      1.25700      1.48811
      1.25800      1.48810
      1.25900      1.48809
      1.26000      1.48808
      1.26100      1.48808
      1.26200      1.48807
      1.26300      1.48806
      1.26400      1.48805
      1.26500      1.48805
      1.26600      1.48804
      1.26700      1.48803
      1.26800      1.48802
      1.26900      1.48802
      1.27000      1.48801
      1.27100      1.48800
      1.27200      1.48799
      1.27300      1.48799
      1.27400      1.48798
      1.27500      1.48797
      1.27600      1.48796
      1.27700      1.48796
      1.27800      1.48795
      1.27900      1.48794
      1.28000      1.48793
      1.28100      1.48793
      1.28200      1.48792
      1.28300      1.48791
      1.28400      1.48790
      1.28500      1.48790
      1.28600      1.48789
      1.28700      1.48788
      1.28800      1.48787
      1.28900      1.48787
      1.29000      1.48786
      1.29100      1.48785
      1.29200      1.48784
      1.29300      1.48784
      1.29400      1.48783
      1.29500      1.48782
      1.29600      1.48781
      1.29700      1.48781
      1.29800      1.48780
      1.29900      1.48779
      1.30000      1.48778
      1.30100      1.48778
      1.30200      1.48777
      1.30300      1.48776
      1.30400      1.48775
      1.30500      1.48775
      1.30600      1.48774
      1.30700      1.48773
      1.30800      1.48773
      1.30900      1.48772
      1.31000      1.48771
      1.31100      1.48770
      1.31200      1.48770
      1.31300      1.48769
      1.31400      1.48768
      1.31500      1.48767
      1.31600      1.48767
      1.31700      1.48766
      1.31800      1.48765
      1.31900      1.48764
      1.32000      1.48764
      1.32100      1.48763
      1.32200      1.48762
      1.32300      1.48761
      1.32400      1.48761
      1.32500      1.48760
      1.32600      1.48759
      1.32700      1.48758
      1.32800      1.48758
      1.32900      1.48757
      1.33000      1.48756
      1.33100      1.48756
      1.33200      1.48755
      1.33300      1.48754
      1.33400      1.48753
      1.33500      1.48753
      1.33600      1.48752
      1.33700      1.48751
      1.33800      1.48750
      1.33900      1.48750
      1.34000      1.48749
      1.34100      1.48748
      1.34200      1.48747
      1.34300      1.48747
      1.34400      1.48746
      1.34500      1.48745
      1.34600      1.48744
      1.34700      1.48744
      1.34800      1.48743
      1.34900      1.48742
      1.35000      1.48742
      1.35100      1.48741
      1.35200      1.48740
      1.35300      1.48739
      1.35400      1.48739
      1.35500      1.48738
      1.35600      1.48737
      1.35700      1.48736
      1.35800      1.48736
      1.35900      1.48735
      1.36000      1.48734
      1.36100      1.48733
      1.36200      1.48733
      1.36300      1.48732
      1.36400      1.48731
      1.36500      1.48731
      1.36600      1.48730
      1.36700      1.48729
      1.36800      1.48728
      1.36900      1.48728
      1.37000      1.48727
      1.37100      1.48726
      1.37200      1.48725
      1.37300      1.48725
      1.37400      1.48724
      1.37500      1.48723
      1.37600      1.48722
      1.37700      1.48722
      1.37800      1.48721
      1.37900      1.48720
      1.38000      1.48720
      1.38100      1.48719
      1.38200      1.48718
      1.38300      1.48717
      1.38400      1.48717
      1.38500      1.48716
      1.38600      1.48715
      1.38700      1.48714
      1.38800      1.48714
      1.38900      1.48713
      1.39000      1.48712
      1.39100      1.48711
      1.39200      1.48711
      1.39300      1.48710
      1.39400      1.48709
      1.39500      1.48709
      1.39600      1.48708
      1.39700      1.48707
      1.39800      1.48706
      1.39900      1.48706
      1.40000      1.48705
      1.40100      1.48704
      1.40200      1.48703
      1.40300      1.48703
      1.40400      1.48702
      1.40500      1.48701
      1.40600      1.48701
      1.40700      1.48700
      1.40800      1.48699
      1.40900      1.48698
      1.41000      1.48698
      1.41100      1.48697
      1.41200      1.48696
      1.41300      1.48695
      1.41400      1.48695
      1.41500      1.48694
      1.41600      1.48693
      1.41700      1.48693
      1.41800      1.48692
      1.41900      1.48691
      1.42000      1.48690
      1.42100      1.48690
      1.42200      1.48689
      1.42300      1.48688
      1.42400      1.48687
      1.42500      1.48687
      1.42600      1.48686
      1.42700      1.48685
      1.42800      1.48684
      1.42900      1.48684
      1.43000      1.48683
      1.43100      1.48682
      1.43200      1.48682
      1.43300      1.48681
      1.43400      1.48680
      1.43500      1.48679
      1.43600      1.48679
      1.43700      1.48678
      1.43800      1.48677
      1.43900      1.48676
      1.44000      1.48676
      1.44100      1.48675
      1.44200      1.48674
      1.44300      1.48674
      1.44400      1.48673
      1.44500      1.48672
      1.44600      1.48671
      1.44700      1.48671
      1.44800      1.48670
      1.44900      1.48669
      1.45000      1.48668
      1.45100      1.48668
      1.45200      1.48667
      1.45300      1.48666
      1.45400      1.48665
      1.45500      1.48665
      1.45600      1.48664
      1.45700      1.48663
      1.45800      1.48663
      1.45900      1.48662
      1.46000      1.48661
      1.46100      1.48660
      1.46200      1.48660
      1.46300      1.48659
      1.46400      1.48658
      1.46500      1.48657
      1.46600      1.48657
      1.46700      1.48656
      1.46800      1.48655
      1.46900      1.48655
      1.47000      1.48654
      1.47100      1.48653
      1.47200      1.48652
      1.47300      1.48652
      1.47400      1.48651
      1.47500      1.48650
      1.47600      1.48649
      1.47700      1.48649
      1.47800      1.48648
      1.47900      1.48647
      1.48000      1.48647
      1.48100      1.48646
      1.48200      1.48645
      1.48300      1.48644
      1.48400      1.48644
      1.48500      1.48643
      1.48600      1.48642
      1.48700      1.48641
      1.48800      1.48641
      1.48900      1.48640
      1.49000      1.48639
      1.49100      1.48638
      1.49200      1.48638
      1.49300      1.48637
      1.49400      1.48636
      1.49500      1.48636
      1.49600      1.48635
      1.49700      1.48634
      1.49800      1.48633
      1.49900      1.48633
      1.50000      1.48632
      1.50100      1.48631
      1.50200      1.48630
      1.50300      1.48630
      1.50400      1.48629
      1.50500      1.48628
      1.50600      1.48628
      1.50700      1.48627
      1.50800      1.48626
      1.50900      1.48625
      1.51000      1.48625
      1.51100      1.48624
      1.51200      1.48623
      1.51300      1.48622
      1.51400      1.48622
      1.51500      1.48621
      1.51600      1.48620
      1.51700      1.48619
      1.51800      1.48619
      1.51900      1.48618
      1.52000      1.48617
      1.52100      1.48617
      1.52200      1.48616
      1.52300      1.48615
      1.52400      1.48614
      1.52500      1.48614
      1.52600      1.48613
      1.52700      1.48612
      1.52800      1.48611
      1.52900      1.48611
      1.53000      1.48610
