     0.200000      1.62260
     0.201000      1.61726
     0.202000      1.61179
     0.203000      1.60615
     0.204000      1.60035
     0.205000      1.59434
     0.206000      1.58812
     0.207000      1.58165
     0.208000      1.57491
     0.209000      1.56786
     0.210000      1.56046
     0.211000      1.55268
     0.212000      1.54447
     0.213000      1.53576
     0.214000      1.52649
     0.215000      1.51659
     0.216000      1.50596
     0.217000      1.49450
     0.218000      1.48207
     0.219000      1.46851
     0.220000      1.45365
     0.221000      1.43722
     0.222000      1.41895
     0.223000      1.39845
     0.224000      1.37522
     0.225000      1.34863
     0.226000      1.31780
     0.227000      1.28154
     0.228000      1.23811
     0.229000      1.18497
     0.230000      1.11809
     0.231000      1.03065
     0.232000     0.909672
     0.233000     0.724846
     0.234000     0.348356
     0.235000     0.669159
     0.236000      1.14483
     0.237000      1.66629
     0.238000      2.41317
     0.239000      4.00398
     0.240000      10.4776
     0.241000      4.09793
     0.242000      3.20942
     0.243000      2.81569
     0.244000      2.58798
     0.245000      2.43800
     0.246000      2.33115
     0.247000      2.25087
     0.248000      2.18819
     0.249000      2.13780
     0.250000      2.09633
     0.251000      2.06157
     0.252000      2.03198
     0.253000      2.00645
     0.254000      1.98418
     0.255000      1.96457
     0.256000      1.94716
     0.257000      1.93157
     0.258000      1.91754
     0.259000      1.90483
     0.260000      1.89325
     0.261000      1.88265
     0.262000      1.87291
     0.263000      1.86392
     0.264000      1.85559
     0.265000      1.84786
     0.266000      1.84065
     0.267000      1.83391
     0.268000      1.82759
     0.269000      1.82165
     0.270000      1.81606
     0.271000      1.81079
     0.272000      1.80580
     0.273000      1.80107
     0.274000      1.79658
     0.275000      1.79232
     0.276000      1.78826
     0.277000      1.78438
     0.278000      1.78068
     0.279000      1.77715
     0.280000      1.77376
     0.281000      1.77052
     0.282000      1.76740
     0.283000      1.76441
     0.284000      1.76153
     0.285000      1.75876
     0.286000      1.75610
     0.287000      1.75352
     0.288000      1.75104
     0.289000      1.74864
     0.290000      1.74632
     0.291000      1.74408
     0.292000      1.74191
     0.293000      1.73980
     0.294000      1.73776
     0.295000      1.73579
     0.296000      1.73387
     0.297000      1.73200
     0.298000      1.73019
     0.299000      1.72843
     0.300000      1.72672
     0.301000      1.72505
     0.302000      1.72342
     0.303000      1.72184
     0.304000      1.72030
     0.305000      1.71880
     0.306000      1.71733
     0.307000      1.71591
     0.308000      1.71451
     0.309000      1.71315
     0.310000      1.71182
     0.311000      1.71051
     0.312000      1.70924
     0.313000      1.70800
     0.314000      1.70678
     0.315000      1.70559
     0.316000      1.70443
     0.317000      1.70329
     0.318000      1.70217
     0.319000      1.70107
     0.320000      1.70000
     0.321000      1.69895
     0.322000      1.69792
     0.323000      1.69691
     0.324000      1.69592
     0.325000      1.69495
     0.326000      1.69399
     0.327000      1.69306
     0.328000      1.69214
     0.329000      1.69123
     0.330000      1.69035
     0.331000      1.68948
     0.332000      1.68862
     0.333000      1.68778
     0.334000      1.68695
     0.335000      1.68614
     0.336000      1.68534
     0.337000      1.68455
     0.338000      1.68378
     0.339000      1.68302
     0.340000      1.68227
     0.341000      1.68153
     0.342000      1.68081
     0.343000      1.68010
     0.344000      1.67939
     0.345000      1.67870
     0.346000      1.67802
     0.347000      1.67735
     0.348000      1.67669
     0.349000      1.67604
     0.350000      1.67540
     0.351000      1.67476
     0.352000      1.67414
     0.353000      1.67353
     0.354000      1.67292
     0.355000      1.67232
     0.356000      1.67173
     0.357000      1.67115
     0.358000      1.67058
     0.359000      1.67002
     0.360000      1.66946
     0.361000      1.66891
     0.362000      1.66837
     0.363000      1.66783
     0.364000      1.66730
     0.365000      1.66678
     0.366000      1.66627
     0.367000      1.66576
     0.368000      1.66526
     0.369000      1.66476
     0.370000      1.66427
     0.371000      1.66379
     0.372000      1.66331
     0.373000      1.66284
     0.374000      1.66238
     0.375000      1.66192
     0.376000      1.66146
     0.377000      1.66101
     0.378000      1.66057
     0.379000      1.66013
     0.380000      1.65970
     0.381000      1.65927
     0.382000      1.65885
     0.383000      1.65843
     0.384000      1.65802
     0.385000      1.65761
     0.386000      1.65721
     0.387000      1.65681
     0.388000      1.65641
     0.389000      1.65602
     0.390000      1.65563
     0.391000      1.65525
     0.392000      1.65487
     0.393000      1.65450
     0.394000      1.65413
     0.395000      1.65377
     0.396000      1.65340
     0.397000      1.65305
     0.398000      1.65269
     0.399000      1.65234
     0.400000      1.65199
     0.401000      1.65165
     0.402000      1.65131
     0.403000      1.65098
     0.404000      1.65064
     0.405000      1.65031
     0.406000      1.64999
     0.407000      1.64966
     0.408000      1.64935
     0.409000      1.64903
     0.410000      1.64872
     0.411000      1.64841
     0.412000      1.64810
     0.413000      1.64780
     0.414000      1.64749
     0.415000      1.64720
     0.416000      1.64690
     0.417000      1.64661
     0.418000      1.64632
     0.419000      1.64603
     0.420000      1.64575
     0.421000      1.64547
     0.422000      1.64519
     0.423000      1.64491
     0.424000      1.64464
     0.425000      1.64437
     0.426000      1.64410
     0.427000      1.64383
     0.428000      1.64357
     0.429000      1.64331
     0.430000      1.64305
     0.431000      1.64279
     0.432000      1.64254
     0.433000      1.64228
     0.434000      1.64203
     0.435000      1.64179
     0.436000      1.64154
     0.437000      1.64130
     0.438000      1.64106
     0.439000      1.64082
     0.440000      1.64058
     0.441000      1.64035
     0.442000      1.64011
     0.443000      1.63988
     0.444000      1.63965
     0.445000      1.63943
     0.446000      1.63920
     0.447000      1.63898
     0.448000      1.63876
     0.449000      1.63854
     0.450000      1.63832
     0.451000      1.63810
     0.452000      1.63789
     0.453000      1.63768
     0.454000      1.63747
     0.455000      1.63726
     0.456000      1.63705
     0.457000      1.63684
     0.458000      1.63664
     0.459000      1.63644
     0.460000      1.63624
     0.461000      1.63604
     0.462000      1.63584
     0.463000      1.63565
     0.464000      1.63545
     0.465000      1.63526
     0.466000      1.63507
     0.467000      1.63488
     0.468000      1.63469
     0.469000      1.63450
     0.470000      1.63432
     0.471000      1.63413
     0.472000      1.63395
     0.473000      1.63377
     0.474000      1.63359
     0.475000      1.63341
     0.476000      1.63323
     0.477000      1.63306
     0.478000      1.63288
     0.479000      1.63271
     0.480000      1.63254
     0.481000      1.63237
     0.482000      1.63220
     0.483000      1.63203
     0.484000      1.63186
     0.485000      1.63170
     0.486000      1.63153
     0.487000      1.63137
     0.488000      1.63121
     0.489000      1.63105
     0.490000      1.63089
     0.491000      1.63073
     0.492000      1.63057
     0.493000      1.63042
     0.494000      1.63026
     0.495000      1.63011
     0.496000      1.62995
     0.497000      1.62980
     0.498000      1.62965
     0.499000      1.62950
     0.500000      1.62935
     0.501000      1.62920
     0.502000      1.62906
     0.503000      1.62891
     0.504000      1.62877
     0.505000      1.62862
     0.506000      1.62848
     0.507000      1.62834
     0.508000      1.62820
     0.509000      1.62806
     0.510000      1.62792
     0.511000      1.62778
     0.512000      1.62764
     0.513000      1.62751
     0.514000      1.62737
     0.515000      1.62724
     0.516000      1.62710
     0.517000      1.62697
     0.518000      1.62684
     0.519000      1.62671
     0.520000      1.62658
     0.521000      1.62645
     0.522000      1.62632
     0.523000      1.62620
     0.524000      1.62607
     0.525000      1.62594
     0.526000      1.62582
     0.527000      1.62569
     0.528000      1.62557
     0.529000      1.62545
     0.530000      1.62533
     0.531000      1.62520
     0.532000      1.62508
     0.533000      1.62496
     0.534000      1.62485
     0.535000      1.62473
     0.536000      1.62461
     0.537000      1.62449
     0.538000      1.62438
     0.539000      1.62426
     0.540000      1.62415
     0.541000      1.62404
     0.542000      1.62392
     0.543000      1.62381
     0.544000      1.62370
     0.545000      1.62359
     0.546000      1.62348
     0.547000      1.62337
     0.548000      1.62326
     0.549000      1.62315
     0.550000      1.62304
     0.551000      1.62294
     0.552000      1.62283
     0.553000      1.62272
     0.554000      1.62262
     0.555000      1.62251
     0.556000      1.62241
     0.557000      1.62231
     0.558000      1.62220
     0.559000      1.62210
     0.560000      1.62200
     0.561000      1.62190
     0.562000      1.62180
     0.563000      1.62170
     0.564000      1.62160
     0.565000      1.62150
     0.566000      1.62140
     0.567000      1.62131
     0.568000      1.62121
     0.569000      1.62111
     0.570000      1.62102
     0.571000      1.62092
     0.572000      1.62083
     0.573000      1.62073
     0.574000      1.62064
     0.575000      1.62055
     0.576000      1.62045
     0.577000      1.62036
     0.578000      1.62027
     0.579000      1.62018
     0.580000      1.62009
     0.581000      1.62000
     0.582000      1.61991
     0.583000      1.61982
     0.584000      1.61973
     0.585000      1.61964
     0.586000      1.61956
     0.587000      1.61947
     0.588000      1.61938
     0.589000      1.61930
     0.590000      1.61921
     0.591000      1.61912
     0.592000      1.61904
     0.593000      1.61896
     0.594000      1.61887
     0.595000      1.61879
     0.596000      1.61871
     0.597000      1.61862
     0.598000      1.61854
     0.599000      1.61846
     0.600000      1.61838
     0.601000      1.61830
     0.602000      1.61822
     0.603000      1.61814
     0.604000      1.61806
     0.605000      1.61798
     0.606000      1.61790
     0.607000      1.61782
     0.608000      1.61774
     0.609000      1.61766
     0.610000      1.61759
     0.611000      1.61751
     0.612000      1.61743
     0.613000      1.61736
     0.614000      1.61728
     0.615000      1.61721
     0.616000      1.61713
     0.617000      1.61706
     0.618000      1.61698
     0.619000      1.61691
     0.620000      1.61684
     0.621000      1.61676
     0.622000      1.61669
     0.623000      1.61662
     0.624000      1.61655
     0.625000      1.61648
     0.626000      1.61640
     0.627000      1.61633
     0.628000      1.61626
     0.629000      1.61619
     0.630000      1.61612
     0.631000      1.61605
     0.632000      1.61598
     0.633000      1.61592
     0.634000      1.61585
     0.635000      1.61578
     0.636000      1.61571
     0.637000      1.61564
     0.638000      1.61558
     0.639000      1.61551
     0.640000      1.61544
     0.641000      1.61538
     0.642000      1.61531
     0.643000      1.61524
     0.644000      1.61518
     0.645000      1.61511
     0.646000      1.61505
     0.647000      1.61499
     0.648000      1.61492
     0.649000      1.61486
     0.650000      1.61479
     0.651000      1.61473
     0.652000      1.61467
     0.653000      1.61460
     0.654000      1.61454
     0.655000      1.61448
     0.656000      1.61442
     0.657000      1.61436
     0.658000      1.61430
     0.659000      1.61424
     0.660000      1.61417
     0.661000      1.61411
     0.662000      1.61405
     0.663000      1.61399
     0.664000      1.61393
     0.665000      1.61387
     0.666000      1.61382
     0.667000      1.61376
     0.668000      1.61370
     0.669000      1.61364
     0.670000      1.61358
     0.671000      1.61352
     0.672000      1.61347
     0.673000      1.61341
     0.674000      1.61335
     0.675000      1.61330
     0.676000      1.61324
     0.677000      1.61318
     0.678000      1.61313
     0.679000      1.61307
     0.680000      1.61302
     0.681000      1.61296
     0.682000      1.61291
     0.683000      1.61285
     0.684000      1.61280
     0.685000      1.61274
     0.686000      1.61269
     0.687000      1.61263
     0.688000      1.61258
     0.689000      1.61253
     0.690000      1.61247
     0.691000      1.61242
     0.692000      1.61237
     0.693000      1.61232
     0.694000      1.61226
     0.695000      1.61221
     0.696000      1.61216
     0.697000      1.61211
     0.698000      1.61206
     0.699000      1.61200
     0.700000      1.61195
     0.701000      1.61190
     0.702000      1.61185
     0.703000      1.61180
     0.704000      1.61175
     0.705000      1.61170
     0.706000      1.61165
     0.707000      1.61160
     0.708000      1.61155
     0.709000      1.61150
     0.710000      1.61145
     0.711000      1.61141
     0.712000      1.61136
     0.713000      1.61131
     0.714000      1.61126
     0.715000      1.61121
     0.716000      1.61116
     0.717000      1.61112
     0.718000      1.61107
     0.719000      1.61102
     0.720000      1.61097
     0.721000      1.61093
     0.722000      1.61088
     0.723000      1.61083
     0.724000      1.61079
     0.725000      1.61074
     0.726000      1.61070
     0.727000      1.61065
     0.728000      1.61060
     0.729000      1.61056
     0.730000      1.61051
     0.731000      1.61047
     0.732000      1.61042
     0.733000      1.61038
     0.734000      1.61033
     0.735000      1.61029
     0.736000      1.61024
     0.737000      1.61020
     0.738000      1.61016
     0.739000      1.61011
     0.740000      1.61007
     0.741000      1.61003
     0.742000      1.60998
     0.743000      1.60994
     0.744000      1.60990
     0.745000      1.60985
     0.746000      1.60981
     0.747000      1.60977
     0.748000      1.60973
     0.749000      1.60968
     0.750000      1.60964
     0.751000      1.60960
     0.752000      1.60956
     0.753000      1.60952
     0.754000      1.60947
     0.755000      1.60943
     0.756000      1.60939
     0.757000      1.60935
     0.758000      1.60931
     0.759000      1.60927
     0.760000      1.60923
     0.761000      1.60919
     0.762000      1.60915
     0.763000      1.60911
     0.764000      1.60907
     0.765000      1.60903
     0.766000      1.60899
     0.767000      1.60895
     0.768000      1.60891
     0.769000      1.60887
     0.770000      1.60883
     0.771000      1.60879
     0.772000      1.60875
     0.773000      1.60871
     0.774000      1.60867
     0.775000      1.60864
     0.776000      1.60860
     0.777000      1.60856
     0.778000      1.60852
     0.779000      1.60848
     0.780000      1.60845
     0.781000      1.60841
     0.782000      1.60837
     0.783000      1.60833
     0.784000      1.60830
     0.785000      1.60826
     0.786000      1.60822
     0.787000      1.60818
     0.788000      1.60815
     0.789000      1.60811
     0.790000      1.60807
     0.791000      1.60804
     0.792000      1.60800
     0.793000      1.60796
     0.794000      1.60793
     0.795000      1.60789
     0.796000      1.60786
     0.797000      1.60782
     0.798000      1.60779
     0.799000      1.60775
     0.800000      1.60771
     0.801000      1.60768
     0.802000      1.60764
     0.803000      1.60761
     0.804000      1.60757
     0.805000      1.60754
     0.806000      1.60750
     0.807000      1.60747
     0.808000      1.60743
     0.809000      1.60740
     0.810000      1.60737
     0.811000      1.60733
     0.812000      1.60730
     0.813000      1.60726
     0.814000      1.60723
     0.815000      1.60720
     0.816000      1.60716
     0.817000      1.60713
     0.818000      1.60710
     0.819000      1.60706
     0.820000      1.60703
     0.821000      1.60700
     0.822000      1.60696
     0.823000      1.60693
     0.824000      1.60690
     0.825000      1.60686
     0.826000      1.60683
     0.827000      1.60680
     0.828000      1.60677
     0.829000      1.60673
     0.830000      1.60670
     0.831000      1.60667
     0.832000      1.60664
     0.833000      1.60660
     0.834000      1.60657
     0.835000      1.60654
     0.836000      1.60651
     0.837000      1.60648
     0.838000      1.60645
     0.839000      1.60641
     0.840000      1.60638
     0.841000      1.60635
     0.842000      1.60632
     0.843000      1.60629
     0.844000      1.60626
     0.845000      1.60623
     0.846000      1.60620
     0.847000      1.60617
     0.848000      1.60614
     0.849000      1.60611
     0.850000      1.60607
     0.851000      1.60604
     0.852000      1.60601
     0.853000      1.60598
     0.854000      1.60595
     0.855000      1.60592
     0.856000      1.60589
     0.857000      1.60586
     0.858000      1.60583
     0.859000      1.60580
     0.860000      1.60577
     0.861000      1.60575
     0.862000      1.60572
     0.863000      1.60569
     0.864000      1.60566
     0.865000      1.60563
     0.866000      1.60560
     0.867000      1.60557
     0.868000      1.60554
     0.869000      1.60551
     0.870000      1.60548
     0.871000      1.60545
     0.872000      1.60543
     0.873000      1.60540
     0.874000      1.60537
     0.875000      1.60534
     0.876000      1.60531
     0.877000      1.60528
     0.878000      1.60526
     0.879000      1.60523
     0.880000      1.60520
     0.881000      1.60517
     0.882000      1.60514
     0.883000      1.60512
     0.884000      1.60509
     0.885000      1.60506
     0.886000      1.60503
     0.887000      1.60500
     0.888000      1.60498
     0.889000      1.60495
     0.890000      1.60492
     0.891000      1.60490
     0.892000      1.60487
     0.893000      1.60484
     0.894000      1.60481
     0.895000      1.60479
     0.896000      1.60476
     0.897000      1.60473
     0.898000      1.60471
     0.899000      1.60468
     0.900000      1.60465
     0.901000      1.60463
     0.902000      1.60460
     0.903000      1.60457
     0.904000      1.60455
     0.905000      1.60452
     0.906000      1.60449
     0.907000      1.60447
     0.908000      1.60444
     0.909000      1.60442
     0.910000      1.60439
     0.911000      1.60436
     0.912000      1.60434
     0.913000      1.60431
     0.914000      1.60429
     0.915000      1.60426
     0.916000      1.60424
     0.917000      1.60421
     0.918000      1.60418
     0.919000      1.60416
     0.920000      1.60413
     0.921000      1.60411
     0.922000      1.60408
     0.923000      1.60406
     0.924000      1.60403
     0.925000      1.60401
     0.926000      1.60398
     0.927000      1.60396
     0.928000      1.60393
     0.929000      1.60391
     0.930000      1.60388
     0.931000      1.60386
     0.932000      1.60383
     0.933000      1.60381
     0.934000      1.60378
     0.935000      1.60376
     0.936000      1.60373
     0.937000      1.60371
     0.938000      1.60369
     0.939000      1.60366
     0.940000      1.60364
     0.941000      1.60361
     0.942000      1.60359
     0.943000      1.60357
     0.944000      1.60354
     0.945000      1.60352
     0.946000      1.60349
     0.947000      1.60347
     0.948000      1.60345
     0.949000      1.60342
     0.950000      1.60340
     0.951000      1.60337
     0.952000      1.60335
     0.953000      1.60333
     0.954000      1.60330
     0.955000      1.60328
     0.956000      1.60326
     0.957000      1.60323
     0.958000      1.60321
     0.959000      1.60319
     0.960000      1.60316
     0.961000      1.60314
     0.962000      1.60312
     0.963000      1.60309
     0.964000      1.60307
     0.965000      1.60305
     0.966000      1.60303
     0.967000      1.60300
     0.968000      1.60298
     0.969000      1.60296
     0.970000      1.60293
     0.971000      1.60291
     0.972000      1.60289
     0.973000      1.60287
     0.974000      1.60284
     0.975000      1.60282
     0.976000      1.60280
     0.977000      1.60278
     0.978000      1.60275
     0.979000      1.60273
     0.980000      1.60271
     0.981000      1.60269
     0.982000      1.60266
     0.983000      1.60264
     0.984000      1.60262
     0.985000      1.60260
     0.986000      1.60258
     0.987000      1.60255
     0.988000      1.60253
     0.989000      1.60251
     0.990000      1.60249
     0.991000      1.60247
     0.992000      1.60245
     0.993000      1.60242
     0.994000      1.60240
     0.995000      1.60238
     0.996000      1.60236
     0.997000      1.60234
     0.998000      1.60232
     0.999000      1.60229
      1.00000      1.60227
      1.00100      1.60225
      1.00200      1.60223
      1.00300      1.60221
      1.00400      1.60219
      1.00500      1.60217
      1.00600      1.60215
      1.00700      1.60212
      1.00800      1.60210
      1.00900      1.60208
      1.01000      1.60206
      1.01100      1.60204
      1.01200      1.60202
      1.01300      1.60200
      1.01400      1.60198
      1.01500      1.60196
      1.01600      1.60194
      1.01700      1.60191
      1.01800      1.60189
      1.01900      1.60187
      1.02000      1.60185
      1.02100      1.60183
      1.02200      1.60181
      1.02300      1.60179
      1.02400      1.60177
      1.02500      1.60175
      1.02600      1.60173
      1.02700      1.60171
      1.02800      1.60169
      1.02900      1.60167
      1.03000      1.60165
      1.03100      1.60163
      1.03200      1.60161
      1.03300      1.60159
      1.03400      1.60157
      1.03500      1.60155
      1.03600      1.60153
      1.03700      1.60151
      1.03800      1.60149
      1.03900      1.60147
      1.04000      1.60145
      1.04100      1.60143
      1.04200      1.60141
      1.04300      1.60139
      1.04400      1.60137
      1.04500      1.60135
      1.04600      1.60133
      1.04700      1.60131
      1.04800      1.60129
      1.04900      1.60127
      1.05000      1.60125
      1.05100      1.60123
      1.05200      1.60121
      1.05300      1.60119
      1.05400      1.60117
      1.05500      1.60115
      1.05600      1.60113
      1.05700      1.60111
      1.05800      1.60109
      1.05900      1.60107
      1.06000      1.60105
      1.06100      1.60103
      1.06200      1.60102
      1.06300      1.60100
      1.06400      1.60098
      1.06500      1.60096
      1.06600      1.60094
      1.06700      1.60092
      1.06800      1.60090
      1.06900      1.60088
      1.07000      1.60086
      1.07100      1.60084
      1.07200      1.60082
      1.07300      1.60081
      1.07400      1.60079
      1.07500      1.60077
      1.07600      1.60075
      1.07700      1.60073
      1.07800      1.60071
      1.07900      1.60069
      1.08000      1.60067
      1.08100      1.60065
      1.08200      1.60064
      1.08300      1.60062
      1.08400      1.60060
      1.08500      1.60058
      1.08600      1.60056
      1.08700      1.60054
      1.08800      1.60052
      1.08900      1.60051
      1.09000      1.60049
      1.09100      1.60047
      1.09200      1.60045
      1.09300      1.60043
      1.09400      1.60041
      1.09500      1.60040
      1.09600      1.60038
      1.09700      1.60036
      1.09800      1.60034
      1.09900      1.60032
      1.10000      1.60030
      1.10100      1.60029
      1.10200      1.60027
      1.10300      1.60025
      1.10400      1.60023
      1.10500      1.60021
      1.10600      1.60020
      1.10700      1.60018
      1.10800      1.60016
      1.10900      1.60014
      1.11000      1.60012
      1.11100      1.60011
      1.11200      1.60009
      1.11300      1.60007
      1.11400      1.60005
      1.11500      1.60003
      1.11600      1.60002
      1.11700      1.60000
      1.11800      1.59998
      1.11900      1.59996
      1.12000      1.59994
      1.12100      1.59993
      1.12200      1.59991
      1.12300      1.59989
      1.12400      1.59987
      1.12500      1.59986
      1.12600      1.59984
      1.12700      1.59982
      1.12800      1.59980
      1.12900      1.59979
      1.13000      1.59977
      1.13100      1.59975
      1.13200      1.59973
      1.13300      1.59972
      1.13400      1.59970
      1.13500      1.59968
      1.13600      1.59966
      1.13700      1.59965
      1.13800      1.59963
      1.13900      1.59961
      1.14000      1.59959
      1.14100      1.59958
      1.14200      1.59956
      1.14300      1.59954
      1.14400      1.59953
      1.14500      1.59951
      1.14600      1.59949
      1.14700      1.59947
      1.14800      1.59946
      1.14900      1.59944
      1.15000      1.59942
      1.15100      1.59940
      1.15200      1.59939
      1.15300      1.59937
      1.15400      1.59935
      1.15500      1.59934
      1.15600      1.59932
      1.15700      1.59930
      1.15800      1.59929
      1.15900      1.59927
      1.16000      1.59925
      1.16100      1.59923
      1.16200      1.59922
      1.16300      1.59920
      1.16400      1.59918
      1.16500      1.59917
      1.16600      1.59915
      1.16700      1.59913
      1.16800      1.59912
      1.16900      1.59910
      1.17000      1.59908
      1.17100      1.59907
      1.17200      1.59905
      1.17300      1.59903
      1.17400      1.59902
      1.17500      1.59900
      1.17600      1.59898
      1.17700      1.59897
      1.17800      1.59895
      1.17900      1.59893
      1.18000      1.59892
      1.18100      1.59890
      1.18200      1.59888
      1.18300      1.59887
      1.18400      1.59885
      1.18500      1.59883
      1.18600      1.59882
      1.18700      1.59880
      1.18800      1.59878
      1.18900      1.59877
      1.19000      1.59875
      1.19100      1.59874
      1.19200      1.59872
      1.19300      1.59870
      1.19400      1.59869
      1.19500      1.59867
      1.19600      1.59865
      1.19700      1.59864
      1.19800      1.59862
      1.19900      1.59861
      1.20000      1.59859
      1.20100      1.59857
      1.20200      1.59856
      1.20300      1.59854
      1.20400      1.59852
      1.20500      1.59851
      1.20600      1.59849
      1.20700      1.59848
      1.20800      1.59846
      1.20900      1.59844
      1.21000      1.59843
      1.21100      1.59841
      1.21200      1.59839
      1.21300      1.59838
      1.21400      1.59836
      1.21500      1.59835
      1.21600      1.59833
      1.21700      1.59831
      1.21800      1.59830
      1.21900      1.59828
      1.22000      1.59827
      1.22100      1.59825
      1.22200      1.59823
      1.22300      1.59822
      1.22400      1.59820
      1.22500      1.59819
      1.22600      1.59817
      1.22700      1.59816
      1.22800      1.59814
      1.22900      1.59812
      1.23000      1.59811
      1.23100      1.59809
      1.23200      1.59808
      1.23300      1.59806
      1.23400      1.59804
      1.23500      1.59803
      1.23600      1.59801
      1.23700      1.59800
      1.23800      1.59798
      1.23900      1.59797
      1.24000      1.59795
      1.24100      1.59793
      1.24200      1.59792
      1.24300      1.59790
      1.24400      1.59789
      1.24500      1.59787
      1.24600      1.59786
      1.24700      1.59784
      1.24800      1.59783
      1.24900      1.59781
      1.25000      1.59779
      1.25100      1.59778
      1.25200      1.59776
      1.25300      1.59775
      1.25400      1.59773
      1.25500      1.59772
      1.25600      1.59770
      1.25700      1.59769
      1.25800      1.59767
      1.25900      1.59765
      1.26000      1.59764
      1.26100      1.59762
      1.26200      1.59761
      1.26300      1.59759
      1.26400      1.59758
      1.26500      1.59756
      1.26600      1.59755
      1.26700      1.59753
      1.26800      1.59752
      1.26900      1.59750
      1.27000      1.59748
      1.27100      1.59747
      1.27200      1.59745
      1.27300      1.59744
      1.27400      1.59742
      1.27500      1.59741
      1.27600      1.59739
      1.27700      1.59738
      1.27800      1.59736
      1.27900      1.59735
      1.28000      1.59733
      1.28100      1.59732
      1.28200      1.59730
      1.28300      1.59729
      1.28400      1.59727
      1.28500      1.59726
      1.28600      1.59724
      1.28700      1.59723
      1.28800      1.59721
      1.28900      1.59720
      1.29000      1.59718
      1.29100      1.59716
      1.29200      1.59715
      1.29300      1.59713
      1.29400      1.59712
      1.29500      1.59710
      1.29600      1.59709
      1.29700      1.59707
      1.29800      1.59706
      1.29900      1.59704
      1.30000      1.59703
      1.30100      1.59701
      1.30200      1.59700
      1.30300      1.59698
      1.30400      1.59697
      1.30500      1.59695
      1.30600      1.59694
      1.30700      1.59692
      1.30800      1.59691
      1.30900      1.59689
      1.31000      1.59688
      1.31100      1.59686
      1.31200      1.59685
      1.31300      1.59683
      1.31400      1.59682
      1.31500      1.59680
      1.31600      1.59679
      1.31700      1.59677
      1.31800      1.59676
      1.31900      1.59674
      1.32000      1.59673
      1.32100      1.59671
      1.32200      1.59670
      1.32300      1.59669
      1.32400      1.59667
      1.32500      1.59666
      1.32600      1.59664
      1.32700      1.59663
      1.32800      1.59661
      1.32900      1.59660
      1.33000      1.59658
      1.33100      1.59657
      1.33200      1.59655
      1.33300      1.59654
      1.33400      1.59652
      1.33500      1.59651
      1.33600      1.59649
      1.33700      1.59648
      1.33800      1.59646
      1.33900      1.59645
      1.34000      1.59643
      1.34100      1.59642
      1.34200      1.59640
      1.34300      1.59639
      1.34400      1.59637
      1.34500      1.59636
      1.34600      1.59635
      1.34700      1.59633
      1.34800      1.59632
      1.34900      1.59630
      1.35000      1.59629
      1.35100      1.59627
      1.35200      1.59626
      1.35300      1.59624
      1.35400      1.59623
      1.35500      1.59621
      1.35600      1.59620
      1.35700      1.59618
      1.35800      1.59617
      1.35900      1.59616
      1.36000      1.59614
      1.36100      1.59613
      1.36200      1.59611
      1.36300      1.59610
      1.36400      1.59608
      1.36500      1.59607
      1.36600      1.59605
      1.36700      1.59604
      1.36800      1.59602
      1.36900      1.59601
      1.37000      1.59599
      1.37100      1.59598
      1.37200      1.59597
      1.37300      1.59595
      1.37400      1.59594
      1.37500      1.59592
      1.37600      1.59591
      1.37700      1.59589
      1.37800      1.59588
      1.37900      1.59586
      1.38000      1.59585
      1.38100      1.59584
      1.38200      1.59582
      1.38300      1.59581
      1.38400      1.59579
      1.38500      1.59578
      1.38600      1.59576
      1.38700      1.59575
      1.38800      1.59573
      1.38900      1.59572
      1.39000      1.59571
      1.39100      1.59569
      1.39200      1.59568
      1.39300      1.59566
      1.39400      1.59565
      1.39500      1.59563
      1.39600      1.59562
      1.39700      1.59560
      1.39800      1.59559
      1.39900      1.59558
      1.40000      1.59556
      1.40100      1.59555
      1.40200      1.59553
      1.40300      1.59552
      1.40400      1.59550
      1.40500      1.59549
      1.40600      1.59548
      1.40700      1.59546
      1.40800      1.59545
      1.40900      1.59543
      1.41000      1.59542
      1.41100      1.59540
      1.41200      1.59539
      1.41300      1.59538
      1.41400      1.59536
      1.41500      1.59535
      1.41600      1.59533
      1.41700      1.59532
      1.41800      1.59530
      1.41900      1.59529
      1.42000      1.59528
      1.42100      1.59526
      1.42200      1.59525
      1.42300      1.59523
      1.42400      1.59522
      1.42500      1.59520
      1.42600      1.59519
      1.42700      1.59518
      1.42800      1.59516
      1.42900      1.59515
      1.43000      1.59513
      1.43100      1.59512
      1.43200      1.59510
      1.43300      1.59509
      1.43400      1.59508
      1.43500      1.59506
      1.43600      1.59505
      1.43700      1.59503
      1.43800      1.59502
      1.43900      1.59500
      1.44000      1.59499
      1.44100      1.59498
      1.44200      1.59496
      1.44300      1.59495
      1.44400      1.59493
      1.44500      1.59492
      1.44600      1.59491
      1.44700      1.59489
      1.44800      1.59488
      1.44900      1.59486
      1.45000      1.59485
      1.45100      1.59483
      1.45200      1.59482
      1.45300      1.59481
      1.45400      1.59479
      1.45500      1.59478
      1.45600      1.59476
      1.45700      1.59475
      1.45800      1.59474
      1.45900      1.59472
      1.46000      1.59471
      1.46100      1.59469
      1.46200      1.59468
      1.46300      1.59466
      1.46400      1.59465
      1.46500      1.59464
      1.46600      1.59462
      1.46700      1.59461
      1.46800      1.59459
      1.46900      1.59458
      1.47000      1.59457
      1.47100      1.59455
      1.47200      1.59454
      1.47300      1.59452
      1.47400      1.59451
      1.47500      1.59449
      1.47600      1.59448
      1.47700      1.59447
      1.47800      1.59445
      1.47900      1.59444
      1.48000      1.59442
      1.48100      1.59441
      1.48200      1.59440
      1.48300      1.59438
      1.48400      1.59437
      1.48500      1.59435
      1.48600      1.59434
      1.48700      1.59433
      1.48800      1.59431
      1.48900      1.59430
      1.49000      1.59428
      1.49100      1.59427
      1.49200      1.59426
      1.49300      1.59424
      1.49400      1.59423
      1.49500      1.59421
      1.49600      1.59420
      1.49700      1.59419
      1.49800      1.59417
      1.49900      1.59416
      1.50000      1.59414
      1.50100      1.59413
      1.50200      1.59412
      1.50300      1.59410
      1.50400      1.59409
      1.50500      1.59407
      1.50600      1.59406
      1.50700      1.59405
      1.50800      1.59403
      1.50900      1.59402
      1.51000      1.59400
      1.51100      1.59399
      1.51200      1.59397
      1.51300      1.59396
      1.51400      1.59395
      1.51500      1.59393
      1.51600      1.59392
      1.51700      1.59390
      1.51800      1.59389
      1.51900      1.59388
      1.52000      1.59386
      1.52100      1.59385
      1.52200      1.59383
      1.52300      1.59382
      1.52400      1.59381
      1.52500      1.59379
      1.52600      1.59378
      1.52700      1.59376
      1.52800      1.59375
      1.52900      1.59374
      1.53000      1.59372
