     0.200000      1.60038
     0.201000      1.59480
     0.202000      1.58903
     0.203000      1.58305
     0.204000      1.57684
     0.205000      1.57036
     0.206000      1.56360
     0.207000      1.55650
     0.208000      1.54902
     0.209000      1.54113
     0.210000      1.53275
     0.211000      1.52383
     0.212000      1.51429
     0.213000      1.50404
     0.214000      1.49296
     0.215000      1.48093
     0.216000      1.46778
     0.217000      1.45331
     0.218000      1.43729
     0.219000      1.41939
     0.220000      1.39923
     0.221000      1.37628
     0.222000      1.34985
     0.223000      1.31900
     0.224000      1.28242
     0.225000      1.23818
     0.226000      1.18337
     0.227000      1.11328
     0.228000      1.01966
     0.229000     0.885958
     0.230000     0.669250
     0.231000     0.140579
     0.232000     0.844777
     0.233000      1.36112
     0.234000      2.01794
     0.235000      3.21164
     0.236000      11.8012
     0.237000      4.34432
     0.238000      3.22467
     0.239000      2.78742
     0.240000      2.54717
     0.241000      2.39343
     0.242000      2.28594
     0.243000      2.20625
     0.244000      2.14465
     0.245000      2.09550
     0.246000      2.05532
     0.247000      2.02180
     0.248000      1.99338
     0.249000      1.96895
     0.250000      1.94770
     0.251000      1.92904
     0.252000      1.91250
     0.253000      1.89773
     0.254000      1.88445
     0.255000      1.87244
     0.256000      1.86151
     0.257000      1.85152
     0.258000      1.84235
     0.259000      1.83389
     0.260000      1.82606
     0.261000      1.81879
     0.262000      1.81201
     0.263000      1.80568
     0.264000      1.79975
     0.265000      1.79419
     0.266000      1.78894
     0.267000      1.78399
     0.268000      1.77932
     0.269000      1.77489
     0.270000      1.77068
     0.271000      1.76668
     0.272000      1.76288
     0.273000      1.75925
     0.274000      1.75578
     0.275000      1.75247
     0.276000      1.74929
     0.277000      1.74625
     0.278000      1.74333
     0.279000      1.74053
     0.280000      1.73783
     0.281000      1.73524
     0.282000      1.73274
     0.283000      1.73032
     0.284000      1.72800
     0.285000      1.72575
     0.286000      1.72357
     0.287000      1.72147
     0.288000      1.71943
     0.289000      1.71746
     0.290000      1.71554
     0.291000      1.71369
     0.292000      1.71188
     0.293000      1.71013
     0.294000      1.70843
     0.295000      1.70678
     0.296000      1.70517
     0.297000      1.70360
     0.298000      1.70208
     0.299000      1.70059
     0.300000      1.69914
     0.301000      1.69773
     0.302000      1.69635
     0.303000      1.69501
     0.304000      1.69370
     0.305000      1.69242
     0.306000      1.69116
     0.307000      1.68994
     0.308000      1.68874
     0.309000      1.68757
     0.310000      1.68643
     0.311000      1.68531
     0.312000      1.68421
     0.313000      1.68314
     0.314000      1.68208
     0.315000      1.68105
     0.316000      1.68004
     0.317000      1.67905
     0.318000      1.67808
     0.319000      1.67713
     0.320000      1.67619
     0.321000      1.67528
     0.322000      1.67438
     0.323000      1.67349
     0.324000      1.67263
     0.325000      1.67178
     0.326000      1.67094
     0.327000      1.67012
     0.328000      1.66931
     0.329000      1.66852
     0.330000      1.66774
     0.331000      1.66697
     0.332000      1.66621
     0.333000      1.66547
     0.334000      1.66474
     0.335000      1.66402
     0.336000      1.66332
     0.337000      1.66262
     0.338000      1.66194
     0.339000      1.66126
     0.340000      1.66060
     0.341000      1.65995
     0.342000      1.65930
     0.343000      1.65867
     0.344000      1.65804
     0.345000      1.65743
     0.346000      1.65682
     0.347000      1.65622
     0.348000      1.65563
     0.349000      1.65505
     0.350000      1.65448
     0.351000      1.65392
     0.352000      1.65336
     0.353000      1.65281
     0.354000      1.65227
     0.355000      1.65173
     0.356000      1.65121
     0.357000      1.65069
     0.358000      1.65017
     0.359000      1.64967
     0.360000      1.64917
     0.361000      1.64867
     0.362000      1.64819
     0.363000      1.64771
     0.364000      1.64723
     0.365000      1.64676
     0.366000      1.64630
     0.367000      1.64584
     0.368000      1.64539
     0.369000      1.64494
     0.370000      1.64450
     0.371000      1.64407
     0.372000      1.64364
     0.373000      1.64321
     0.374000      1.64279
     0.375000      1.64238
     0.376000      1.64197
     0.377000      1.64156
     0.378000      1.64116
     0.379000      1.64077
     0.380000      1.64037
     0.381000      1.63999
     0.382000      1.63960
     0.383000      1.63923
     0.384000      1.63885
     0.385000      1.63848
     0.386000      1.63812
     0.387000      1.63775
     0.388000      1.63740
     0.389000      1.63704
     0.390000      1.63669
     0.391000      1.63634
     0.392000      1.63600
     0.393000      1.63566
     0.394000      1.63533
     0.395000      1.63499
     0.396000      1.63467
     0.397000      1.63434
     0.398000      1.63402
     0.399000      1.63370
     0.400000      1.63338
     0.401000      1.63307
     0.402000      1.63276
     0.403000      1.63246
     0.404000      1.63215
     0.405000      1.63185
     0.406000      1.63156
     0.407000      1.63126
     0.408000      1.63097
     0.409000      1.63068
     0.410000      1.63040
     0.411000      1.63011
     0.412000      1.62983
     0.413000      1.62956
     0.414000      1.62928
     0.415000      1.62901
     0.416000      1.62874
     0.417000      1.62847
     0.418000      1.62821
     0.419000      1.62795
     0.420000      1.62769
     0.421000      1.62743
     0.422000      1.62718
     0.423000      1.62692
     0.424000      1.62667
     0.425000      1.62642
     0.426000      1.62618
     0.427000      1.62594
     0.428000      1.62569
     0.429000      1.62546
     0.430000      1.62522
     0.431000      1.62498
     0.432000      1.62475
     0.433000      1.62452
     0.434000      1.62429
     0.435000      1.62406
     0.436000      1.62384
     0.437000      1.62362
     0.438000      1.62339
     0.439000      1.62317
     0.440000      1.62296
     0.441000      1.62274
     0.442000      1.62253
     0.443000      1.62232
     0.444000      1.62211
     0.445000      1.62190
     0.446000      1.62169
     0.447000      1.62149
     0.448000      1.62128
     0.449000      1.62108
     0.450000      1.62088
     0.451000      1.62068
     0.452000      1.62049
     0.453000      1.62029
     0.454000      1.62010
     0.455000      1.61991
     0.456000      1.61972
     0.457000      1.61953
     0.458000      1.61934
     0.459000      1.61915
     0.460000      1.61897
     0.461000      1.61879
     0.462000      1.61860
     0.463000      1.61842
     0.464000      1.61825
     0.465000      1.61807
     0.466000      1.61789
     0.467000      1.61772
     0.468000      1.61754
     0.469000      1.61737
     0.470000      1.61720
     0.471000      1.61703
     0.472000      1.61686
     0.473000      1.61670
     0.474000      1.61653
     0.475000      1.61637
     0.476000      1.61620
     0.477000      1.61604
     0.478000      1.61588
     0.479000      1.61572
     0.480000      1.61556
     0.481000      1.61541
     0.482000      1.61525
     0.483000      1.61509
     0.484000      1.61494
     0.485000      1.61479
     0.486000      1.61464
     0.487000      1.61449
     0.488000      1.61434
     0.489000      1.61419
     0.490000      1.61404
     0.491000      1.61389
     0.492000      1.61375
     0.493000      1.61360
     0.494000      1.61346
     0.495000      1.61332
     0.496000      1.61318
     0.497000      1.61304
     0.498000      1.61290
     0.499000      1.61276
     0.500000      1.61262
     0.501000      1.61249
     0.502000      1.61235
     0.503000      1.61222
     0.504000      1.61208
     0.505000      1.61195
     0.506000      1.61182
     0.507000      1.61169
     0.508000      1.61156
     0.509000      1.61143
     0.510000      1.61130
     0.511000      1.61117
     0.512000      1.61104
     0.513000      1.61092
     0.514000      1.61079
     0.515000      1.61067
     0.516000      1.61055
     0.517000      1.61042
     0.518000      1.61030
     0.519000      1.61018
     0.520000      1.61006
     0.521000      1.60994
     0.522000      1.60982
     0.523000      1.60970
     0.524000      1.60959
     0.525000      1.60947
     0.526000      1.60935
     0.527000      1.60924
     0.528000      1.60913
     0.529000      1.60901
     0.530000      1.60890
     0.531000      1.60879
     0.532000      1.60868
     0.533000      1.60856
     0.534000      1.60845
     0.535000      1.60835
     0.536000      1.60824
     0.537000      1.60813
     0.538000      1.60802
     0.539000      1.60791
     0.540000      1.60781
     0.541000      1.60770
     0.542000      1.60760
     0.543000      1.60749
     0.544000      1.60739
     0.545000      1.60729
     0.546000      1.60719
     0.547000      1.60708
     0.548000      1.60698
     0.549000      1.60688
     0.550000      1.60678
     0.551000      1.60668
     0.552000      1.60658
     0.553000      1.60649
     0.554000      1.60639
     0.555000      1.60629
     0.556000      1.60620
     0.557000      1.60610
     0.558000      1.60601
     0.559000      1.60591
     0.560000      1.60582
     0.561000      1.60572
     0.562000      1.60563
     0.563000      1.60554
     0.564000      1.60545
     0.565000      1.60535
     0.566000      1.60526
     0.567000      1.60517
     0.568000      1.60508
     0.569000      1.60499
     0.570000      1.60490
     0.571000      1.60482
     0.572000      1.60473
     0.573000      1.60464
     0.574000      1.60455
     0.575000      1.60447
     0.576000      1.60438
     0.577000      1.60430
     0.578000      1.60421
     0.579000      1.60413
     0.580000      1.60404
     0.581000      1.60396
     0.582000      1.60387
     0.583000      1.60379
     0.584000      1.60371
     0.585000      1.60363
     0.586000      1.60355
     0.587000      1.60347
     0.588000      1.60338
     0.589000      1.60330
     0.590000      1.60322
     0.591000      1.60315
     0.592000      1.60307
     0.593000      1.60299
     0.594000      1.60291
     0.595000      1.60283
     0.596000      1.60276
     0.597000      1.60268
     0.598000      1.60260
     0.599000      1.60253
     0.600000      1.60245
     0.601000      1.60238
     0.602000      1.60230
     0.603000      1.60223
     0.604000      1.60215
     0.605000      1.60208
     0.606000      1.60201
     0.607000      1.60193
     0.608000      1.60186
     0.609000      1.60179
     0.610000      1.60172
     0.611000      1.60164
     0.612000      1.60157
     0.613000      1.60150
     0.614000      1.60143
     0.615000      1.60136
     0.616000      1.60129
     0.617000      1.60122
     0.618000      1.60115
     0.619000      1.60109
     0.620000      1.60102
     0.621000      1.60095
     0.622000      1.60088
     0.623000      1.60081
     0.624000      1.60075
     0.625000      1.60068
     0.626000      1.60061
     0.627000      1.60055
     0.628000      1.60048
     0.629000      1.60042
     0.630000      1.60035
     0.631000      1.60029
     0.632000      1.60022
     0.633000      1.60016
     0.634000      1.60009
     0.635000      1.60003
     0.636000      1.59997
     0.637000      1.59990
     0.638000      1.59984
     0.639000      1.59978
     0.640000      1.59972
     0.641000      1.59966
     0.642000      1.59959
     0.643000      1.59953
     0.644000      1.59947
     0.645000      1.59941
     0.646000      1.59935
     0.647000      1.59929
     0.648000      1.59923
     0.649000      1.59917
     0.650000      1.59911
     0.651000      1.59905
     0.652000      1.59900
     0.653000      1.59894
     0.654000      1.59888
     0.655000      1.59882
     0.656000      1.59876
     0.657000      1.59871
     0.658000      1.59865
     0.659000      1.59859
     0.660000      1.59854
     0.661000      1.59848
     0.662000      1.59842
     0.663000      1.59837
     0.664000      1.59831
     0.665000      1.59826
     0.666000      1.59820
     0.667000      1.59815
     0.668000      1.59809
     0.669000      1.59804
     0.670000      1.59798
     0.671000      1.59793
     0.672000      1.59788
     0.673000      1.59782
     0.674000      1.59777
     0.675000      1.59772
     0.676000      1.59766
     0.677000      1.59761
     0.678000      1.59756
     0.679000      1.59751
     0.680000      1.59745
     0.681000      1.59740
     0.682000      1.59735
     0.683000      1.59730
     0.684000      1.59725
     0.685000      1.59720
     0.686000      1.59715
     0.687000      1.59710
     0.688000      1.59705
     0.689000      1.59700
     0.690000      1.59695
     0.691000      1.59690
     0.692000      1.59685
     0.693000      1.59680
     0.694000      1.59675
     0.695000      1.59670
     0.696000      1.59665
     0.697000      1.59661
     0.698000      1.59656
     0.699000      1.59651
     0.700000      1.59646
     0.701000      1.59641
     0.702000      1.59637
     0.703000      1.59632
     0.704000      1.59627
     0.705000      1.59623
     0.706000      1.59618
     0.707000      1.59613
     0.708000      1.59609
     0.709000      1.59604
     0.710000      1.59599
     0.711000      1.59595
     0.712000      1.59590
     0.713000      1.59586
     0.714000      1.59581
     0.715000      1.59577
     0.716000      1.59572
     0.717000      1.59568
     0.718000      1.59563
     0.719000      1.59559
     0.720000      1.59555
     0.721000      1.59550
     0.722000      1.59546
     0.723000      1.59541
     0.724000      1.59537
     0.725000      1.59533
     0.726000      1.59528
     0.727000      1.59524
     0.728000      1.59520
     0.729000      1.59516
     0.730000      1.59511
     0.731000      1.59507
     0.732000      1.59503
     0.733000      1.59499
     0.734000      1.59495
     0.735000      1.59490
     0.736000      1.59486
     0.737000      1.59482
     0.738000      1.59478
     0.739000      1.59474
     0.740000      1.59470
     0.741000      1.59466
     0.742000      1.59462
     0.743000      1.59458
     0.744000      1.59454
     0.745000      1.59450
     0.746000      1.59446
     0.747000      1.59442
     0.748000      1.59438
     0.749000      1.59434
     0.750000      1.59430
     0.751000      1.59426
     0.752000      1.59422
     0.753000      1.59418
     0.754000      1.59414
     0.755000      1.59410
     0.756000      1.59406
     0.757000      1.59403
     0.758000      1.59399
     0.759000      1.59395
     0.760000      1.59391
     0.761000      1.59387
     0.762000      1.59384
     0.763000      1.59380
     0.764000      1.59376
     0.765000      1.59372
     0.766000      1.59369
     0.767000      1.59365
     0.768000      1.59361
     0.769000      1.59357
     0.770000      1.59354
     0.771000      1.59350
     0.772000      1.59346
     0.773000      1.59343
     0.774000      1.59339
     0.775000      1.59336
     0.776000      1.59332
     0.777000      1.59328
     0.778000      1.59325
     0.779000      1.59321
     0.780000      1.59318
     0.781000      1.59314
     0.782000      1.59311
     0.783000      1.59307
     0.784000      1.59304
     0.785000      1.59300
     0.786000      1.59297
     0.787000      1.59293
     0.788000      1.59290
     0.789000      1.59286
     0.790000      1.59283
     0.791000      1.59279
     0.792000      1.59276
     0.793000      1.59273
     0.794000      1.59269
     0.795000      1.59266
     0.796000      1.59262
     0.797000      1.59259
     0.798000      1.59256
     0.799000      1.59252
     0.800000      1.59249
     0.801000      1.59246
     0.802000      1.59242
     0.803000      1.59239
     0.804000      1.59236
     0.805000      1.59233
     0.806000      1.59229
     0.807000      1.59226
     0.808000      1.59223
     0.809000      1.59220
     0.810000      1.59216
     0.811000      1.59213
     0.812000      1.59210
     0.813000      1.59207
     0.814000      1.59204
     0.815000      1.59200
     0.816000      1.59197
     0.817000      1.59194
     0.818000      1.59191
     0.819000      1.59188
     0.820000      1.59185
     0.821000      1.59182
     0.822000      1.59178
     0.823000      1.59175
     0.824000      1.59172
     0.825000      1.59169
     0.826000      1.59166
     0.827000      1.59163
     0.828000      1.59160
     0.829000      1.59157
     0.830000      1.59154
     0.831000      1.59151
     0.832000      1.59148
     0.833000      1.59145
     0.834000      1.59142
     0.835000      1.59139
     0.836000      1.59136
     0.837000      1.59133
     0.838000      1.59130
     0.839000      1.59127
     0.840000      1.59124
     0.841000      1.59121
     0.842000      1.59118
     0.843000      1.59115
     0.844000      1.59112
     0.845000      1.59109
     0.846000      1.59107
     0.847000      1.59104
     0.848000      1.59101
     0.849000      1.59098
     0.850000      1.59095
     0.851000      1.59092
     0.852000      1.59089
     0.853000      1.59086
     0.854000      1.59084
     0.855000      1.59081
     0.856000      1.59078
     0.857000      1.59075
     0.858000      1.59072
     0.859000      1.59070
     0.860000      1.59067
     0.861000      1.59064
     0.862000      1.59061
     0.863000      1.59058
     0.864000      1.59056
     0.865000      1.59053
     0.866000      1.59050
     0.867000      1.59047
     0.868000      1.59045
     0.869000      1.59042
     0.870000      1.59039
     0.871000      1.59037
     0.872000      1.59034
     0.873000      1.59031
     0.874000      1.59029
     0.875000      1.59026
     0.876000      1.59023
     0.877000      1.59021
     0.878000      1.59018
     0.879000      1.59015
     0.880000      1.59013
     0.881000      1.59010
     0.882000      1.59007
     0.883000      1.59005
     0.884000      1.59002
     0.885000      1.58999
     0.886000      1.58997
     0.887000      1.58994
     0.888000      1.58992
     0.889000      1.58989
     0.890000      1.58986
     0.891000      1.58984
     0.892000      1.58981
     0.893000      1.58979
     0.894000      1.58976
     0.895000      1.58974
     0.896000      1.58971
     0.897000      1.58969
     0.898000      1.58966
     0.899000      1.58964
     0.900000      1.58961
     0.901000      1.58959
     0.902000      1.58956
     0.903000      1.58954
     0.904000      1.58951
     0.905000      1.58949
     0.906000      1.58946
     0.907000      1.58944
     0.908000      1.58941
     0.909000      1.58939
     0.910000      1.58936
     0.911000      1.58934
     0.912000      1.58931
     0.913000      1.58929
     0.914000      1.58926
     0.915000      1.58924
     0.916000      1.58922
     0.917000      1.58919
     0.918000      1.58917
     0.919000      1.58914
     0.920000      1.58912
     0.921000      1.58910
     0.922000      1.58907
     0.923000      1.58905
     0.924000      1.58902
     0.925000      1.58900
     0.926000      1.58898
     0.927000      1.58895
     0.928000      1.58893
     0.929000      1.58891
     0.930000      1.58888
     0.931000      1.58886
     0.932000      1.58884
     0.933000      1.58881
     0.934000      1.58879
     0.935000      1.58877
     0.936000      1.58874
     0.937000      1.58872
     0.938000      1.58870
     0.939000      1.58868
     0.940000      1.58865
     0.941000      1.58863
     0.942000      1.58861
     0.943000      1.58858
     0.944000      1.58856
     0.945000      1.58854
     0.946000      1.58852
     0.947000      1.58849
     0.948000      1.58847
     0.949000      1.58845
     0.950000      1.58843
     0.951000      1.58840
     0.952000      1.58838
     0.953000      1.58836
     0.954000      1.58834
     0.955000      1.58831
     0.956000      1.58829
     0.957000      1.58827
     0.958000      1.58825
     0.959000      1.58823
     0.960000      1.58820
     0.961000      1.58818
     0.962000      1.58816
     0.963000      1.58814
     0.964000      1.58812
     0.965000      1.58810
     0.966000      1.58807
     0.967000      1.58805
     0.968000      1.58803
     0.969000      1.58801
     0.970000      1.58799
     0.971000      1.58797
     0.972000      1.58794
     0.973000      1.58792
     0.974000      1.58790
     0.975000      1.58788
     0.976000      1.58786
     0.977000      1.58784
     0.978000      1.58782
     0.979000      1.58780
     0.980000      1.58777
     0.981000      1.58775
     0.982000      1.58773
     0.983000      1.58771
     0.984000      1.58769
     0.985000      1.58767
     0.986000      1.58765
     0.987000      1.58763
     0.988000      1.58761
     0.989000      1.58759
     0.990000      1.58757
     0.991000      1.58754
     0.992000      1.58752
     0.993000      1.58750
     0.994000      1.58748
     0.995000      1.58746
     0.996000      1.58744
     0.997000      1.58742
     0.998000      1.58740
     0.999000      1.58738
      1.00000      1.58736
      1.00100      1.58734
      1.00200      1.58732
      1.00300      1.58730
      1.00400      1.58728
      1.00500      1.58726
      1.00600      1.58724
      1.00700      1.58722
      1.00800      1.58720
      1.00900      1.58718
      1.01000      1.58716
      1.01100      1.58714
      1.01200      1.58712
      1.01300      1.58710
      1.01400      1.58708
      1.01500      1.58706
      1.01600      1.58704
      1.01700      1.58702
      1.01800      1.58700
      1.01900      1.58698
      1.02000      1.58696
      1.02100      1.58694
      1.02200      1.58692
      1.02300      1.58690
      1.02400      1.58688
      1.02500      1.58686
      1.02600      1.58685
      1.02700      1.58683
      1.02800      1.58681
      1.02900      1.58679
      1.03000      1.58677
      1.03100      1.58675
      1.03200      1.58673
      1.03300      1.58671
      1.03400      1.58669
      1.03500      1.58667
      1.03600      1.58665
      1.03700      1.58663
      1.03800      1.58661
      1.03900      1.58660
      1.04000      1.58658
      1.04100      1.58656
      1.04200      1.58654
      1.04300      1.58652
      1.04400      1.58650
      1.04500      1.58648
      1.04600      1.58646
      1.04700      1.58645
      1.04800      1.58643
      1.04900      1.58641
      1.05000      1.58639
      1.05100      1.58637
      1.05200      1.58635
      1.05300      1.58633
      1.05400      1.58631
      1.05500      1.58630
      1.05600      1.58628
      1.05700      1.58626
      1.05800      1.58624
      1.05900      1.58622
      1.06000      1.58620
      1.06100      1.58619
      1.06200      1.58617
      1.06300      1.58615
      1.06400      1.58613
      1.06500      1.58611
      1.06600      1.58609
      1.06700      1.58608
      1.06800      1.58606
      1.06900      1.58604
      1.07000      1.58602
      1.07100      1.58600
      1.07200      1.58599
      1.07300      1.58597
      1.07400      1.58595
      1.07500      1.58593
      1.07600      1.58591
      1.07700      1.58590
      1.07800      1.58588
      1.07900      1.58586
      1.08000      1.58584
      1.08100      1.58582
      1.08200      1.58581
      1.08300      1.58579
      1.08400      1.58577
      1.08500      1.58575
      1.08600      1.58574
      1.08700      1.58572
      1.08800      1.58570
      1.08900      1.58568
      1.09000      1.58567
      1.09100      1.58565
      1.09200      1.58563
      1.09300      1.58561
      1.09400      1.58560
      1.09500      1.58558
      1.09600      1.58556
      1.09700      1.58554
      1.09800      1.58553
      1.09900      1.58551
      1.10000      1.58549
      1.10100      1.58547
      1.10200      1.58546
      1.10300      1.58544
      1.10400      1.58542
      1.10500      1.58540
      1.10600      1.58539
      1.10700      1.58537
      1.10800      1.58535
      1.10900      1.58534
      1.11000      1.58532
      1.11100      1.58530
      1.11200      1.58528
      1.11300      1.58527
      1.11400      1.58525
      1.11500      1.58523
      1.11600      1.58522
      1.11700      1.58520
      1.11800      1.58518
      1.11900      1.58517
      1.12000      1.58515
      1.12100      1.58513
      1.12200      1.58511
      1.12300      1.58510
      1.12400      1.58508
      1.12500      1.58506
      1.12600      1.58505
      1.12700      1.58503
      1.12800      1.58501
      1.12900      1.58500
      1.13000      1.58498
      1.13100      1.58496
      1.13200      1.58495
      1.13300      1.58493
      1.13400      1.58491
      1.13500      1.58490
      1.13600      1.58488
      1.13700      1.58486
      1.13800      1.58485
      1.13900      1.58483
      1.14000      1.58481
      1.14100      1.58480
      1.14200      1.58478
      1.14300      1.58476
      1.14400      1.58475
      1.14500      1.58473
      1.14600      1.58472
      1.14700      1.58470
      1.14800      1.58468
      1.14900      1.58467
      1.15000      1.58465
      1.15100      1.58463
      1.15200      1.58462
      1.15300      1.58460
      1.15400      1.58458
      1.15500      1.58457
      1.15600      1.58455
      1.15700      1.58454
      1.15800      1.58452
      1.15900      1.58450
      1.16000      1.58449
      1.16100      1.58447
      1.16200      1.58446
      1.16300      1.58444
      1.16400      1.58442
      1.16500      1.58441
      1.16600      1.58439
      1.16700      1.58437
      1.16800      1.58436
      1.16900      1.58434
      1.17000      1.58433
      1.17100      1.58431
      1.17200      1.58429
      1.17300      1.58428
      1.17400      1.58426
      1.17500      1.58425
      1.17600      1.58423
      1.17700      1.58422
      1.17800      1.58420
      1.17900      1.58418
      1.18000      1.58417
      1.18100      1.58415
      1.18200      1.58414
      1.18300      1.58412
      1.18400      1.58410
      1.18500      1.58409
      1.18600      1.58407
      1.18700      1.58406
      1.18800      1.58404
      1.18900      1.58403
      1.19000      1.58401
      1.19100      1.58399
      1.19200      1.58398
      1.19300      1.58396
      1.19400      1.58395
      1.19500      1.58393
      1.19600      1.58392
      1.19700      1.58390
      1.19800      1.58389
      1.19900      1.58387
      1.20000      1.58385
      1.20100      1.58384
      1.20200      1.58382
      1.20300      1.58381
      1.20400      1.58379
      1.20500      1.58378
      1.20600      1.58376
      1.20700      1.58375
      1.20800      1.58373
      1.20900      1.58371
      1.21000      1.58370
      1.21100      1.58368
      1.21200      1.58367
      1.21300      1.58365
      1.21400      1.58364
      1.21500      1.58362
      1.21600      1.58361
      1.21700      1.58359
      1.21800      1.58358
      1.21900      1.58356
      1.22000      1.58355
      1.22100      1.58353
      1.22200      1.58352
      1.22300      1.58350
      1.22400      1.58349
      1.22500      1.58347
      1.22600      1.58345
      1.22700      1.58344
      1.22800      1.58342
      1.22900      1.58341
      1.23000      1.58339
      1.23100      1.58338
      1.23200      1.58336
      1.23300      1.58335
      1.23400      1.58333
      1.23500      1.58332
      1.23600      1.58330
      1.23700      1.58329
      1.23800      1.58327
      1.23900      1.58326
      1.24000      1.58324
      1.24100      1.58323
      1.24200      1.58321
      1.24300      1.58320
      1.24400      1.58318
      1.24500      1.58317
      1.24600      1.58315
      1.24700      1.58314
      1.24800      1.58312
      1.24900      1.58311
      1.25000      1.58309
      1.25100      1.58308
      1.25200      1.58306
      1.25300      1.58305
      1.25400      1.58303
      1.25500      1.58302
      1.25600      1.58300
      1.25700      1.58299
      1.25800      1.58297
      1.25900      1.58296
      1.26000      1.58294
      1.26100      1.58293
      1.26200      1.58291
      1.26300      1.58290
      1.26400      1.58289
      1.26500      1.58287
      1.26600      1.58286
      1.26700      1.58284
      1.26800      1.58283
      1.26900      1.58281
      1.27000      1.58280
      1.27100      1.58278
      1.27200      1.58277
      1.27300      1.58275
      1.27400      1.58274
      1.27500      1.58272
      1.27600      1.58271
      1.27700      1.58269
      1.27800      1.58268
      1.27900      1.58266
      1.28000      1.58265
      1.28100      1.58264
      1.28200      1.58262
      1.28300      1.58261
      1.28400      1.58259
      1.28500      1.58258
      1.28600      1.58256
      1.28700      1.58255
      1.28800      1.58253
      1.28900      1.58252
      1.29000      1.58250
      1.29100      1.58249
      1.29200      1.58248
      1.29300      1.58246
      1.29400      1.58245
      1.29500      1.58243
      1.29600      1.58242
      1.29700      1.58240
      1.29800      1.58239
      1.29900      1.58237
      1.30000      1.58236
      1.30100      1.58234
      1.30200      1.58233
      1.30300      1.58232
      1.30400      1.58230
      1.30500      1.58229
      1.30600      1.58227
      1.30700      1.58226
      1.30800      1.58224
      1.30900      1.58223
      1.31000      1.58222
      1.31100      1.58220
      1.31200      1.58219
      1.31300      1.58217
      1.31400      1.58216
      1.31500      1.58214
      1.31600      1.58213
      1.31700      1.58211
      1.31800      1.58210
      1.31900      1.58209
      1.32000      1.58207
      1.32100      1.58206
      1.32200      1.58204
      1.32300      1.58203
      1.32400      1.58201
      1.32500      1.58200
      1.32600      1.58199
      1.32700      1.58197
      1.32800      1.58196
      1.32900      1.58194
      1.33000      1.58193
      1.33100      1.58191
      1.33200      1.58190
      1.33300      1.58189
      1.33400      1.58187
      1.33500      1.58186
      1.33600      1.58184
      1.33700      1.58183
      1.33800      1.58182
      1.33900      1.58180
      1.34000      1.58179
      1.34100      1.58177
      1.34200      1.58176
      1.34300      1.58174
      1.34400      1.58173
      1.34500      1.58172
      1.34600      1.58170
      1.34700      1.58169
      1.34800      1.58167
      1.34900      1.58166
      1.35000      1.58165
      1.35100      1.58163
      1.35200      1.58162
      1.35300      1.58160
      1.35400      1.58159
      1.35500      1.58158
      1.35600      1.58156
      1.35700      1.58155
      1.35800      1.58153
      1.35900      1.58152
      1.36000      1.58150
      1.36100      1.58149
      1.36200      1.58148
      1.36300      1.58146
      1.36400      1.58145
      1.36500      1.58143
      1.36600      1.58142
      1.36700      1.58141
      1.36800      1.58139
      1.36900      1.58138
      1.37000      1.58136
      1.37100      1.58135
      1.37200      1.58134
      1.37300      1.58132
      1.37400      1.58131
      1.37500      1.58130
      1.37600      1.58128
      1.37700      1.58127
      1.37800      1.58125
      1.37900      1.58124
      1.38000      1.58123
      1.38100      1.58121
      1.38200      1.58120
      1.38300      1.58118
      1.38400      1.58117
      1.38500      1.58116
      1.38600      1.58114
      1.38700      1.58113
      1.38800      1.58111
      1.38900      1.58110
      1.39000      1.58109
      1.39100      1.58107
      1.39200      1.58106
      1.39300      1.58104
      1.39400      1.58103
      1.39500      1.58102
      1.39600      1.58100
      1.39700      1.58099
      1.39800      1.58097
      1.39900      1.58096
      1.40000      1.58095
      1.40100      1.58093
      1.40200      1.58092
      1.40300      1.58091
      1.40400      1.58089
      1.40500      1.58088
      1.40600      1.58086
      1.40700      1.58085
      1.40800      1.58084
      1.40900      1.58082
      1.41000      1.58081
      1.41100      1.58080
      1.41200      1.58078
      1.41300      1.58077
      1.41400      1.58075
      1.41500      1.58074
      1.41600      1.58073
      1.41700      1.58071
      1.41800      1.58070
      1.41900      1.58068
      1.42000      1.58067
      1.42100      1.58066
      1.42200      1.58064
      1.42300      1.58063
      1.42400      1.58062
      1.42500      1.58060
      1.42600      1.58059
      1.42700      1.58057
      1.42800      1.58056
      1.42900      1.58055
      1.43000      1.58053
      1.43100      1.58052
      1.43200      1.58051
      1.43300      1.58049
      1.43400      1.58048
      1.43500      1.58046
      1.43600      1.58045
      1.43700      1.58044
      1.43800      1.58042
      1.43900      1.58041
      1.44000      1.58040
      1.44100      1.58038
      1.44200      1.58037
      1.44300      1.58036
      1.44400      1.58034
      1.44500      1.58033
      1.44600      1.58031
      1.44700      1.58030
      1.44800      1.58029
      1.44900      1.58027
      1.45000      1.58026
      1.45100      1.58025
      1.45200      1.58023
      1.45300      1.58022
      1.45400      1.58020
      1.45500      1.58019
      1.45600      1.58018
      1.45700      1.58016
      1.45800      1.58015
      1.45900      1.58014
      1.46000      1.58012
      1.46100      1.58011
      1.46200      1.58010
      1.46300      1.58008
      1.46400      1.58007
      1.46500      1.58005
      1.46600      1.58004
      1.46700      1.58003
      1.46800      1.58001
      1.46900      1.58000
      1.47000      1.57999
      1.47100      1.57997
      1.47200      1.57996
      1.47300      1.57995
      1.47400      1.57993
      1.47500      1.57992
      1.47600      1.57990
      1.47700      1.57989
      1.47800      1.57988
      1.47900      1.57986
      1.48000      1.57985
      1.48100      1.57984
      1.48200      1.57982
      1.48300      1.57981
      1.48400      1.57980
      1.48500      1.57978
      1.48600      1.57977
      1.48700      1.57975
      1.48800      1.57974
      1.48900      1.57973
      1.49000      1.57971
      1.49100      1.57970
      1.49200      1.57969
      1.49300      1.57967
      1.49400      1.57966
      1.49500      1.57965
      1.49600      1.57963
      1.49700      1.57962
      1.49800      1.57961
      1.49900      1.57959
      1.50000      1.57958
      1.50100      1.57956
      1.50200      1.57955
      1.50300      1.57954
      1.50400      1.57952
      1.50500      1.57951
      1.50600      1.57950
      1.50700      1.57948
      1.50800      1.57947
      1.50900      1.57946
      1.51000      1.57944
      1.51100      1.57943
      1.51200      1.57942
      1.51300      1.57940
      1.51400      1.57939
      1.51500      1.57937
      1.51600      1.57936
      1.51700      1.57935
      1.51800      1.57933
      1.51900      1.57932
      1.52000      1.57931
      1.52100      1.57929
      1.52200      1.57928
      1.52300      1.57927
      1.52400      1.57925
      1.52500      1.57924
      1.52600      1.57923
      1.52700      1.57921
      1.52800      1.57920
      1.52900      1.57919
      1.53000      1.57917
