#
# (a): device name
# (b): number of amplifiers
# (c): pixels x
# (d): pixels y
#
# (1): amplifier name
# (2-5): x low, x high, y low, y high
# (6): serialread
# (7): parallelread
# (8-9): gain, % variation
# (10-11): bias level, % variation
# (12-13): readnoise , % variation
# (14-15): dark current, % variation
# (16-19): parallel prescan, serial overscan, serial prescan, parallel overscan (pixel)
# (20): hot pixel rate
# (21): hot column rate
# (22): data bit (16: unsigned short; 32: unsigned long)
# (23-): crosstalk
#
Ponyo           4        4225        2048
Ponyo_ch1          0  4224     0   511   1  1 1.7   3   1000   2   7   3 0.02   0 48 48  0  8    0.00025    0.00025  18 1.0 0.0 0.0 0.0 
Ponyo_ch2          0  4224   512  1023  -1  1 1.7   3   1000   2   7   3 0.02   0 48 48  0  8    0.00025    0.00025  18 0.0 1.0 0.0 0.0 
Ponyo_ch3          0  4224  1024  1535  -1  1 1.7   3   1000   2   7   3 0.02   0 48 48  0  8    0.00025    0.00025  18 0.0 0.0 1.0 0.0 
Ponyo_ch4          0  4224  1536  2047   1  1 1.7   3   1000   2   7   3 0.02   0 48 48  0  8    0.00025    0.00025  18 0.0 0.0 0.0 1.0 
San             4        4225        2048
San_ch1            0  4224     0   511   1  1 1.7   3   1000   2   7   3 0.02   0 48 48  0  8    0.00025    0.00025  18 1.0 0.0 0.0 0.0 
San_ch2            0  4224   512  1023  -1  1 1.7   3   1000   2   7   3 0.02   0 48 48  0  8    0.00025    0.00025  18 0.0 1.0 0.0 0.0 
San_ch3            0  4224  1024  1535  -1  1 1.7   3   1000   2   7   3 0.02   0 48 48  0  8    0.00025    0.00025  18 0.0 0.0 1.0 0.0 
San_ch4            0  4224  1536  2047   1  1 1.7   3   1000   2   7   3 0.02   0 48 48  0  8    0.00025    0.00025  18 0.0 0.0 0.0 1.0 
Satsuki         4        4225        2048
Satsuki_ch1        0  4224     0   511   1  1 1.7   3   1000   2   7   3 0.02   0 48 48  0  8    0.00025    0.00025  18 1.0 0.0 0.0 0.0 
Satsuki_ch2        0  4224   512  1023  -1  1 1.7   3   1000   2   7   3 0.02   0 48 48  0  8    0.00025    0.00025  18 0.0 1.0 0.0 0.0 
Satsuki_ch3        0  4224  1024  1535  -1  1 1.7   3   1000   2   7   3 0.02   0 48 48  0  8    0.00025    0.00025  18 0.0 0.0 1.0 0.0 
Satsuki_ch4        0  4224  1536  2047   1  1 1.7   3   1000   2   7   3 0.02   0 48 48  0  8    0.00025    0.00025  18 0.0 0.0 0.0 1.0 
Sheeta          4        4225        2048
Sheeta_ch1         0  4224     0   511   1  1 1.7   3   1000   2   7   3 0.02   0 48 48  0  8    0.00025    0.00025  18 1.0 0.0 0.0 0.0 
Sheeta_ch2         0  4224   512  1023  -1  1 1.7   3   1000   2   7   3 0.02   0 48 48  0  8    0.00025    0.00025  18 0.0 1.0 0.0 0.0 
Sheeta_ch3         0  4224  1024  1535  -1  1 1.7   3   1000   2   7   3 0.02   0 48 48  0  8    0.00025    0.00025  18 0.0 0.0 1.0 0.0 
Sheeta_ch4         0  4224  1536  2047   1  1 1.7   3   1000   2   7   3 0.02   0 48 48  0  8    0.00025    0.00025  18 0.0 0.0 0.0 1.0 
Sophie          4        4225        2048
Sophie_ch1         0  4224     0   511   1  1 1.7   3   1000   2   7   3 0.02   0 48 48  0  8    0.00025    0.00025  18 1.0 0.0 0.0 0.0 
Sophie_ch2         0  4224   512  1023  -1  1 1.7   3   1000   2   7   3 0.02   0 48 48  0  8    0.00025    0.00025  18 0.0 1.0 0.0 0.0 
Sophie_ch3         0  4224  1024  1535  -1  1 1.7   3   1000   2   7   3 0.02   0 48 48  0  8    0.00025    0.00025  18 0.0 0.0 1.0 0.0 
Sophie_ch4         0  4224  1536  2047   1  1 1.7   3   1000   2   7   3 0.02   0 48 48  0  8    0.00025    0.00025  18 0.0 0.0 0.0 1.0 
Chihiro         4        4225        2048
Chihiro_ch1        0  4224     0   511   1 -1 1.7   3   1000   2   7   3 0.02   0 48 48  0  8    0.00025    0.00025  18 1.0 0.0 0.0 0.0 
Chihiro_ch2        0  4224   512  1023  -1 -1 1.7   3   1000   2   7   3 0.02   0 48 48  0  8    0.00025    0.00025  18 0.0 1.0 0.0 0.0 
Chihiro_ch3        0  4224  1024  1535  -1 -1 1.7   3   1000   2   7   3 0.02   0 48 48  0  8    0.00025    0.00025  18 0.0 0.0 1.0 0.0 
Chihiro_ch4        0  4224  1536  2047   1 -1 1.7   3   1000   2   7   3 0.02   0 48 48  0  8    0.00025    0.00025  18 0.0 0.0 0.0 1.0 
Clarisse        4        4225        2048
Clarisse_ch1       0  4224     0   511   1 -1 1.7   3   1000   2   7   3 0.02   0 48 48  0  8    0.00025    0.00025  18 1.0 0.0 0.0 0.0 
Clarisse_ch2       0  4224   512  1023  -1 -1 1.7   3   1000   2   7   3 0.02   0 48 48  0  8    0.00025    0.00025  18 0.0 1.0 0.0 0.0 
Clarisse_ch3       0  4224  1024  1535  -1 -1 1.7   3   1000   2   7   3 0.02   0 48 48  0  8    0.00025    0.00025  18 0.0 0.0 1.0 0.0 
Clarisse_ch4       0  4224  1536  2047   1 -1 1.7   3   1000   2   7   3 0.02   0 48 48  0  8    0.00025    0.00025  18 0.0 0.0 0.0 1.0 
Fio             4        4225        2048
Fio_ch1            0  4224     0   511   1 -1 1.7   3   1000   2   7   3 0.02   0 48 48  0  8    0.00025    0.00025  18 1.0 0.0 0.0 0.0 
Fio_ch2            0  4224   512  1023  -1 -1 1.7   3   1000   2   7   3 0.02   0 48 48  0  8    0.00025    0.00025  18 0.0 1.0 0.0 0.0 
Fio_ch3            0  4224  1024  1535  -1 -1 1.7   3   1000   2   7   3 0.02   0 48 48  0  8    0.00025    0.00025  18 0.0 0.0 1.0 0.0 
Fio_ch4            0  4224  1536  2047   1 -1 1.7   3   1000   2   7   3 0.02   0 48 48  0  8    0.00025    0.00025  18 0.0 0.0 0.0 1.0 
Kiki            4        4225        2048
Kiki_ch1           0  4224     0   511   1 -1 1.7   3   1000   2   7   3 0.02   0 48 48  0  8    0.00025    0.00025  18 1.0 0.0 0.0 0.0 
Kiki_ch2           0  4224   512  1023  -1 -1 1.7   3   1000   2   7   3 0.02   0 48 48  0  8    0.00025    0.00025  18 0.0 1.0 0.0 0.0 
Kiki_ch3           0  4224  1024  1535  -1 -1 1.7   3   1000   2   7   3 0.02   0 48 48  0  8    0.00025    0.00025  18 0.0 0.0 1.0 0.0 
Kiki_ch4           0  4224  1536  2047   1 -1 1.7   3   1000   2   7   3 0.02   0 48 48  0  8    0.00025    0.00025  18 0.0 0.0 0.0 1.0 
Nausicaa        4        4225        2048
Nausicaa_ch1       0  4224     0   511   1 -1 1.7   3   1000   2   7   3 0.02   0 48 48  0  8    0.00025    0.00025  18 1.0 0.0 0.0 0.0 
Nausicaa_ch2       0  4224   512  1023  -1 -1 1.7   3   1000   2   7   3 0.02   0 48 48  0  8    0.00025    0.00025  18 0.0 1.0 0.0 0.0 
Nausicaa_ch3       0  4224  1024  1535  -1 -1 1.7   3   1000   2   7   3 0.02   0 48 48  0  8    0.00025    0.00025  18 0.0 0.0 1.0 0.0 
Nausicaa_ch4       0  4224  1536  2047   1 -1 1.7   3   1000   2   7   3 0.02   0 48 48  0  8    0.00025    0.00025  18 0.0 0.0 0.0 1.0 
