# coating file for lens A/R
# column 1 is the angle of incidence (degrees)
# column 2 is the wavelength (microns)
# column 3 is the transmission probability
# column 4 is the reflection probability
      0.00000     0.300000     0.983720    0.0162800
      0.00000     0.301000     0.983370    0.0166300
      0.00000     0.302000     0.983110    0.0168900
      0.00000     0.303000     0.982930    0.0170700
      0.00000     0.304000     0.982840    0.0171600
      0.00000     0.305000     0.982830    0.0171700
      0.00000     0.306000     0.982890    0.0171100
      0.00000     0.307000     0.983030    0.0169700
      0.00000     0.308000     0.983230    0.0167700
      0.00000     0.309000     0.983480    0.0165200
      0.00000     0.310000     0.983790    0.0162100
      0.00000     0.311000     0.984120    0.0158800
      0.00000     0.312000     0.984490    0.0155100
      0.00000     0.313000     0.984890    0.0151100
      0.00000     0.314000     0.985290    0.0147100
      0.00000     0.315000     0.985690    0.0143100
      0.00000     0.316000     0.986100    0.0139000
      0.00000     0.317000     0.986490    0.0135100
      0.00000     0.318000     0.986880    0.0131200
      0.00000     0.319000     0.987230    0.0127700
      0.00000     0.320000     0.987570    0.0124300
      0.00000     0.321000     0.987870    0.0121300
      0.00000     0.322000     0.988140    0.0118600
      0.00000     0.323000     0.988370    0.0116300
      0.00000     0.324000     0.988570    0.0114300
      0.00000     0.325000     0.988720    0.0112800
      0.00000     0.326000     0.988840    0.0111600
      0.00000     0.327000     0.988910    0.0110900
      0.00000     0.328000     0.988940    0.0110600
      0.00000     0.329000     0.988940    0.0110600
      0.00000     0.330000     0.988890    0.0111100
      0.00000     0.331000     0.988820    0.0111800
      0.00000     0.332000     0.988710    0.0112900
      0.00000     0.333000     0.988560    0.0114400
      0.00000     0.334000     0.988400    0.0116000
      0.00000     0.335000     0.988210    0.0117900
      0.00000     0.336000     0.987990    0.0120100
      0.00000     0.337000     0.987760    0.0122400
      0.00000     0.338000     0.987510    0.0124900
      0.00000     0.339000     0.987250    0.0127500
      0.00000     0.340000     0.986980    0.0130200
      0.00000     0.341000     0.986710    0.0132900
      0.00000     0.342000     0.986430    0.0135700
      0.00000     0.343000     0.986160    0.0138400
      0.00000     0.344000     0.985890    0.0141100
      0.00000     0.345000     0.985620    0.0143800
      0.00000     0.346000     0.985360    0.0146400
      0.00000     0.347000     0.985120    0.0148800
      0.00000     0.348000     0.984890    0.0151100
      0.00000     0.349000     0.984670    0.0153300
      0.00000     0.350000     0.984470    0.0155300
      0.00000     0.351000     0.984290    0.0157100
      0.00000     0.352000     0.984120    0.0158800
      0.00000     0.353000     0.983980    0.0160200
      0.00000     0.354000     0.983850    0.0161500
      0.00000     0.355000     0.983750    0.0162500
      0.00000     0.356000     0.983670    0.0163300
      0.00000     0.357000     0.983610    0.0163900
      0.00000     0.358000     0.983580    0.0164200
      0.00000     0.359000     0.983550    0.0164500
      0.00000     0.360000     0.983560    0.0164400
      0.00000     0.361000     0.983590    0.0164100
      0.00000     0.362000     0.983630    0.0163700
      0.00000     0.363000     0.983690    0.0163100
      0.00000     0.364000     0.983760    0.0162400
      0.00000     0.365000     0.983860    0.0161400
      0.00000     0.366000     0.983970    0.0160300
      0.00000     0.367000     0.984090    0.0159100
      0.00000     0.368000     0.984230    0.0157700
      0.00000     0.369000     0.984370    0.0156300
      0.00000     0.370000     0.984530    0.0154700
      0.00000     0.371000     0.984690    0.0153100
      0.00000     0.372000     0.984870    0.0151300
      0.00000     0.373000     0.985040    0.0149600
      0.00000     0.374000     0.985230    0.0147700
      0.00000     0.375000     0.985410    0.0145900
      0.00000     0.376000     0.985600    0.0144000
      0.00000     0.377000     0.985790    0.0142100
      0.00000     0.378000     0.985980    0.0140200
      0.00000     0.379000     0.986160    0.0138400
      0.00000     0.380000     0.986340    0.0136600
      0.00000     0.381000     0.986520    0.0134800
      0.00000     0.382000     0.986690    0.0133100
      0.00000     0.383000     0.986860    0.0131400
      0.00000     0.384000     0.987020    0.0129800
      0.00000     0.385000     0.987160    0.0128400
      0.00000     0.386000     0.987300    0.0127000
      0.00000     0.387000     0.987440    0.0125600
      0.00000     0.388000     0.987560    0.0124400
      0.00000     0.389000     0.987660    0.0123400
      0.00000     0.390000     0.987770    0.0122300
      0.00000     0.391000     0.987850    0.0121500
      0.00000     0.392000     0.987930    0.0120700
      0.00000     0.393000     0.987990    0.0120100
      0.00000     0.394000     0.988030    0.0119700
      0.00000     0.395000     0.988070    0.0119300
      0.00000     0.396000     0.988100    0.0119000
      0.00000     0.397000     0.988110    0.0118900
      0.00000     0.398000     0.988110    0.0118900
      0.00000     0.399000     0.988090    0.0119100
      0.00000     0.400000     0.988070    0.0119300
      0.00000     0.401000     0.988030    0.0119700
      0.00000     0.402000     0.987990    0.0120100
      0.00000     0.403000     0.987930    0.0120700
      0.00000     0.404000     0.987860    0.0121400
      0.00000     0.405000     0.987780    0.0122200
      0.00000     0.406000     0.987690    0.0123100
      0.00000     0.407000     0.987600    0.0124000
      0.00000     0.408000     0.987490    0.0125100
      0.00000     0.409000     0.987380    0.0126200
      0.00000     0.410000     0.987260    0.0127400
      0.00000     0.411000     0.987140    0.0128600
      0.00000     0.412000     0.987010    0.0129900
      0.00000     0.413000     0.986870    0.0131300
      0.00000     0.414000     0.986730    0.0132700
      0.00000     0.415000     0.986590    0.0134100
      0.00000     0.416000     0.986440    0.0135600
      0.00000     0.417000     0.986300    0.0137000
      0.00000     0.418000     0.986150    0.0138500
      0.00000     0.419000     0.986000    0.0140000
      0.00000     0.420000     0.985840    0.0141600
      0.00000     0.421000     0.985690    0.0143100
      0.00000     0.422000     0.985550    0.0144500
      0.00000     0.423000     0.985390    0.0146100
      0.00000     0.424000     0.985250    0.0147500
      0.00000     0.425000     0.985100    0.0149000
      0.00000     0.426000     0.984960    0.0150400
      0.00000     0.427000     0.984820    0.0151800
      0.00000     0.428000     0.984690    0.0153100
      0.00000     0.429000     0.984560    0.0154400
      0.00000     0.430000     0.984430    0.0155700
      0.00000     0.431000     0.984320    0.0156800
      0.00000     0.432000     0.984200    0.0158000
      0.00000     0.433000     0.984090    0.0159100
      0.00000     0.434000     0.983990    0.0160100
      0.00000     0.435000     0.983900    0.0161000
      0.00000     0.436000     0.983800    0.0162000
      0.00000     0.437000     0.983720    0.0162800
      0.00000     0.438000     0.983650    0.0163500
      0.00000     0.439000     0.983580    0.0164200
      0.00000     0.440000     0.983520    0.0164800
      0.00000     0.441000     0.983470    0.0165300
      0.00000     0.442000     0.983420    0.0165800
      0.00000     0.443000     0.983380    0.0166200
      0.00000     0.444000     0.983350    0.0166500
      0.00000     0.445000     0.983330    0.0166700
      0.00000     0.446000     0.983310    0.0166900
      0.00000     0.447000     0.983310    0.0166900
      0.00000     0.448000     0.983300    0.0167000
      0.00000     0.449000     0.983310    0.0166900
      0.00000     0.450000     0.983320    0.0166800
      0.00000     0.451000     0.983340    0.0166600
      0.00000     0.452000     0.983370    0.0166300
      0.00000     0.453000     0.983400    0.0166000
      0.00000     0.454000     0.983440    0.0165600
      0.00000     0.455000     0.983480    0.0165200
      0.00000     0.456000     0.983530    0.0164700
      0.00000     0.457000     0.983590    0.0164100
      0.00000     0.458000     0.983660    0.0163400
      0.00000     0.459000     0.983720    0.0162800
      0.00000     0.460000     0.983800    0.0162000
      0.00000     0.461000     0.983870    0.0161300
      0.00000     0.462000     0.983960    0.0160400
      0.00000     0.463000     0.984050    0.0159500
      0.00000     0.464000     0.984140    0.0158600
      0.00000     0.465000     0.984230    0.0157700
      0.00000     0.466000     0.984330    0.0156700
      0.00000     0.467000     0.984430    0.0155700
      0.00000     0.468000     0.984540    0.0154600
      0.00000     0.469000     0.984650    0.0153500
      0.00000     0.470000     0.984750    0.0152500
      0.00000     0.471000     0.984870    0.0151300
      0.00000     0.472000     0.984980    0.0150200
      0.00000     0.473000     0.985090    0.0149100
      0.00000     0.474000     0.985210    0.0147900
      0.00000     0.475000     0.985330    0.0146700
      0.00000     0.476000     0.985440    0.0145600
      0.00000     0.477000     0.985570    0.0144300
      0.00000     0.478000     0.985680    0.0143200
      0.00000     0.479000     0.985800    0.0142000
      0.00000     0.480000     0.985920    0.0140800
      0.00000     0.481000     0.986040    0.0139600
      0.00000     0.482000     0.986150    0.0138500
      0.00000     0.483000     0.986270    0.0137300
      0.00000     0.484000     0.986380    0.0136200
      0.00000     0.485000     0.986490    0.0135100
      0.00000     0.486000     0.986610    0.0133900
      0.00000     0.487000     0.986710    0.0132900
      0.00000     0.488000     0.986820    0.0131800
      0.00000     0.489000     0.986920    0.0130800
      0.00000     0.490000     0.987030    0.0129700
      0.00000     0.491000     0.987120    0.0128800
      0.00000     0.492000     0.987220    0.0127800
      0.00000     0.493000     0.987310    0.0126900
      0.00000     0.494000     0.987400    0.0126000
      0.00000     0.495000     0.987490    0.0125100
      0.00000     0.496000     0.987570    0.0124300
      0.00000     0.497000     0.987650    0.0123500
      0.00000     0.498000     0.987720    0.0122800
      0.00000     0.499000     0.987800    0.0122000
      0.00000     0.500000     0.987870    0.0121300
      0.00000     0.501000     0.987930    0.0120700
      0.00000     0.502000     0.987990    0.0120100
      0.00000     0.503000     0.988050    0.0119500
      0.00000     0.504000     0.988100    0.0119000
      0.00000     0.505000     0.988150    0.0118500
      0.00000     0.506000     0.988200    0.0118000
      0.00000     0.507000     0.988250    0.0117500
      0.00000     0.508000     0.988280    0.0117200
      0.00000     0.509000     0.988320    0.0116800
      0.00000     0.510000     0.988350    0.0116500
      0.00000     0.511000     0.988370    0.0116300
      0.00000     0.512000     0.988390    0.0116100
      0.00000     0.513000     0.988410    0.0115900
      0.00000     0.514000     0.988430    0.0115700
      0.00000     0.515000     0.988440    0.0115600
      0.00000     0.516000     0.988440    0.0115600
      0.00000     0.517000     0.988450    0.0115500
      0.00000     0.518000     0.988450    0.0115500
      0.00000     0.519000     0.988440    0.0115600
      0.00000     0.520000     0.988440    0.0115600
      0.00000     0.521000     0.988420    0.0115800
      0.00000     0.522000     0.988410    0.0115900
      0.00000     0.523000     0.988390    0.0116100
      0.00000     0.524000     0.988370    0.0116300
      0.00000     0.525000     0.988350    0.0116500
      0.00000     0.526000     0.988330    0.0116700
      0.00000     0.527000     0.988300    0.0117000
      0.00000     0.528000     0.988270    0.0117300
      0.00000     0.529000     0.988230    0.0117700
      0.00000     0.530000     0.988200    0.0118000
      0.00000     0.531000     0.988150    0.0118500
      0.00000     0.532000     0.988110    0.0118900
      0.00000     0.533000     0.988070    0.0119300
      0.00000     0.534000     0.988020    0.0119800
      0.00000     0.535000     0.987980    0.0120200
      0.00000     0.536000     0.987930    0.0120700
      0.00000     0.537000     0.987880    0.0121200
      0.00000     0.538000     0.987830    0.0121700
      0.00000     0.539000     0.987770    0.0122300
      0.00000     0.540000     0.987710    0.0122900
      0.00000     0.541000     0.987660    0.0123400
      0.00000     0.542000     0.987600    0.0124000
      0.00000     0.543000     0.987540    0.0124600
      0.00000     0.544000     0.987490    0.0125100
      0.00000     0.545000     0.987430    0.0125700
      0.00000     0.546000     0.987370    0.0126300
      0.00000     0.547000     0.987300    0.0127000
      0.00000     0.548000     0.987240    0.0127600
      0.00000     0.549000     0.987180    0.0128200
      0.00000     0.550000     0.987120    0.0128800
      0.00000     0.551000     0.987060    0.0129400
      0.00000     0.552000     0.987000    0.0130000
      0.00000     0.553000     0.986930    0.0130700
      0.00000     0.554000     0.986870    0.0131300
      0.00000     0.555000     0.986810    0.0131900
      0.00000     0.556000     0.986750    0.0132500
      0.00000     0.557000     0.986690    0.0133100
      0.00000     0.558000     0.986630    0.0133700
      0.00000     0.559000     0.986570    0.0134300
      0.00000     0.560000     0.986510    0.0134900
      0.00000     0.561000     0.986460    0.0135400
      0.00000     0.562000     0.986400    0.0136000
      0.00000     0.563000     0.986350    0.0136500
      0.00000     0.564000     0.986290    0.0137100
      0.00000     0.565000     0.986240    0.0137600
      0.00000     0.566000     0.986190    0.0138100
      0.00000     0.567000     0.986140    0.0138600
      0.00000     0.568000     0.986090    0.0139100
      0.00000     0.569000     0.986040    0.0139600
      0.00000     0.570000     0.986000    0.0140000
      0.00000     0.571000     0.985960    0.0140400
      0.00000     0.572000     0.985910    0.0140900
      0.00000     0.573000     0.985870    0.0141300
      0.00000     0.574000     0.985830    0.0141700
      0.00000     0.575000     0.985790    0.0142100
      0.00000     0.576000     0.985760    0.0142400
      0.00000     0.577000     0.985730    0.0142700
      0.00000     0.578000     0.985690    0.0143100
      0.00000     0.579000     0.985670    0.0143300
      0.00000     0.580000     0.985640    0.0143600
      0.00000     0.581000     0.985610    0.0143900
      0.00000     0.582000     0.985590    0.0144100
      0.00000     0.583000     0.985570    0.0144300
      0.00000     0.584000     0.985550    0.0144500
      0.00000     0.585000     0.985530    0.0144700
      0.00000     0.586000     0.985510    0.0144900
      0.00000     0.587000     0.985500    0.0145000
      0.00000     0.588000     0.985480    0.0145200
      0.00000     0.589000     0.985450    0.0145500
      0.00000     0.590000     0.985440    0.0145600
      0.00000     0.591000     0.985440    0.0145600
      0.00000     0.592000     0.985430    0.0145700
      0.00000     0.593000     0.985430    0.0145700
      0.00000     0.594000     0.985430    0.0145700
      0.00000     0.595000     0.985440    0.0145600
      0.00000     0.596000     0.985440    0.0145600
      0.00000     0.597000     0.985450    0.0145500
      0.00000     0.598000     0.985460    0.0145400
      0.00000     0.599000     0.985470    0.0145300
      0.00000     0.600000     0.985480    0.0145200
      0.00000     0.601000     0.985500    0.0145000
      0.00000     0.602000     0.985520    0.0144800
      0.00000     0.603000     0.985540    0.0144600
      0.00000     0.604000     0.985560    0.0144400
      0.00000     0.605000     0.985580    0.0144200
      0.00000     0.606000     0.985610    0.0143900
      0.00000     0.607000     0.985630    0.0143700
      0.00000     0.608000     0.985660    0.0143400
      0.00000     0.609000     0.985690    0.0143100
      0.00000     0.610000     0.985720    0.0142800
      0.00000     0.611000     0.985750    0.0142500
      0.00000     0.612000     0.985790    0.0142100
      0.00000     0.613000     0.985820    0.0141800
      0.00000     0.614000     0.985860    0.0141400
      0.00000     0.615000     0.985900    0.0141000
      0.00000     0.616000     0.985940    0.0140600
      0.00000     0.617000     0.985980    0.0140200
      0.00000     0.618000     0.986020    0.0139800
      0.00000     0.619000     0.986070    0.0139300
      0.00000     0.620000     0.986110    0.0138900
      0.00000     0.621000     0.986160    0.0138400
      0.00000     0.622000     0.986200    0.0138000
      0.00000     0.623000     0.986260    0.0137400
      0.00000     0.624000     0.986310    0.0136900
      0.00000     0.625000     0.986360    0.0136400
      0.00000     0.626000     0.986410    0.0135900
      0.00000     0.627000     0.986460    0.0135400
      0.00000     0.628000     0.986510    0.0134900
      0.00000     0.629000     0.986570    0.0134300
      0.00000     0.630000     0.986630    0.0133700
      0.00000     0.631000     0.986680    0.0133200
      0.00000     0.632000     0.986740    0.0132600
      0.00000     0.633000     0.986790    0.0132100
      0.00000     0.634000     0.986850    0.0131500
      0.00000     0.635000     0.986900    0.0131000
      0.00000     0.636000     0.986960    0.0130400
      0.00000     0.637000     0.987020    0.0129800
      0.00000     0.638000     0.987080    0.0129200
      0.00000     0.639000     0.987130    0.0128700
      0.00000     0.640000     0.987190    0.0128100
      0.00000     0.641000     0.987250    0.0127500
      0.00000     0.642000     0.987310    0.0126900
      0.00000     0.643000     0.987370    0.0126300
      0.00000     0.644000     0.987430    0.0125700
      0.00000     0.645000     0.987500    0.0125000
      0.00000     0.646000     0.987560    0.0124400
      0.00000     0.647000     0.987620    0.0123800
      0.00000     0.648000     0.987680    0.0123200
      0.00000     0.649000     0.987740    0.0122600
      0.00000     0.650000     0.987810    0.0121900
      0.00000     0.651000     0.987870    0.0121300
      0.00000     0.652000     0.987930    0.0120700
      0.00000     0.653000     0.987990    0.0120100
      0.00000     0.654000     0.988050    0.0119500
      0.00000     0.655000     0.988110    0.0118900
      0.00000     0.656000     0.988170    0.0118300
      0.00000     0.657000     0.988230    0.0117700
      0.00000     0.658000     0.988290    0.0117100
      0.00000     0.659000     0.988350    0.0116500
      0.00000     0.660000     0.988400    0.0116000
      0.00000     0.661000     0.988460    0.0115400
      0.00000     0.662000     0.988520    0.0114800
      0.00000     0.663000     0.988570    0.0114300
      0.00000     0.664000     0.988630    0.0113700
      0.00000     0.665000     0.988680    0.0113200
      0.00000     0.666000     0.988740    0.0112600
      0.00000     0.667000     0.988790    0.0112100
      0.00000     0.668000     0.988840    0.0111600
      0.00000     0.669000     0.988890    0.0111100
      0.00000     0.670000     0.988940    0.0110600
      0.00000     0.671000     0.988990    0.0110100
      0.00000     0.672000     0.989040    0.0109600
      0.00000     0.673000     0.989090    0.0109100
      0.00000     0.674000     0.989140    0.0108600
      0.00000     0.675000     0.989180    0.0108200
      0.00000     0.676000     0.989230    0.0107700
      0.00000     0.677000     0.989270    0.0107300
      0.00000     0.678000     0.989310    0.0106900
      0.00000     0.679000     0.989360    0.0106400
      0.00000     0.680000     0.989400    0.0106000
      0.00000     0.681000     0.989440    0.0105600
      0.00000     0.682000     0.989470    0.0105300
      0.00000     0.683000     0.989520    0.0104800
      0.00000     0.684000     0.989550    0.0104500
      0.00000     0.685000     0.989590    0.0104100
      0.00000     0.686000     0.989620    0.0103800
      0.00000     0.687000     0.989660    0.0103400
      0.00000     0.688000     0.989690    0.0103100
      0.00000     0.689000     0.989720    0.0102800
      0.00000     0.690000     0.989750    0.0102500
      0.00000     0.691000     0.989780    0.0102200
      0.00000     0.692000     0.989810    0.0101900
      0.00000     0.693000     0.989830    0.0101700
      0.00000     0.694000     0.989860    0.0101400
      0.00000     0.695000     0.989880    0.0101200
      0.00000     0.696000     0.989900    0.0101000
      0.00000     0.697000     0.989930    0.0100700
      0.00000     0.698000     0.989950    0.0100500
      0.00000     0.699000     0.989970    0.0100300
      0.00000     0.700000     0.989980    0.0100200
      0.00000     0.701000     0.990010   0.00998998
      0.00000     0.702000     0.990020   0.00998002
      0.00000     0.703000     0.990040   0.00996000
      0.00000     0.704000     0.990050   0.00994998
      0.00000     0.705000     0.990060   0.00994003
      0.00000     0.706000     0.990070   0.00993001
      0.00000     0.707000     0.990080   0.00992000
      0.00000     0.708000     0.990090   0.00990999
      0.00000     0.709000     0.990100   0.00989997
      0.00000     0.710000     0.990100   0.00989997
      0.00000     0.711000     0.990110   0.00989002
      0.00000     0.712000     0.990110   0.00989002
      0.00000     0.713000     0.990120   0.00988001
      0.00000     0.714000     0.990120   0.00988001
      0.00000     0.715000     0.990120   0.00988001
      0.00000     0.716000     0.990120   0.00988001
      0.00000     0.717000     0.990120   0.00988001
      0.00000     0.718000     0.990110   0.00989002
      0.00000     0.719000     0.990110   0.00989002
      0.00000     0.720000     0.990110   0.00989002
      0.00000     0.721000     0.990100   0.00989997
      0.00000     0.722000     0.990090   0.00990999
      0.00000     0.723000     0.990090   0.00990999
      0.00000     0.724000     0.990080   0.00992000
      0.00000     0.725000     0.990070   0.00993001
      0.00000     0.726000     0.990060   0.00994003
      0.00000     0.727000     0.990040   0.00996000
      0.00000     0.728000     0.990030   0.00997001
      0.00000     0.729000     0.990020   0.00998002
      0.00000     0.730000     0.990000   0.00999999
      0.00000     0.731000     0.989980    0.0100200
      0.00000     0.732000     0.989970    0.0100300
      0.00000     0.733000     0.989950    0.0100500
      0.00000     0.734000     0.989930    0.0100700
      0.00000     0.735000     0.989910    0.0100900
      0.00000     0.736000     0.989890    0.0101100
      0.00000     0.737000     0.989870    0.0101300
      0.00000     0.738000     0.989850    0.0101500
      0.00000     0.739000     0.989830    0.0101700
      0.00000     0.740000     0.989810    0.0101900
      0.00000     0.741000     0.989780    0.0102200
      0.00000     0.742000     0.989760    0.0102400
      0.00000     0.743000     0.989730    0.0102700
      0.00000     0.744000     0.989710    0.0102900
      0.00000     0.745000     0.989680    0.0103200
      0.00000     0.746000     0.989650    0.0103500
      0.00000     0.747000     0.989630    0.0103700
      0.00000     0.748000     0.989600    0.0104000
      0.00000     0.749000     0.989570    0.0104300
      0.00000     0.750000     0.989540    0.0104600
      0.00000     0.751000     0.989510    0.0104900
      0.00000     0.752000     0.989480    0.0105200
      0.00000     0.753000     0.989450    0.0105500
      0.00000     0.754000     0.989410    0.0105900
      0.00000     0.755000     0.989380    0.0106200
      0.00000     0.756000     0.989350    0.0106500
      0.00000     0.757000     0.989320    0.0106800
      0.00000     0.758000     0.989280    0.0107200
      0.00000     0.759000     0.989250    0.0107500
      0.00000     0.760000     0.989220    0.0107800
      0.00000     0.761000     0.989180    0.0108200
      0.00000     0.762000     0.989150    0.0108500
      0.00000     0.763000     0.989120    0.0108800
      0.00000     0.764000     0.989080    0.0109200
      0.00000     0.765000     0.989040    0.0109600
      0.00000     0.766000     0.989010    0.0109900
      0.00000     0.767000     0.988970    0.0110300
      0.00000     0.768000     0.988930    0.0110700
      0.00000     0.769000     0.988900    0.0111000
      0.00000     0.770000     0.988860    0.0111400
      0.00000     0.771000     0.988830    0.0111700
      0.00000     0.772000     0.988790    0.0112100
      0.00000     0.773000     0.988750    0.0112500
      0.00000     0.774000     0.988720    0.0112800
      0.00000     0.775000     0.988680    0.0113200
      0.00000     0.776000     0.988640    0.0113600
      0.00000     0.777000     0.988610    0.0113900
      0.00000     0.778000     0.988570    0.0114300
      0.00000     0.779000     0.988530    0.0114700
      0.00000     0.780000     0.988490    0.0115100
      0.00000     0.781000     0.988460    0.0115400
      0.00000     0.782000     0.988420    0.0115800
      0.00000     0.783000     0.988380    0.0116200
      0.00000     0.784000     0.988350    0.0116500
      0.00000     0.785000     0.988310    0.0116900
      0.00000     0.786000     0.988270    0.0117300
      0.00000     0.787000     0.988240    0.0117600
      0.00000     0.788000     0.988200    0.0118000
      0.00000     0.789000     0.988160    0.0118400
      0.00000     0.790000     0.988130    0.0118700
      0.00000     0.791000     0.988090    0.0119100
      0.00000     0.792000     0.988060    0.0119400
      0.00000     0.793000     0.988020    0.0119800
      0.00000     0.794000     0.987990    0.0120100
      0.00000     0.795000     0.987950    0.0120500
      0.00000     0.796000     0.987920    0.0120800
      0.00000     0.797000     0.987880    0.0121200
      0.00000     0.798000     0.987850    0.0121500
      0.00000     0.799000     0.987820    0.0121800
      0.00000     0.800000     0.987780    0.0122200
      0.00000     0.801000     0.987750    0.0122500
      0.00000     0.802000     0.987710    0.0122900
      0.00000     0.803000     0.987680    0.0123200
      0.00000     0.804000     0.987650    0.0123500
      0.00000     0.805000     0.987620    0.0123800
      0.00000     0.806000     0.987590    0.0124100
      0.00000     0.807000     0.987560    0.0124400
      0.00000     0.808000     0.987530    0.0124700
      0.00000     0.809000     0.987500    0.0125000
      0.00000     0.810000     0.987470    0.0125300
      0.00000     0.811000     0.987440    0.0125600
      0.00000     0.812000     0.987420    0.0125800
      0.00000     0.813000     0.987390    0.0126100
      0.00000     0.814000     0.987360    0.0126400
      0.00000     0.815000     0.987330    0.0126700
      0.00000     0.816000     0.987310    0.0126900
      0.00000     0.817000     0.987280    0.0127200
      0.00000     0.818000     0.987260    0.0127400
      0.00000     0.819000     0.987230    0.0127700
      0.00000     0.820000     0.987210    0.0127900
      0.00000     0.821000     0.987180    0.0128200
      0.00000     0.822000     0.987160    0.0128400
      0.00000     0.823000     0.987140    0.0128600
      0.00000     0.824000     0.987120    0.0128800
      0.00000     0.825000     0.987100    0.0129000
      0.00000     0.826000     0.987080    0.0129200
      0.00000     0.827000     0.987060    0.0129400
      0.00000     0.828000     0.987040    0.0129600
      0.00000     0.829000     0.987020    0.0129800
      0.00000     0.830000     0.987000    0.0130000
      0.00000     0.831000     0.986990    0.0130100
      0.00000     0.832000     0.986970    0.0130300
      0.00000     0.833000     0.986950    0.0130500
      0.00000     0.834000     0.986930    0.0130700
      0.00000     0.835000     0.986920    0.0130800
      0.00000     0.836000     0.986910    0.0130900
      0.00000     0.837000     0.986890    0.0131100
      0.00000     0.838000     0.986880    0.0131200
      0.00000     0.839000     0.986870    0.0131300
      0.00000     0.840000     0.986860    0.0131400
      0.00000     0.841000     0.986850    0.0131500
      0.00000     0.842000     0.986840    0.0131600
      0.00000     0.843000     0.986830    0.0131700
      0.00000     0.844000     0.986820    0.0131800
      0.00000     0.845000     0.986810    0.0131900
      0.00000     0.846000     0.986800    0.0132000
      0.00000     0.847000     0.986800    0.0132000
      0.00000     0.848000     0.986790    0.0132100
      0.00000     0.849000     0.986790    0.0132100
      0.00000     0.850000     0.986780    0.0132200
      0.00000     0.851000     0.986780    0.0132200
      0.00000     0.852000     0.986770    0.0132300
      0.00000     0.853000     0.986770    0.0132300
      0.00000     0.854000     0.986770    0.0132300
      0.00000     0.855000     0.986770    0.0132300
      0.00000     0.856000     0.986770    0.0132300
      0.00000     0.857000     0.986770    0.0132300
      0.00000     0.858000     0.986770    0.0132300
      0.00000     0.859000     0.986770    0.0132300
      0.00000     0.860000     0.986780    0.0132200
      0.00000     0.861000     0.986780    0.0132200
      0.00000     0.862000     0.986780    0.0132200
      0.00000     0.863000     0.986790    0.0132100
      0.00000     0.864000     0.986790    0.0132100
      0.00000     0.865000     0.986800    0.0132000
      0.00000     0.866000     0.986810    0.0131900
      0.00000     0.867000     0.986810    0.0131900
      0.00000     0.868000     0.986820    0.0131800
      0.00000     0.869000     0.986830    0.0131700
      0.00000     0.870000     0.986840    0.0131600
      0.00000     0.871000     0.986850    0.0131500
      0.00000     0.872000     0.986860    0.0131400
      0.00000     0.873000     0.986870    0.0131300
      0.00000     0.874000     0.986880    0.0131200
      0.00000     0.875000     0.986900    0.0131000
      0.00000     0.876000     0.986910    0.0130900
      0.00000     0.877000     0.986920    0.0130800
      0.00000     0.878000     0.986940    0.0130600
      0.00000     0.879000     0.986950    0.0130500
      0.00000     0.880000     0.986970    0.0130300
      0.00000     0.881000     0.986990    0.0130100
      0.00000     0.882000     0.987010    0.0129900
      0.00000     0.883000     0.987030    0.0129700
      0.00000     0.884000     0.987040    0.0129600
      0.00000     0.885000     0.987060    0.0129400
      0.00000     0.886000     0.987080    0.0129200
      0.00000     0.887000     0.987100    0.0129000
      0.00000     0.888000     0.987120    0.0128800
      0.00000     0.889000     0.987150    0.0128500
      0.00000     0.890000     0.987170    0.0128300
      0.00000     0.891000     0.987190    0.0128100
      0.00000     0.892000     0.987210    0.0127900
      0.00000     0.893000     0.987240    0.0127600
      0.00000     0.894000     0.987260    0.0127400
      0.00000     0.895000     0.987290    0.0127100
      0.00000     0.896000     0.987310    0.0126900
      0.00000     0.897000     0.987340    0.0126600
      0.00000     0.898000     0.987370    0.0126300
      0.00000     0.899000     0.987400    0.0126000
      0.00000     0.900000     0.987430    0.0125700
      0.00000     0.901000     0.987450    0.0125500
      0.00000     0.902000     0.987480    0.0125200
      0.00000     0.903000     0.987510    0.0124900
      0.00000     0.904000     0.987540    0.0124600
      0.00000     0.905000     0.987570    0.0124300
      0.00000     0.906000     0.987600    0.0124000
      0.00000     0.907000     0.987630    0.0123700
      0.00000     0.908000     0.987660    0.0123400
      0.00000     0.909000     0.987700    0.0123000
      0.00000     0.910000     0.987730    0.0122700
      0.00000     0.911000     0.987770    0.0122300
      0.00000     0.912000     0.987800    0.0122000
      0.00000     0.913000     0.987830    0.0121700
      0.00000     0.914000     0.987870    0.0121300
      0.00000     0.915000     0.987900    0.0121000
      0.00000     0.916000     0.987940    0.0120600
      0.00000     0.917000     0.987970    0.0120300
      0.00000     0.918000     0.988010    0.0119900
      0.00000     0.919000     0.988040    0.0119600
      0.00000     0.920000     0.988080    0.0119200
      0.00000     0.921000     0.988120    0.0118800
      0.00000     0.922000     0.988150    0.0118500
      0.00000     0.923000     0.988200    0.0118000
      0.00000     0.924000     0.988230    0.0117700
      0.00000     0.925000     0.988270    0.0117300
      0.00000     0.926000     0.988310    0.0116900
      0.00000     0.927000     0.988350    0.0116500
      0.00000     0.928000     0.988390    0.0116100
      0.00000     0.929000     0.988430    0.0115700
      0.00000     0.930000     0.988470    0.0115300
      0.00000     0.931000     0.988510    0.0114900
      0.00000     0.932000     0.988550    0.0114500
      0.00000     0.933000     0.988590    0.0114100
      0.00000     0.934000     0.988630    0.0113700
      0.00000     0.935000     0.988670    0.0113300
      0.00000     0.936000     0.988720    0.0112800
      0.00000     0.937000     0.988760    0.0112400
      0.00000     0.938000     0.988800    0.0112000
      0.00000     0.939000     0.988840    0.0111600
      0.00000     0.940000     0.988880    0.0111200
      0.00000     0.941000     0.988920    0.0110800
      0.00000     0.942000     0.988970    0.0110300
      0.00000     0.943000     0.989010    0.0109900
      0.00000     0.944000     0.989060    0.0109400
      0.00000     0.945000     0.989100    0.0109000
      0.00000     0.946000     0.989140    0.0108600
      0.00000     0.947000     0.989180    0.0108200
      0.00000     0.948000     0.989230    0.0107700
      0.00000     0.949000     0.989270    0.0107300
      0.00000     0.950000     0.989310    0.0106900
      0.00000     0.951000     0.989360    0.0106400
      0.00000     0.952000     0.989400    0.0106000
      0.00000     0.953000     0.989440    0.0105600
      0.00000     0.954000     0.989490    0.0105100
      0.00000     0.955000     0.989530    0.0104700
      0.00000     0.956000     0.989580    0.0104200
      0.00000     0.957000     0.989620    0.0103800
      0.00000     0.958000     0.989660    0.0103400
      0.00000     0.959000     0.989710    0.0102900
      0.00000     0.960000     0.989750    0.0102500
      0.00000     0.961000     0.989790    0.0102100
      0.00000     0.962000     0.989840    0.0101600
      0.00000     0.963000     0.989880    0.0101200
      0.00000     0.964000     0.989920    0.0100800
      0.00000     0.965000     0.989970    0.0100300
      0.00000     0.966000     0.990020   0.00998002
      0.00000     0.967000     0.990060   0.00994003
      0.00000     0.968000     0.990100   0.00989997
      0.00000     0.969000     0.990150   0.00985003
      0.00000     0.970000     0.990190   0.00980997
      0.00000     0.971000     0.990230   0.00976998
      0.00000     0.972000     0.990270   0.00972998
      0.00000     0.973000     0.990320   0.00967997
      0.00000     0.974000     0.990360   0.00963998
      0.00000     0.975000     0.990400   0.00959998
      0.00000     0.976000     0.990440   0.00955999
      0.00000     0.977000     0.990480   0.00951999
      0.00000     0.978000     0.990530   0.00946999
      0.00000     0.979000     0.990570   0.00942999
      0.00000     0.980000     0.990610   0.00939000
      0.00000     0.981000     0.990650   0.00935000
      0.00000     0.982000     0.990700   0.00929999
      0.00000     0.983000     0.990740   0.00926000
      0.00000     0.984000     0.990780   0.00922000
      0.00000     0.985000     0.990820   0.00918001
      0.00000     0.986000     0.990860   0.00914001
      0.00000     0.987000     0.990900   0.00910002
      0.00000     0.988000     0.990930   0.00906998
      0.00000     0.989000     0.990970   0.00902998
      0.00000     0.990000     0.991010   0.00898999
      0.00000     0.991000     0.991060   0.00893998
      0.00000     0.992000     0.991090   0.00891000
      0.00000     0.993000     0.991130   0.00887001
      0.00000     0.994000     0.991170   0.00883001
      0.00000     0.995000     0.991210   0.00879002
      0.00000     0.996000     0.991240   0.00875998
      0.00000     0.997000     0.991280   0.00871998
      0.00000     0.998000     0.991320   0.00867999
      0.00000     0.999000     0.991350   0.00865000
      0.00000      1.00000     0.991390   0.00861001
      0.00000      1.00100     0.991420   0.00858003
      0.00000      1.00200     0.991460   0.00853997
      0.00000      1.00300     0.991490   0.00850999
      0.00000      1.00400     0.991530   0.00847000
      0.00000      1.00500     0.991560   0.00844002
      0.00000      1.00600     0.991590   0.00840998
      0.00000      1.00700     0.991620   0.00838000
      0.00000      1.00800     0.991660   0.00834000
      0.00000      1.00900     0.991690   0.00831002
      0.00000      1.01000     0.991730   0.00827003
      0.00000      1.01100     0.991760   0.00823998
      0.00000      1.01200     0.991790   0.00821000
      0.00000      1.01300     0.991820   0.00818002
      0.00000      1.01400     0.991850   0.00814998
      0.00000      1.01500     0.991870   0.00813001
      0.00000      1.01600     0.991900   0.00809997
      0.00000      1.01700     0.991930   0.00806999
      0.00000      1.01800     0.991960   0.00804001
      0.00000      1.01900     0.991990   0.00801003
      0.00000      1.02000     0.992010   0.00799000
      0.00000      1.02100     0.992040   0.00796002
      0.00000      1.02200     0.992060   0.00793999
      0.00000      1.02300     0.992090   0.00791001
      0.00000      1.02400     0.992110   0.00788999
      0.00000      1.02500     0.992140   0.00786000
      0.00000      1.02600     0.992160   0.00783998
      0.00000      1.02700     0.992180   0.00782001
      0.00000      1.02800     0.992200   0.00779998
      0.00000      1.02900     0.992230   0.00777000
      0.00000      1.03000     0.992250   0.00774997
      0.00000      1.03100     0.992270   0.00773001
      0.00000      1.03200     0.992290   0.00770998
      0.00000      1.03300     0.992310   0.00769001
      0.00000      1.03400     0.992330   0.00766999
      0.00000      1.03500     0.992350   0.00765002
      0.00000      1.03600     0.992360   0.00764000
      0.00000      1.03700     0.992380   0.00761998
      0.00000      1.03800     0.992400   0.00760001
      0.00000      1.03900     0.992410   0.00759000
      0.00000      1.04000     0.992430   0.00757003
      0.00000      1.04100     0.992440   0.00756001
      0.00000      1.04200     0.992450   0.00755000
      0.00000      1.04300     0.992460   0.00753999
      0.00000      1.04400     0.992480   0.00752002
      0.00000      1.04500     0.992490   0.00751001
      0.00000      1.04600     0.992500   0.00749999
      0.00000      1.04700     0.992510   0.00748998
      0.00000      1.04800     0.992520   0.00748003
      0.00000      1.04900     0.992530   0.00747001
      0.00000      1.05000     0.992530   0.00747001
      0.00000      1.05100     0.992540   0.00746000
      0.00000      1.05200     0.992550   0.00744998
      0.00000      1.05300     0.992550   0.00744998
      0.00000      1.05400     0.992560   0.00743997
      0.00000      1.05500     0.992560   0.00743997
      0.00000      1.05600     0.992560   0.00743997
      0.00000      1.05700     0.992570   0.00743002
      0.00000      1.05800     0.992570   0.00743002
      0.00000      1.05900     0.992570   0.00743002
      0.00000      1.06000     0.992570   0.00743002
      0.00000      1.06100     0.992570   0.00743002
      0.00000      1.06200     0.992570   0.00743002
      0.00000      1.06300     0.992570   0.00743002
      0.00000      1.06400     0.992560   0.00743997
      0.00000      1.06500     0.992560   0.00743997
      0.00000      1.06600     0.992560   0.00743997
      0.00000      1.06700     0.992560   0.00743997
      0.00000      1.06800     0.992560   0.00743997
      0.00000      1.06900     0.992550   0.00744998
      0.00000      1.07000     0.992540   0.00746000
      0.00000      1.07100     0.992540   0.00746000
      0.00000      1.07200     0.992530   0.00747001
      0.00000      1.07300     0.992520   0.00748003
      0.00000      1.07400     0.992500   0.00749999
      0.00000      1.07500     0.992490   0.00751001
      0.00000      1.07600     0.992480   0.00752002
      0.00000      1.07700     0.992460   0.00753999
      0.00000      1.07800     0.992440   0.00756001
      0.00000      1.07900     0.992420   0.00757998
      0.00000      1.08000     0.992400   0.00760001
      0.00000      1.08100     0.992380   0.00761998
      0.00000      1.08200     0.992360   0.00764000
      0.00000      1.08300     0.992330   0.00766999
      0.00000      1.08400     0.992310   0.00769001
      0.00000      1.08500     0.992290   0.00770998
      0.00000      1.08600     0.992260   0.00774002
      0.00000      1.08700     0.992230   0.00777000
      0.00000      1.08800     0.992210   0.00779003
      0.00000      1.08900     0.992180   0.00782001
      0.00000      1.09000     0.992150   0.00784999
      0.00000      1.09100     0.992130   0.00787002
      0.00000      1.09200     0.992100   0.00790000
      0.00000      1.09300     0.992070   0.00792998
      0.00000      1.09400     0.992040   0.00796002
      0.00000      1.09500     0.992010   0.00799000
      0.00000      1.09600     0.991980   0.00801998
      0.00000      1.09700     0.991950   0.00805002
      0.00000      1.09800     0.991920   0.00808001
      0.00000      1.09900     0.991880   0.00812000
      0.00000      1.10000     0.991850   0.00814998
      0.00000      1.10100     0.991820   0.00818002
      0.00000      1.10200     0.991780   0.00822002
      0.00000      1.10300     0.991750   0.00825000
      0.00000      1.10400     0.991710   0.00828999
      0.00000      1.10500     0.991670   0.00832999
      0.00000      1.10600     0.991640   0.00836003
      0.00000      1.10700     0.991600   0.00840002
      0.00000      1.10800     0.991560   0.00844002
      0.00000      1.10900     0.991520   0.00848001
      0.00000      1.11000     0.991480   0.00852001
      0.00000      1.11100     0.991440   0.00856000
      0.00000      1.11200     0.991400   0.00860000
      0.00000      1.11300     0.991360   0.00863999
      0.00000      1.11400     0.991310   0.00869000
      0.00000      1.11500     0.991270   0.00872999
      0.00000      1.11600     0.991230   0.00876999
      0.00000      1.11700     0.991180   0.00882000
      0.00000      1.11800     0.991140   0.00885999
      0.00000      1.11900     0.991090   0.00891000
      0.00000      1.12000     0.991040   0.00896001
      0.00000      1.12100     0.990990   0.00901002
      0.00000      1.12200     0.990950   0.00905001
      0.00000      1.12300     0.990900   0.00910002
      0.00000      1.12400     0.990850   0.00915003
      0.00000      1.12500     0.990800   0.00919998
      0.00000      1.12600     0.990750   0.00924999
      0.00000      1.12700     0.990700   0.00929999
      0.00000      1.12800     0.990650   0.00935000
      0.00000      1.12900     0.990590   0.00941002
      0.00000      1.13000     0.990540   0.00945997
      0.00000      1.13100     0.990470   0.00953001
      0.00000      1.13200     0.990410   0.00959003
      0.00000      1.13300     0.990350   0.00964999
      0.00000      1.13400     0.990290   0.00971001
      0.00000      1.13500     0.990220   0.00977999
      0.00000      1.13600     0.990160   0.00984001
      0.00000      1.13700     0.990100   0.00989997
      0.00000      1.13800     0.990030   0.00997001
      0.00000      1.13900     0.989960    0.0100400
      0.00000      1.14000     0.989890    0.0101100
      0.00000      1.14100     0.989820    0.0101800
      0.00000      1.14200     0.989750    0.0102500
      0.00000      1.14300     0.989680    0.0103200
      0.00000      1.14400     0.989610    0.0103900
      0.00000      1.14500     0.989540    0.0104600
      0.00000      1.14600     0.989460    0.0105400
      0.00000      1.14700     0.989390    0.0106100
      0.00000      1.14800     0.989320    0.0106800
      0.00000      1.14900     0.989240    0.0107600
      0.00000      1.15000     0.989170    0.0108300
      0.00000      1.15100     0.989090    0.0109100
      0.00000      1.15200     0.989010    0.0109900
      0.00000      1.15300     0.988930    0.0110700
      0.00000      1.15400     0.988850    0.0111500
      0.00000      1.15500     0.988770    0.0112300
      0.00000      1.15600     0.988690    0.0113100
      0.00000      1.15700     0.988610    0.0113900
      0.00000      1.15800     0.988520    0.0114800
      0.00000      1.15900     0.988430    0.0115700
      0.00000      1.16000     0.988350    0.0116500
      0.00000      1.16100     0.988260    0.0117400
      0.00000      1.16200     0.988180    0.0118200
      0.00000      1.16300     0.988090    0.0119100
      0.00000      1.16400     0.988000    0.0120000
      0.00000      1.16500     0.987910    0.0120900
      0.00000      1.16600     0.987820    0.0121800
      0.00000      1.16700     0.987730    0.0122700
      0.00000      1.16800     0.987640    0.0123600
      0.00000      1.16900     0.987540    0.0124600
      0.00000      1.17000     0.987450    0.0125500
      0.00000      1.17100     0.987360    0.0126400
      0.00000      1.17200     0.987260    0.0127400
      0.00000      1.17300     0.987160    0.0128400
      0.00000      1.17400     0.987070    0.0129300
      0.00000      1.17500     0.986970    0.0130300
      0.00000      1.17600     0.986870    0.0131300
      0.00000      1.17700     0.986770    0.0132300
      0.00000      1.17800     0.986670    0.0133300
      0.00000      1.17900     0.986570    0.0134300
      0.00000      1.18000     0.986470    0.0135300
      0.00000      1.18100     0.986370    0.0136300
      0.00000      1.18200     0.986260    0.0137400
      0.00000      1.18300     0.986160    0.0138400
      0.00000      1.18400     0.986050    0.0139500
      0.00000      1.18500     0.985950    0.0140500
      0.00000      1.18600     0.985840    0.0141600
      0.00000      1.18700     0.985730    0.0142700
      0.00000      1.18800     0.985620    0.0143800
      0.00000      1.18900     0.985520    0.0144800
      0.00000      1.19000     0.985400    0.0146000
      0.00000      1.19100     0.985290    0.0147100
      0.00000      1.19200     0.985180    0.0148200
      0.00000      1.19300     0.985070    0.0149300
      0.00000      1.19400     0.984960    0.0150400
      0.00000      1.19500     0.984850    0.0151500
      0.00000      1.19600     0.984730    0.0152700
      0.00000      1.19700     0.984610    0.0153900
      0.00000      1.19800     0.984500    0.0155000
      0.00000      1.19900     0.984380    0.0156200
      0.00000      1.20000     0.984270    0.0157300
