#chip name number of amplifier number of X pixels number of Y pixels
G1S 2 2048 2048
G1S_AM0  0  1023     0   1023  1 -1 1.7 3.0 1000.0 2.0 7.0 3.0 0.02 0.0  1  6  4  0 0.00000012 0.00000012 18 +1.000e+00 +6.153e-04 +0.000e+00 +0.000e+00 +0.000e+00 +0.000e+00 +0.000e+00 +0.000e+00 +0.000e+00 +0.000e+00 +0.000e+00 +0.000e+00 +0.000e+00 +0.000e+00 +0.000e+00 +0.000e+00
G1S_AM1  1024 2048     0   1023  1 -1 1.7 3.0 1000.0 2.0 7.0 3.0 0.02 0.0  1  6  4  0 0.00000012 0.00000012 18 +1.000e+00 +6.153e-04 +0.000e+00 +0.000e+00 +0.000e+00 +0.000e+00 +0.000e+00 +0.000e+00 +0.000e+00 +0.000e+00 +0.000e+00 +0.000e+00 +0.000e+00 +0.000e+00 +0.000e+00 +0.000e+00
G2S 2 2048 2048
G2S_AM0  0  1023     0   1023  1 -1 1.7 3.0 1000.0 2.0 7.0 3.0 0.02 0.0  1  6  4  0 0.00000012 0.00000012 18 +1.000e+00 +6.153e-04 +0.000e+00 +0.000e+00 +0.000e+00 +0.000e+00 +0.000e+00 +0.000e+00 +0.000e+00 +0.000e+00 +0.000e+00 +0.000e+00 +0.000e+00 +0.000e+00 +0.000e+00 +0.000e+00
G2S_AM1  1024 2048     0   1023  1 -1 1.7 3.0 1000.0 2.0 7.0 3.0 0.02 0.0  1  6  4  0 0.00000012 0.00000012 18 +1.000e+00 +6.153e-04 +0.000e+00 +0.000e+00 +0.000e+00 +0.000e+00 +0.000e+00 +0.000e+00 +0.000e+00 +0.000e+00 +0.000e+00 +0.000e+00 +0.000e+00 +0.000e+00 +0.000e+00 +0.000e+00
F1S 2 2048 2048
F1S_AM0  0  1023     0   1023  1 -1 1.7 3.0 1000.0 2.0 7.0 3.0 0.02 0.0  1  6  4  0 0.00000012 0.00000012 18 +1.000e+00 +6.153e-04 +0.000e+00 +0.000e+00 +0.000e+00 +0.000e+00 +0.000e+00 +0.000e+00 +0.000e+00 +0.000e+00 +0.000e+00 +0.000e+00 +0.000e+00 +0.000e+00 +0.000e+00 +0.000e+00
F1S_AM1  1024 2048     0   1023  1 -1 1.7 3.0 1000.0 2.0 7.0 3.0 0.02 0.0  1  6  4  0 0.00000012 0.00000012 18 +1.000e+00 +6.153e-04 +0.000e+00 +0.000e+00 +0.000e+00 +0.000e+00 +0.000e+00 +0.000e+00 +0.000e+00 +0.000e+00 +0.000e+00 +0.000e+00 +0.000e+00 +0.000e+00 +0.000e+00 +0.000e+00
F2S 2 2048 2048
F2S_AM0  0  1023     0   1023  1 -1 1.7 3.0 1000.0 2.0 7.0 3.0 0.02 0.0  1  6  4  0 0.00000012 0.00000012 18 +1.000e+00 +6.153e-04 +0.000e+00 +0.000e+00 +0.000e+00 +0.000e+00 +0.000e+00 +0.000e+00 +0.000e+00 +0.000e+00 +0.000e+00 +0.000e+00 +0.000e+00 +0.000e+00 +0.000e+00 +0.000e+00
F2S_AM1  1024 2048     0   1023  1 -1 1.7 3.0 1000.0 2.0 7.0 3.0 0.02 0.0  1  6  4  0 0.00000012 0.00000012 18 +1.000e+00 +6.153e-04 +0.000e+00 +0.000e+00 +0.000e+00 +0.000e+00 +0.000e+00 +0.000e+00 +0.000e+00 +0.000e+00 +0.000e+00 +0.000e+00 +0.000e+00 +0.000e+00 +0.000e+00 +0.000e+00
F3S 2 2048 2048
F3S_AM0  0  1023     0   1023  1 -1 1.7 3.0 1000.0 2.0 7.0 3.0 0.02 0.0  1  6  4  0 0.00000012 0.00000012 18 +1.000e+00 +6.153e-04 +0.000e+00 +0.000e+00 +0.000e+00 +0.000e+00 +0.000e+00 +0.000e+00 +0.000e+00 +0.000e+00 +0.000e+00 +0.000e+00 +0.000e+00 +0.000e+00 +0.000e+00 +0.000e+00
F3S_AM1  1024 2048     0   1023  1 -1 1.7 3.0 1000.0 2.0 7.0 3.0 0.02 0.0  1  6  4  0 0.00000012 0.00000012 18 +1.000e+00 +6.153e-04 +0.000e+00 +0.000e+00 +0.000e+00 +0.000e+00 +0.000e+00 +0.000e+00 +0.000e+00 +0.000e+00 +0.000e+00 +0.000e+00 +0.000e+00 +0.000e+00 +0.000e+00 +0.000e+00
F4S 2 2048 2048
F4S_AM0  0  1023     0   1023  1 -1 1.7 3.0 1000.0 2.0 7.0 3.0 0.02 0.0  1  6  4  0 0.00000012 0.00000012 18 +1.000e+00 +6.153e-04 +0.000e+00 +0.000e+00 +0.000e+00 +0.000e+00 +0.000e+00 +0.000e+00 +0.000e+00 +0.000e+00 +0.000e+00 +0.000e+00 +0.000e+00 +0.000e+00 +0.000e+00 +0.000e+00
F4S_AM1  1024 2048     0   1023  1 -1 1.7 3.0 1000.0 2.0 7.0 3.0 0.02 0.0  1  6  4  0 0.00000012 0.00000012 18 +1.000e+00 +6.153e-04 +0.000e+00 +0.000e+00 +0.000e+00 +0.000e+00 +0.000e+00 +0.000e+00 +0.000e+00 +0.000e+00 +0.000e+00 +0.000e+00 +0.000e+00 +0.000e+00 +0.000e+00 +0.000e+00
1S 2 4096 2048
1S_AM0  0  4096     0   1023  1 -1 1.7 3.0 1000.0 2.0 7.0 3.0 0.02 0.0  1  6  4  0 0.00000012 0.00000012 18 +1.000e+00 +6.153e-04 +0.000e+00 +0.000e+00 +0.000e+00 +0.000e+00 +0.000e+00 +0.000e+00 +0.000e+00 +0.000e+00 +0.000e+00 +0.000e+00 +0.000e+00 +0.000e+00 +0.000e+00 +0.000e+00
1S_AM1  0 4096     1024   2048  1 -1 1.7 3.0 1000.0 2.0 7.0 3.0 0.02 0.0  1  6  4  0 0.00000012 0.00000012 18 +1.000e+00 +6.153e-04 +0.000e+00 +0.000e+00 +0.000e+00 +0.000e+00 +0.000e+00 +0.000e+00 +0.000e+00 +0.000e+00 +0.000e+00 +0.000e+00 +0.000e+00 +0.000e+00 +0.000e+00 +0.000e+00
2S 2 4096 2048
2S_AM0  0  4096     0   1023  1 -1 1.7 3.0 1000.0 2.0 7.0 3.0 0.02 0.0  1  6  4  0 0.00000012 0.00000012 18 +1.000e+00 +6.153e-04 +0.000e+00 +0.000e+00 +0.000e+00 +0.000e+00 +0.000e+00 +0.000e+00 +0.000e+00 +0.000e+00 +0.000e+00 +0.000e+00 +0.000e+00 +0.000e+00 +0.000e+00 +0.000e+00
2S_AM1  0 4096     1024   2048  1 -1 1.7 3.0 1000.0 2.0 7.0 3.0 0.02 0.0  1  6  4  0 0.00000012 0.00000012 18 +1.000e+00 +6.153e-04 +0.000e+00 +0.000e+00 +0.000e+00 +0.000e+00 +0.000e+00 +0.000e+00 +0.000e+00 +0.000e+00 +0.000e+00 +0.000e+00 +0.000e+00 +0.000e+00 +0.000e+00 +0.000e+00
3S 2 4096 2048
3S_AM0  0  4096     0   1023  1 -1 1.7 3.0 1000.0 2.0 7.0 3.0 0.02 0.0  1  6  4  0 0.00000012 0.00000012 18 +1.000e+00 +6.153e-04 +0.000e+00 +0.000e+00 +0.000e+00 +0.000e+00 +0.000e+00 +0.000e+00 +0.000e+00 +0.000e+00 +0.000e+00 +0.000e+00 +0.000e+00 +0.000e+00 +0.000e+00 +0.000e+00
3S_AM1  0 4096     1024   2048  1 -1 1.7 3.0 1000.0 2.0 7.0 3.0 0.02 0.0  1  6  4  0 0.00000012 0.00000012 18 +1.000e+00 +6.153e-04 +0.000e+00 +0.000e+00 +0.000e+00 +0.000e+00 +0.000e+00 +0.000e+00 +0.000e+00 +0.000e+00 +0.000e+00 +0.000e+00 +0.000e+00 +0.000e+00 +0.000e+00 +0.000e+00
4S 2 4096 2048
4S_AM0  0  4096     0   1023  1 -1 1.7 3.0 1000.0 2.0 7.0 3.0 0.02 0.0  1  6  4  0 0.00000012 0.00000012 18 +1.000e+00 +6.153e-04 +0.000e+00 +0.000e+00 +0.000e+00 +0.000e+00 +0.000e+00 +0.000e+00 +0.000e+00 +0.000e+00 +0.000e+00 +0.000e+00 +0.000e+00 +0.000e+00 +0.000e+00 +0.000e+00
4S_AM1  0 4096     1024   2048  1 -1 1.7 3.0 1000.0 2.0 7.0 3.0 0.02 0.0  1  6  4  0 0.00000012 0.00000012 18 +1.000e+00 +6.153e-04 +0.000e+00 +0.000e+00 +0.000e+00 +0.000e+00 +0.000e+00 +0.000e+00 +0.000e+00 +0.000e+00 +0.000e+00 +0.000e+00 +0.000e+00 +0.000e+00 +0.000e+00 +0.000e+00
5S 2 4096 2048
5S_AM0  0  4096     0   1023  1 -1 1.7 3.0 1000.0 2.0 7.0 3.0 0.02 0.0  1  6  4  0 0.00000012 0.00000012 18 +1.000e+00 +6.153e-04 +0.000e+00 +0.000e+00 +0.000e+00 +0.000e+00 +0.000e+00 +0.000e+00 +0.000e+00 +0.000e+00 +0.000e+00 +0.000e+00 +0.000e+00 +0.000e+00 +0.000e+00 +0.000e+00
5S_AM1  0 4096     1024   2048  1 -1 1.7 3.0 1000.0 2.0 7.0 3.0 0.02 0.0  1  6  4  0 0.00000012 0.00000012 18 +1.000e+00 +6.153e-04 +0.000e+00 +0.000e+00 +0.000e+00 +0.000e+00 +0.000e+00 +0.000e+00 +0.000e+00 +0.000e+00 +0.000e+00 +0.000e+00 +0.000e+00 +0.000e+00 +0.000e+00 +0.000e+00
6S 2 4096 2048
6S_AM0  0  4096     0   1023  1 -1 1.7 3.0 1000.0 2.0 7.0 3.0 0.02 0.0  1  6  4  0 0.00000012 0.00000012 18 +1.000e+00 +6.153e-04 +0.000e+00 +0.000e+00 +0.000e+00 +0.000e+00 +0.000e+00 +0.000e+00 +0.000e+00 +0.000e+00 +0.000e+00 +0.000e+00 +0.000e+00 +0.000e+00 +0.000e+00 +0.000e+00
6S_AM1  0 4096     1024   2048  1 -1 1.7 3.0 1000.0 2.0 7.0 3.0 0.02 0.0  1  6  4  0 0.00000012 0.00000012 18 +1.000e+00 +6.153e-04 +0.000e+00 +0.000e+00 +0.000e+00 +0.000e+00 +0.000e+00 +0.000e+00 +0.000e+00 +0.000e+00 +0.000e+00 +0.000e+00 +0.000e+00 +0.000e+00 +0.000e+00 +0.000e+00
7S 2 4096 2048
7S_AM0  0  4096     0   1023  1 -1 1.7 3.0 1000.0 2.0 7.0 3.0 0.02 0.0  1  6  4  0 0.00000012 0.00000012 18 +1.000e+00 +6.153e-04 +0.000e+00 +0.000e+00 +0.000e+00 +0.000e+00 +0.000e+00 +0.000e+00 +0.000e+00 +0.000e+00 +0.000e+00 +0.000e+00 +0.000e+00 +0.000e+00 +0.000e+00 +0.000e+00
7S_AM1  0 4096     1024   2048  1 -1 1.7 3.0 1000.0 2.0 7.0 3.0 0.02 0.0  1  6  4  0 0.00000012 0.00000012 18 +1.000e+00 +6.153e-04 +0.000e+00 +0.000e+00 +0.000e+00 +0.000e+00 +0.000e+00 +0.000e+00 +0.000e+00 +0.000e+00 +0.000e+00 +0.000e+00 +0.000e+00 +0.000e+00 +0.000e+00 +0.000e+00
8S 2 4096 2048
8S_AM0  0  4096     0   1023  1 -1 1.7 3.0 1000.0 2.0 7.0 3.0 0.02 0.0  1  6  4  0 0.00000012 0.00000012 18 +1.000e+00 +6.153e-04 +0.000e+00 +0.000e+00 +0.000e+00 +0.000e+00 +0.000e+00 +0.000e+00 +0.000e+00 +0.000e+00 +0.000e+00 +0.000e+00 +0.000e+00 +0.000e+00 +0.000e+00 +0.000e+00
8S_AM1  0 4096     1024   2048  1 -1 1.7 3.0 1000.0 2.0 7.0 3.0 0.02 0.0  1  6  4  0 0.00000012 0.00000012 18 +1.000e+00 +6.153e-04 +0.000e+00 +0.000e+00 +0.000e+00 +0.000e+00 +0.000e+00 +0.000e+00 +0.000e+00 +0.000e+00 +0.000e+00 +0.000e+00 +0.000e+00 +0.000e+00 +0.000e+00 +0.000e+00
9S 2 4096 2048
9S_AM0  0  4096     0   1023  1 -1 1.7 3.0 1000.0 2.0 7.0 3.0 0.02 0.0  1  6  4  0 0.00000012 0.00000012 18 +1.000e+00 +6.153e-04 +0.000e+00 +0.000e+00 +0.000e+00 +0.000e+00 +0.000e+00 +0.000e+00 +0.000e+00 +0.000e+00 +0.000e+00 +0.000e+00 +0.000e+00 +0.000e+00 +0.000e+00 +0.000e+00
9S_AM1  0 4096     1024   2048  1 -1 1.7 3.0 1000.0 2.0 7.0 3.0 0.02 0.0  1  6  4  0 0.00000012 0.00000012 18 +1.000e+00 +6.153e-04 +0.000e+00 +0.000e+00 +0.000e+00 +0.000e+00 +0.000e+00 +0.000e+00 +0.000e+00 +0.000e+00 +0.000e+00 +0.000e+00 +0.000e+00 +0.000e+00 +0.000e+00 +0.000e+00
10S 2 4096 2048
10S_AM0  0  4096     0   1023  1 -1 1.7 3.0 1000.0 2.0 7.0 3.0 0.02 0.0  1  6  4  0 0.00000012 0.00000012 18 +1.000e+00 +6.153e-04 +0.000e+00 +0.000e+00 +0.000e+00 +0.000e+00 +0.000e+00 +0.000e+00 +0.000e+00 +0.000e+00 +0.000e+00 +0.000e+00 +0.000e+00 +0.000e+00 +0.000e+00 +0.000e+00
10S_AM1  0 4096     1024   2048  1 -1 1.7 3.0 1000.0 2.0 7.0 3.0 0.02 0.0  1  6  4  0 0.00000012 0.00000012 18 +1.000e+00 +6.153e-04 +0.000e+00 +0.000e+00 +0.000e+00 +0.000e+00 +0.000e+00 +0.000e+00 +0.000e+00 +0.000e+00 +0.000e+00 +0.000e+00 +0.000e+00 +0.000e+00 +0.000e+00 +0.000e+00
11S 2 4096 2048
11S_AM0  0  4096     0   1023  1 -1 1.7 3.0 1000.0 2.0 7.0 3.0 0.02 0.0  1  6  4  0 0.00000012 0.00000012 18 +1.000e+00 +6.153e-04 +0.000e+00 +0.000e+00 +0.000e+00 +0.000e+00 +0.000e+00 +0.000e+00 +0.000e+00 +0.000e+00 +0.000e+00 +0.000e+00 +0.000e+00 +0.000e+00 +0.000e+00 +0.000e+00
11S_AM1  0 4096     1024   2048  1 -1 1.7 3.0 1000.0 2.0 7.0 3.0 0.02 0.0  1  6  4  0 0.00000012 0.00000012 18 +1.000e+00 +6.153e-04 +0.000e+00 +0.000e+00 +0.000e+00 +0.000e+00 +0.000e+00 +0.000e+00 +0.000e+00 +0.000e+00 +0.000e+00 +0.000e+00 +0.000e+00 +0.000e+00 +0.000e+00 +0.000e+00
12S 2 4096 2048
12S_AM0  0  4096     0   1023  1 -1 1.7 3.0 1000.0 2.0 7.0 3.0 0.02 0.0  1  6  4  0 0.00000012 0.00000012 18 +1.000e+00 +6.153e-04 +0.000e+00 +0.000e+00 +0.000e+00 +0.000e+00 +0.000e+00 +0.000e+00 +0.000e+00 +0.000e+00 +0.000e+00 +0.000e+00 +0.000e+00 +0.000e+00 +0.000e+00 +0.000e+00
12S_AM1  0 4096     1024   2048  1 -1 1.7 3.0 1000.0 2.0 7.0 3.0 0.02 0.0  1  6  4  0 0.00000012 0.00000012 18 +1.000e+00 +6.153e-04 +0.000e+00 +0.000e+00 +0.000e+00 +0.000e+00 +0.000e+00 +0.000e+00 +0.000e+00 +0.000e+00 +0.000e+00 +0.000e+00 +0.000e+00 +0.000e+00 +0.000e+00 +0.000e+00
13S 2 4096 2048
13S_AM0  0  4096     0   1023  1 -1 1.7 3.0 1000.0 2.0 7.0 3.0 0.02 0.0  1  6  4  0 0.00000012 0.00000012 18 +1.000e+00 +6.153e-04 +0.000e+00 +0.000e+00 +0.000e+00 +0.000e+00 +0.000e+00 +0.000e+00 +0.000e+00 +0.000e+00 +0.000e+00 +0.000e+00 +0.000e+00 +0.000e+00 +0.000e+00 +0.000e+00
13S_AM1  0 4096     1024   2048  1 -1 1.7 3.0 1000.0 2.0 7.0 3.0 0.02 0.0  1  6  4  0 0.00000012 0.00000012 18 +1.000e+00 +6.153e-04 +0.000e+00 +0.000e+00 +0.000e+00 +0.000e+00 +0.000e+00 +0.000e+00 +0.000e+00 +0.000e+00 +0.000e+00 +0.000e+00 +0.000e+00 +0.000e+00 +0.000e+00 +0.000e+00
14S 2 4096 2048
14S_AM0  0  4096     0   1023  1 -1 1.7 3.0 1000.0 2.0 7.0 3.0 0.02 0.0  1  6  4  0 0.00000012 0.00000012 18 +1.000e+00 +6.153e-04 +0.000e+00 +0.000e+00 +0.000e+00 +0.000e+00 +0.000e+00 +0.000e+00 +0.000e+00 +0.000e+00 +0.000e+00 +0.000e+00 +0.000e+00 +0.000e+00 +0.000e+00 +0.000e+00
14S_AM1  0 4096     1024   2048  1 -1 1.7 3.0 1000.0 2.0 7.0 3.0 0.02 0.0  1  6  4  0 0.00000012 0.00000012 18 +1.000e+00 +6.153e-04 +0.000e+00 +0.000e+00 +0.000e+00 +0.000e+00 +0.000e+00 +0.000e+00 +0.000e+00 +0.000e+00 +0.000e+00 +0.000e+00 +0.000e+00 +0.000e+00 +0.000e+00 +0.000e+00
15S 2 4096 2048
15S_AM0  0  4096     0   1023  1 -1 1.7 3.0 1000.0 2.0 7.0 3.0 0.02 0.0  1  6  4  0 0.00000012 0.00000012 18 +1.000e+00 +6.153e-04 +0.000e+00 +0.000e+00 +0.000e+00 +0.000e+00 +0.000e+00 +0.000e+00 +0.000e+00 +0.000e+00 +0.000e+00 +0.000e+00 +0.000e+00 +0.000e+00 +0.000e+00 +0.000e+00
15S_AM1  0 4096     1024   2048  1 -1 1.7 3.0 1000.0 2.0 7.0 3.0 0.02 0.0  1  6  4  0 0.00000012 0.00000012 18 +1.000e+00 +6.153e-04 +0.000e+00 +0.000e+00 +0.000e+00 +0.000e+00 +0.000e+00 +0.000e+00 +0.000e+00 +0.000e+00 +0.000e+00 +0.000e+00 +0.000e+00 +0.000e+00 +0.000e+00 +0.000e+00
16S 2 4096 2048
16S_AM0  0  4096     0   1023  1 -1 1.7 3.0 1000.0 2.0 7.0 3.0 0.02 0.0  1  6  4  0 0.00000012 0.00000012 18 +1.000e+00 +6.153e-04 +0.000e+00 +0.000e+00 +0.000e+00 +0.000e+00 +0.000e+00 +0.000e+00 +0.000e+00 +0.000e+00 +0.000e+00 +0.000e+00 +0.000e+00 +0.000e+00 +0.000e+00 +0.000e+00
16S_AM1  0 4096     1024   2048  1 -1 1.7 3.0 1000.0 2.0 7.0 3.0 0.02 0.0  1  6  4  0 0.00000012 0.00000012 18 +1.000e+00 +6.153e-04 +0.000e+00 +0.000e+00 +0.000e+00 +0.000e+00 +0.000e+00 +0.000e+00 +0.000e+00 +0.000e+00 +0.000e+00 +0.000e+00 +0.000e+00 +0.000e+00 +0.000e+00 +0.000e+00
17S 2 4096 2048
17S_AM0  0  4096     0   1023  1 -1 1.7 3.0 1000.0 2.0 7.0 3.0 0.02 0.0  1  6  4  0 0.00000012 0.00000012 18 +1.000e+00 +6.153e-04 +0.000e+00 +0.000e+00 +0.000e+00 +0.000e+00 +0.000e+00 +0.000e+00 +0.000e+00 +0.000e+00 +0.000e+00 +0.000e+00 +0.000e+00 +0.000e+00 +0.000e+00 +0.000e+00
17S_AM1  0 4096     1024   2048  1 -1 1.7 3.0 1000.0 2.0 7.0 3.0 0.02 0.0  1  6  4  0 0.00000012 0.00000012 18 +1.000e+00 +6.153e-04 +0.000e+00 +0.000e+00 +0.000e+00 +0.000e+00 +0.000e+00 +0.000e+00 +0.000e+00 +0.000e+00 +0.000e+00 +0.000e+00 +0.000e+00 +0.000e+00 +0.000e+00 +0.000e+00
18S 2 4096 2048
18S_AM0  0  4096     0   1023  1 -1 1.7 3.0 1000.0 2.0 7.0 3.0 0.02 0.0  1  6  4  0 0.00000012 0.00000012 18 +1.000e+00 +6.153e-04 +0.000e+00 +0.000e+00 +0.000e+00 +0.000e+00 +0.000e+00 +0.000e+00 +0.000e+00 +0.000e+00 +0.000e+00 +0.000e+00 +0.000e+00 +0.000e+00 +0.000e+00 +0.000e+00
18S_AM1  0 4096     1024   2048  1 -1 1.7 3.0 1000.0 2.0 7.0 3.0 0.02 0.0  1  6  4  0 0.00000012 0.00000012 18 +1.000e+00 +6.153e-04 +0.000e+00 +0.000e+00 +0.000e+00 +0.000e+00 +0.000e+00 +0.000e+00 +0.000e+00 +0.000e+00 +0.000e+00 +0.000e+00 +0.000e+00 +0.000e+00 +0.000e+00 +0.000e+00
19S 2 4096 2048
19S_AM0  0  4096     0   1023  1 -1 1.7 3.0 1000.0 2.0 7.0 3.0 0.02 0.0  1  6  4  0 0.00000012 0.00000012 18 +1.000e+00 +6.153e-04 +0.000e+00 +0.000e+00 +0.000e+00 +0.000e+00 +0.000e+00 +0.000e+00 +0.000e+00 +0.000e+00 +0.000e+00 +0.000e+00 +0.000e+00 +0.000e+00 +0.000e+00 +0.000e+00
19S_AM1  0 4096     1024   2048  1 -1 1.7 3.0 1000.0 2.0 7.0 3.0 0.02 0.0  1  6  4  0 0.00000012 0.00000012 18 +1.000e+00 +6.153e-04 +0.000e+00 +0.000e+00 +0.000e+00 +0.000e+00 +0.000e+00 +0.000e+00 +0.000e+00 +0.000e+00 +0.000e+00 +0.000e+00 +0.000e+00 +0.000e+00 +0.000e+00 +0.000e+00
20S 2 4096 2048
20S_AM0  0  4096     0   1023  1 -1 1.7 3.0 1000.0 2.0 7.0 3.0 0.02 0.0  1  6  4  0 0.00000012 0.00000012 18 +1.000e+00 +6.153e-04 +0.000e+00 +0.000e+00 +0.000e+00 +0.000e+00 +0.000e+00 +0.000e+00 +0.000e+00 +0.000e+00 +0.000e+00 +0.000e+00 +0.000e+00 +0.000e+00 +0.000e+00 +0.000e+00
20S_AM1  0 4096     1024   2048  1 -1 1.7 3.0 1000.0 2.0 7.0 3.0 0.02 0.0  1  6  4  0 0.00000012 0.00000012 18 +1.000e+00 +6.153e-04 +0.000e+00 +0.000e+00 +0.000e+00 +0.000e+00 +0.000e+00 +0.000e+00 +0.000e+00 +0.000e+00 +0.000e+00 +0.000e+00 +0.000e+00 +0.000e+00 +0.000e+00 +0.000e+00
21S 2 4096 2048
21S_AM0  0  4096     0   1023  1 -1 1.7 3.0 1000.0 2.0 7.0 3.0 0.02 0.0  1  6  4  0 0.00000012 0.00000012 18 +1.000e+00 +6.153e-04 +0.000e+00 +0.000e+00 +0.000e+00 +0.000e+00 +0.000e+00 +0.000e+00 +0.000e+00 +0.000e+00 +0.000e+00 +0.000e+00 +0.000e+00 +0.000e+00 +0.000e+00 +0.000e+00
21S_AM1  0 4096     1024   2048  1 -1 1.7 3.0 1000.0 2.0 7.0 3.0 0.02 0.0  1  6  4  0 0.00000012 0.00000012 18 +1.000e+00 +6.153e-04 +0.000e+00 +0.000e+00 +0.000e+00 +0.000e+00 +0.000e+00 +0.000e+00 +0.000e+00 +0.000e+00 +0.000e+00 +0.000e+00 +0.000e+00 +0.000e+00 +0.000e+00 +0.000e+00
22S 2 4096 2048
22S_AM0  0  4096     0   1023  1 -1 1.7 3.0 1000.0 2.0 7.0 3.0 0.02 0.0  1  6  4  0 0.00000012 0.00000012 18 +1.000e+00 +6.153e-04 +0.000e+00 +0.000e+00 +0.000e+00 +0.000e+00 +0.000e+00 +0.000e+00 +0.000e+00 +0.000e+00 +0.000e+00 +0.000e+00 +0.000e+00 +0.000e+00 +0.000e+00 +0.000e+00
22S_AM1  0 4096     1024   2048  1 -1 1.7 3.0 1000.0 2.0 7.0 3.0 0.02 0.0  1  6  4  0 0.00000012 0.00000012 18 +1.000e+00 +6.153e-04 +0.000e+00 +0.000e+00 +0.000e+00 +0.000e+00 +0.000e+00 +0.000e+00 +0.000e+00 +0.000e+00 +0.000e+00 +0.000e+00 +0.000e+00 +0.000e+00 +0.000e+00 +0.000e+00
22S 2 4096 2048
22S_AM0  0  4096     0   1023  1 -1 1.7 3.0 1000.0 2.0 7.0 3.0 0.02 0.0  1  6  4  0 0.00000012 0.00000012 18 +1.000e+00 +6.153e-04 +0.000e+00 +0.000e+00 +0.000e+00 +0.000e+00 +0.000e+00 +0.000e+00 +0.000e+00 +0.000e+00 +0.000e+00 +0.000e+00 +0.000e+00 +0.000e+00 +0.000e+00 +0.000e+00
22S_AM1  0 4096     1024   2048  1 -1 1.7 3.0 1000.0 2.0 7.0 3.0 0.02 0.0  1  6  4  0 0.00000012 0.00000012 18 +1.000e+00 +6.153e-04 +0.000e+00 +0.000e+00 +0.000e+00 +0.000e+00 +0.000e+00 +0.000e+00 +0.000e+00 +0.000e+00 +0.000e+00 +0.000e+00 +0.000e+00 +0.000e+00 +0.000e+00 +0.000e+00
23S 2 4096 2048
23S_AM0  0  4096     0   1023  1 -1 1.7 3.0 1000.0 2.0 7.0 3.0 0.02 0.0  1  6  4  0 0.00000012 0.00000012 18 +1.000e+00 +6.153e-04 +0.000e+00 +0.000e+00 +0.000e+00 +0.000e+00 +0.000e+00 +0.000e+00 +0.000e+00 +0.000e+00 +0.000e+00 +0.000e+00 +0.000e+00 +0.000e+00 +0.000e+00 +0.000e+00
23S_AM1  0 4096     1024   2048  1 -1 1.7 3.0 1000.0 2.0 7.0 3.0 0.02 0.0  1  6  4  0 0.00000012 0.00000012 18 +1.000e+00 +6.153e-04 +0.000e+00 +0.000e+00 +0.000e+00 +0.000e+00 +0.000e+00 +0.000e+00 +0.000e+00 +0.000e+00 +0.000e+00 +0.000e+00 +0.000e+00 +0.000e+00 +0.000e+00 +0.000e+00
24S 2 4096 2048
24S_AM0  0  4096     0   1023  1 -1 1.7 3.0 1000.0 2.0 7.0 3.0 0.02 0.0  1  6  4  0 0.00000012 0.00000012 18 +1.000e+00 +6.153e-04 +0.000e+00 +0.000e+00 +0.000e+00 +0.000e+00 +0.000e+00 +0.000e+00 +0.000e+00 +0.000e+00 +0.000e+00 +0.000e+00 +0.000e+00 +0.000e+00 +0.000e+00 +0.000e+00
24S_AM1  0 4096     1024   2048  1 -1 1.7 3.0 1000.0 2.0 7.0 3.0 0.02 0.0  1  6  4  0 0.00000012 0.00000012 18 +1.000e+00 +6.153e-04 +0.000e+00 +0.000e+00 +0.000e+00 +0.000e+00 +0.000e+00 +0.000e+00 +0.000e+00 +0.000e+00 +0.000e+00 +0.000e+00 +0.000e+00 +0.000e+00 +0.000e+00 +0.000e+00
25S 2 4096 2048
25S_AM0  0  4096     0   1023  1 -1 1.7 3.0 1000.0 2.0 7.0 3.0 0.02 0.0  1  6  4  0 0.00000012 0.00000012 18 +1.000e+00 +6.153e-04 +0.000e+00 +0.000e+00 +0.000e+00 +0.000e+00 +0.000e+00 +0.000e+00 +0.000e+00 +0.000e+00 +0.000e+00 +0.000e+00 +0.000e+00 +0.000e+00 +0.000e+00 +0.000e+00
25S_AM1  0 4096     1024   2048  1 -1 1.7 3.0 1000.0 2.0 7.0 3.0 0.02 0.0  1  6  4  0 0.00000012 0.00000012 18 +1.000e+00 +6.153e-04 +0.000e+00 +0.000e+00 +0.000e+00 +0.000e+00 +0.000e+00 +0.000e+00 +0.000e+00 +0.000e+00 +0.000e+00 +0.000e+00 +0.000e+00 +0.000e+00 +0.000e+00 +0.000e+00
26S 2 4096 2048
26S_AM0  0  4096     0   1023  1 -1 1.7 3.0 1000.0 2.0 7.0 3.0 0.02 0.0  1  6  4  0 0.00000012 0.00000012 18 +1.000e+00 +6.153e-04 +0.000e+00 +0.000e+00 +0.000e+00 +0.000e+00 +0.000e+00 +0.000e+00 +0.000e+00 +0.000e+00 +0.000e+00 +0.000e+00 +0.000e+00 +0.000e+00 +0.000e+00 +0.000e+00
26S_AM1  0 4096     1024   2048  1 -1 1.7 3.0 1000.0 2.0 7.0 3.0 0.02 0.0  1  6  4  0 0.00000012 0.00000012 18 +1.000e+00 +6.153e-04 +0.000e+00 +0.000e+00 +0.000e+00 +0.000e+00 +0.000e+00 +0.000e+00 +0.000e+00 +0.000e+00 +0.000e+00 +0.000e+00 +0.000e+00 +0.000e+00 +0.000e+00 +0.000e+00
27S 2 4096 2048
27S_AM0  0  4096     0   1023  1 -1 1.7 3.0 1000.0 2.0 7.0 3.0 0.02 0.0  1  6  4  0 0.00000012 0.00000012 18 +1.000e+00 +6.153e-04 +0.000e+00 +0.000e+00 +0.000e+00 +0.000e+00 +0.000e+00 +0.000e+00 +0.000e+00 +0.000e+00 +0.000e+00 +0.000e+00 +0.000e+00 +0.000e+00 +0.000e+00 +0.000e+00
27S_AM1  0 4096     1024   2048  1 -1 1.7 3.0 1000.0 2.0 7.0 3.0 0.02 0.0  1  6  4  0 0.00000012 0.00000012 18 +1.000e+00 +6.153e-04 +0.000e+00 +0.000e+00 +0.000e+00 +0.000e+00 +0.000e+00 +0.000e+00 +0.000e+00 +0.000e+00 +0.000e+00 +0.000e+00 +0.000e+00 +0.000e+00 +0.000e+00 +0.000e+00
28S 2 4096 2048
28S_AM0  0  4096     0   1023  1 -1 1.7 3.0 1000.0 2.0 7.0 3.0 0.02 0.0  1  6  4  0 0.00000012 0.00000012 18 +1.000e+00 +6.153e-04 +0.000e+00 +0.000e+00 +0.000e+00 +0.000e+00 +0.000e+00 +0.000e+00 +0.000e+00 +0.000e+00 +0.000e+00 +0.000e+00 +0.000e+00 +0.000e+00 +0.000e+00 +0.000e+00
28S_AM1  0 4096     1024   2048  1 -1 1.7 3.0 1000.0 2.0 7.0 3.0 0.02 0.0  1  6  4  0 0.00000012 0.00000012 18 +1.000e+00 +6.153e-04 +0.000e+00 +0.000e+00 +0.000e+00 +0.000e+00 +0.000e+00 +0.000e+00 +0.000e+00 +0.000e+00 +0.000e+00 +0.000e+00 +0.000e+00 +0.000e+00 +0.000e+00 +0.000e+00
29S 2 4096 2048
29S_AM0  0  4096     0   1023  1 -1 1.7 3.0 1000.0 2.0 7.0 3.0 0.02 0.0  1  6  4  0 0.00000012 0.00000012 18 +1.000e+00 +6.153e-04 +0.000e+00 +0.000e+00 +0.000e+00 +0.000e+00 +0.000e+00 +0.000e+00 +0.000e+00 +0.000e+00 +0.000e+00 +0.000e+00 +0.000e+00 +0.000e+00 +0.000e+00 +0.000e+00
29S_AM1  0 4096     1024   2048  1 -1 1.7 3.0 1000.0 2.0 7.0 3.0 0.02 0.0  1  6  4  0 0.00000012 0.00000012 18 +1.000e+00 +6.153e-04 +0.000e+00 +0.000e+00 +0.000e+00 +0.000e+00 +0.000e+00 +0.000e+00 +0.000e+00 +0.000e+00 +0.000e+00 +0.000e+00 +0.000e+00 +0.000e+00 +0.000e+00 +0.000e+00
30S 2 4096 2048
30S_AM0  0  4096     0   1023  1 -1 1.7 3.0 1000.0 2.0 7.0 3.0 0.02 0.0  1  6  4  0 0.00000012 0.00000012 18 +1.000e+00 +6.153e-04 +0.000e+00 +0.000e+00 +0.000e+00 +0.000e+00 +0.000e+00 +0.000e+00 +0.000e+00 +0.000e+00 +0.000e+00 +0.000e+00 +0.000e+00 +0.000e+00 +0.000e+00 +0.000e+00
30S_AM1  0 4096     1024   2048  1 -1 1.7 3.0 1000.0 2.0 7.0 3.0 0.02 0.0  1  6  4  0 0.00000012 0.00000012 18 +1.000e+00 +6.153e-04 +0.000e+00 +0.000e+00 +0.000e+00 +0.000e+00 +0.000e+00 +0.000e+00 +0.000e+00 +0.000e+00 +0.000e+00 +0.000e+00 +0.000e+00 +0.000e+00 +0.000e+00 +0.000e+00
31S 2 4096 2048
31S_AM0  0  4096     0   1023  1 -1 1.7 3.0 1000.0 2.0 7.0 3.0 0.02 0.0  1  6  4  0 0.00000012 0.00000012 18 +1.000e+00 +6.153e-04 +0.000e+00 +0.000e+00 +0.000e+00 +0.000e+00 +0.000e+00 +0.000e+00 +0.000e+00 +0.000e+00 +0.000e+00 +0.000e+00 +0.000e+00 +0.000e+00 +0.000e+00 +0.000e+00
31S_AM1  0 4096     1024   2048  1 -1 1.7 3.0 1000.0 2.0 7.0 3.0 0.02 0.0  1  6  4  0 0.00000012 0.00000012 18 +1.000e+00 +6.153e-04 +0.000e+00 +0.000e+00 +0.000e+00 +0.000e+00 +0.000e+00 +0.000e+00 +0.000e+00 +0.000e+00 +0.000e+00 +0.000e+00 +0.000e+00 +0.000e+00 +0.000e+00 +0.000e+00
G1N 2 2048 2048
G1N_AM0  0  1023     0   1023  1 -1 1.7 3.0 1000.0 2.0 7.0 3.0 0.02 0.0  1  6  4  0 0.00000012 0.00000012 18 +1.000e+00 +6.153e-04 +0.000e+00 +0.000e+00 +0.000e+00 +0.000e+00 +0.000e+00 +0.000e+00 +0.000e+00 +0.000e+00 +0.000e+00 +0.000e+00 +0.000e+00 +0.000e+00 +0.000e+00 +0.000e+00
G1N_AM1  1024 2048     0   1023  1 -1 1.7 3.0 1000.0 2.0 7.0 3.0 0.02 0.0  1  6  4  0 0.00000012 0.00000012 18 +1.000e+00 +6.153e-04 +0.000e+00 +0.000e+00 +0.000e+00 +0.000e+00 +0.000e+00 +0.000e+00 +0.000e+00 +0.000e+00 +0.000e+00 +0.000e+00 +0.000e+00 +0.000e+00 +0.000e+00 +0.000e+00
G2N 2 2048 2048
G2N_AM0  0  1023     0   1023  1 -1 1.7 3.0 1000.0 2.0 7.0 3.0 0.02 0.0  1  6  4  0 0.00000012 0.00000012 18 +1.000e+00 +6.153e-04 +0.000e+00 +0.000e+00 +0.000e+00 +0.000e+00 +0.000e+00 +0.000e+00 +0.000e+00 +0.000e+00 +0.000e+00 +0.000e+00 +0.000e+00 +0.000e+00 +0.000e+00 +0.000e+00
G2N_AM1  1024 2048     0   1023  1 -1 1.7 3.0 1000.0 2.0 7.0 3.0 0.02 0.0  1  6  4  0 0.00000012 0.00000012 18 +1.000e+00 +6.153e-04 +0.000e+00 +0.000e+00 +0.000e+00 +0.000e+00 +0.000e+00 +0.000e+00 +0.000e+00 +0.000e+00 +0.000e+00 +0.000e+00 +0.000e+00 +0.000e+00 +0.000e+00 +0.000e+00
F1N 2 2048 2048
F1N_AM0  0  1023     0   1023  1 -1 1.7 3.0 1000.0 2.0 7.0 3.0 0.02 0.0  1  6  4  0 0.00000012 0.00000012 18 +1.000e+00 +6.153e-04 +0.000e+00 +0.000e+00 +0.000e+00 +0.000e+00 +0.000e+00 +0.000e+00 +0.000e+00 +0.000e+00 +0.000e+00 +0.000e+00 +0.000e+00 +0.000e+00 +0.000e+00 +0.000e+00
F1N_AM1  1024 2048     0   1023  1 -1 1.7 3.0 1000.0 2.0 7.0 3.0 0.02 0.0  1  6  4  0 0.00000012 0.00000012 18 +1.000e+00 +6.153e-04 +0.000e+00 +0.000e+00 +0.000e+00 +0.000e+00 +0.000e+00 +0.000e+00 +0.000e+00 +0.000e+00 +0.000e+00 +0.000e+00 +0.000e+00 +0.000e+00 +0.000e+00 +0.000e+00
F2N 2 2048 2048
F2N_AM0  0  1023     0   1023  1 -1 1.7 3.0 1000.0 2.0 7.0 3.0 0.02 0.0  1  6  4  0 0.00000012 0.00000012 18 +1.000e+00 +6.153e-04 +0.000e+00 +0.000e+00 +0.000e+00 +0.000e+00 +0.000e+00 +0.000e+00 +0.000e+00 +0.000e+00 +0.000e+00 +0.000e+00 +0.000e+00 +0.000e+00 +0.000e+00 +0.000e+00
F2N_AM1  1024 2048     0   1023  1 -1 1.7 3.0 1000.0 2.0 7.0 3.0 0.02 0.0  1  6  4  0 0.00000012 0.00000012 18 +1.000e+00 +6.153e-04 +0.000e+00 +0.000e+00 +0.000e+00 +0.000e+00 +0.000e+00 +0.000e+00 +0.000e+00 +0.000e+00 +0.000e+00 +0.000e+00 +0.000e+00 +0.000e+00 +0.000e+00 +0.000e+00
F3N 2 2048 2048
F3N_AM0  0  1023     0   1023  1 -1 1.7 3.0 1000.0 2.0 7.0 3.0 0.02 0.0  1  6  4  0 0.00000012 0.00000012 18 +1.000e+00 +6.153e-04 +0.000e+00 +0.000e+00 +0.000e+00 +0.000e+00 +0.000e+00 +0.000e+00 +0.000e+00 +0.000e+00 +0.000e+00 +0.000e+00 +0.000e+00 +0.000e+00 +0.000e+00 +0.000e+00
F3N_AM1  1024 2048     0   1023  1 -1 1.7 3.0 1000.0 2.0 7.0 3.0 0.02 0.0  1  6  4  0 0.00000012 0.00000012 18 +1.000e+00 +6.153e-04 +0.000e+00 +0.000e+00 +0.000e+00 +0.000e+00 +0.000e+00 +0.000e+00 +0.000e+00 +0.000e+00 +0.000e+00 +0.000e+00 +0.000e+00 +0.000e+00 +0.000e+00 +0.000e+00
F4N 2 2048 2048
F4N_AM0  0  1023     0   1023  1 -1 1.7 3.0 1000.0 2.0 7.0 3.0 0.02 0.0  1  6  4  0 0.00000012 0.00000012 18 +1.000e+00 +6.153e-04 +0.000e+00 +0.000e+00 +0.000e+00 +0.000e+00 +0.000e+00 +0.000e+00 +0.000e+00 +0.000e+00 +0.000e+00 +0.000e+00 +0.000e+00 +0.000e+00 +0.000e+00 +0.000e+00
F4N_AM1  1024 2048     0   1023  1 -1 1.7 3.0 1000.0 2.0 7.0 3.0 0.02 0.0  1  6  4  0 0.00000012 0.00000012 18 +1.000e+00 +6.153e-04 +0.000e+00 +0.000e+00 +0.000e+00 +0.000e+00 +0.000e+00 +0.000e+00 +0.000e+00 +0.000e+00 +0.000e+00 +0.000e+00 +0.000e+00 +0.000e+00 +0.000e+00 +0.000e+00
1N 2 4096 2048
1N_AM0  0  4096     0   1023  1 -1 1.7 3.0 1000.0 2.0 7.0 3.0 0.02 0.0  1  6  4  0 0.00000012 0.00000012 18 +1.000e+00 +6.153e-04 +0.000e+00 +0.000e+00 +0.000e+00 +0.000e+00 +0.000e+00 +0.000e+00 +0.000e+00 +0.000e+00 +0.000e+00 +0.000e+00 +0.000e+00 +0.000e+00 +0.000e+00 +0.000e+00
1N_AM1  0 4096     1024   2048  1 -1 1.7 3.0 1000.0 2.0 7.0 3.0 0.02 0.0  1  6  4  0 0.00000012 0.00000012 18 +1.000e+00 +6.153e-04 +0.000e+00 +0.000e+00 +0.000e+00 +0.000e+00 +0.000e+00 +0.000e+00 +0.000e+00 +0.000e+00 +0.000e+00 +0.000e+00 +0.000e+00 +0.000e+00 +0.000e+00 +0.000e+00
2N 2 4096 2048
2N_AM0  0  4096     0   1023  1 -1 1.7 3.0 1000.0 2.0 7.0 3.0 0.02 0.0  1  6  4  0 0.00000012 0.00000012 18 +1.000e+00 +6.153e-04 +0.000e+00 +0.000e+00 +0.000e+00 +0.000e+00 +0.000e+00 +0.000e+00 +0.000e+00 +0.000e+00 +0.000e+00 +0.000e+00 +0.000e+00 +0.000e+00 +0.000e+00 +0.000e+00
2N_AM1  0 4096     1024   2048  1 -1 1.7 3.0 1000.0 2.0 7.0 3.0 0.02 0.0  1  6  4  0 0.00000012 0.00000012 18 +1.000e+00 +6.153e-04 +0.000e+00 +0.000e+00 +0.000e+00 +0.000e+00 +0.000e+00 +0.000e+00 +0.000e+00 +0.000e+00 +0.000e+00 +0.000e+00 +0.000e+00 +0.000e+00 +0.000e+00 +0.000e+00
3N 2 4096 2048
3N_AM0  0  4096     0   1023  1 -1 1.7 3.0 1000.0 2.0 7.0 3.0 0.02 0.0  1  6  4  0 0.00000012 0.00000012 18 +1.000e+00 +6.153e-04 +0.000e+00 +0.000e+00 +0.000e+00 +0.000e+00 +0.000e+00 +0.000e+00 +0.000e+00 +0.000e+00 +0.000e+00 +0.000e+00 +0.000e+00 +0.000e+00 +0.000e+00 +0.000e+00
3N_AM1  0 4096     1024   2048  1 -1 1.7 3.0 1000.0 2.0 7.0 3.0 0.02 0.0  1  6  4  0 0.00000012 0.00000012 18 +1.000e+00 +6.153e-04 +0.000e+00 +0.000e+00 +0.000e+00 +0.000e+00 +0.000e+00 +0.000e+00 +0.000e+00 +0.000e+00 +0.000e+00 +0.000e+00 +0.000e+00 +0.000e+00 +0.000e+00 +0.000e+00
4N 2 4096 2048
4N_AM0  0  4096     0   1023  1 -1 1.7 3.0 1000.0 2.0 7.0 3.0 0.02 0.0  1  6  4  0 0.00000012 0.00000012 18 +1.000e+00 +6.153e-04 +0.000e+00 +0.000e+00 +0.000e+00 +0.000e+00 +0.000e+00 +0.000e+00 +0.000e+00 +0.000e+00 +0.000e+00 +0.000e+00 +0.000e+00 +0.000e+00 +0.000e+00 +0.000e+00
4N_AM1  0 4096     1024   2048  1 -1 1.7 3.0 1000.0 2.0 7.0 3.0 0.02 0.0  1  6  4  0 0.00000012 0.00000012 18 +1.000e+00 +6.153e-04 +0.000e+00 +0.000e+00 +0.000e+00 +0.000e+00 +0.000e+00 +0.000e+00 +0.000e+00 +0.000e+00 +0.000e+00 +0.000e+00 +0.000e+00 +0.000e+00 +0.000e+00 +0.000e+00
5N 2 4096 2048
5N_AM0  0  4096     0   1023  1 -1 1.7 3.0 1000.0 2.0 7.0 3.0 0.02 0.0  1  6  4  0 0.00000012 0.00000012 18 +1.000e+00 +6.153e-04 +0.000e+00 +0.000e+00 +0.000e+00 +0.000e+00 +0.000e+00 +0.000e+00 +0.000e+00 +0.000e+00 +0.000e+00 +0.000e+00 +0.000e+00 +0.000e+00 +0.000e+00 +0.000e+00
5N_AM1  0 4096     1024   2048  1 -1 1.7 3.0 1000.0 2.0 7.0 3.0 0.02 0.0  1  6  4  0 0.00000012 0.00000012 18 +1.000e+00 +6.153e-04 +0.000e+00 +0.000e+00 +0.000e+00 +0.000e+00 +0.000e+00 +0.000e+00 +0.000e+00 +0.000e+00 +0.000e+00 +0.000e+00 +0.000e+00 +0.000e+00 +0.000e+00 +0.000e+00
6N 2 4096 2048
6N_AM0  0  4096     0   1023  1 -1 1.7 3.0 1000.0 2.0 7.0 3.0 0.02 0.0  1  6  4  0 0.00000012 0.00000012 18 +1.000e+00 +6.153e-04 +0.000e+00 +0.000e+00 +0.000e+00 +0.000e+00 +0.000e+00 +0.000e+00 +0.000e+00 +0.000e+00 +0.000e+00 +0.000e+00 +0.000e+00 +0.000e+00 +0.000e+00 +0.000e+00
6N_AM1  0 4096     1024   2048  1 -1 1.7 3.0 1000.0 2.0 7.0 3.0 0.02 0.0  1  6  4  0 0.00000012 0.00000012 18 +1.000e+00 +6.153e-04 +0.000e+00 +0.000e+00 +0.000e+00 +0.000e+00 +0.000e+00 +0.000e+00 +0.000e+00 +0.000e+00 +0.000e+00 +0.000e+00 +0.000e+00 +0.000e+00 +0.000e+00 +0.000e+00
7N 2 4096 2048
7N_AM0  0  4096     0   1023  1 -1 1.7 3.0 1000.0 2.0 7.0 3.0 0.02 0.0  1  6  4  0 0.00000012 0.00000012 18 +1.000e+00 +6.153e-04 +0.000e+00 +0.000e+00 +0.000e+00 +0.000e+00 +0.000e+00 +0.000e+00 +0.000e+00 +0.000e+00 +0.000e+00 +0.000e+00 +0.000e+00 +0.000e+00 +0.000e+00 +0.000e+00
7N_AM1  0 4096     1024   2048  1 -1 1.7 3.0 1000.0 2.0 7.0 3.0 0.02 0.0  1  6  4  0 0.00000012 0.00000012 18 +1.000e+00 +6.153e-04 +0.000e+00 +0.000e+00 +0.000e+00 +0.000e+00 +0.000e+00 +0.000e+00 +0.000e+00 +0.000e+00 +0.000e+00 +0.000e+00 +0.000e+00 +0.000e+00 +0.000e+00 +0.000e+00
8N 2 4096 2048
8N_AM0  0  4096     0   1023  1 -1 1.7 3.0 1000.0 2.0 7.0 3.0 0.02 0.0  1  6  4  0 0.00000012 0.00000012 18 +1.000e+00 +6.153e-04 +0.000e+00 +0.000e+00 +0.000e+00 +0.000e+00 +0.000e+00 +0.000e+00 +0.000e+00 +0.000e+00 +0.000e+00 +0.000e+00 +0.000e+00 +0.000e+00 +0.000e+00 +0.000e+00
8N_AM1  0 4096     1024   2048  1 -1 1.7 3.0 1000.0 2.0 7.0 3.0 0.02 0.0  1  6  4  0 0.00000012 0.00000012 18 +1.000e+00 +6.153e-04 +0.000e+00 +0.000e+00 +0.000e+00 +0.000e+00 +0.000e+00 +0.000e+00 +0.000e+00 +0.000e+00 +0.000e+00 +0.000e+00 +0.000e+00 +0.000e+00 +0.000e+00 +0.000e+00
9N 2 4096 2048
9N_AM0  0  4096     0   1023  1 -1 1.7 3.0 1000.0 2.0 7.0 3.0 0.02 0.0  1  6  4  0 0.00000012 0.00000012 18 +1.000e+00 +6.153e-04 +0.000e+00 +0.000e+00 +0.000e+00 +0.000e+00 +0.000e+00 +0.000e+00 +0.000e+00 +0.000e+00 +0.000e+00 +0.000e+00 +0.000e+00 +0.000e+00 +0.000e+00 +0.000e+00
9N_AM1  0 4096     1024   2048  1 -1 1.7 3.0 1000.0 2.0 7.0 3.0 0.02 0.0  1  6  4  0 0.00000012 0.00000012 18 +1.000e+00 +6.153e-04 +0.000e+00 +0.000e+00 +0.000e+00 +0.000e+00 +0.000e+00 +0.000e+00 +0.000e+00 +0.000e+00 +0.000e+00 +0.000e+00 +0.000e+00 +0.000e+00 +0.000e+00 +0.000e+00
10N 2 4096 2048
10N_AM0  0  4096     0   1023  1 -1 1.7 3.0 1000.0 2.0 7.0 3.0 0.02 0.0  1  6  4  0 0.00000012 0.00000012 18 +1.000e+00 +6.153e-04 +0.000e+00 +0.000e+00 +0.000e+00 +0.000e+00 +0.000e+00 +0.000e+00 +0.000e+00 +0.000e+00 +0.000e+00 +0.000e+00 +0.000e+00 +0.000e+00 +0.000e+00 +0.000e+00
10N_AM1  0 4096     1024   2048  1 -1 1.7 3.0 1000.0 2.0 7.0 3.0 0.02 0.0  1  6  4  0 0.00000012 0.00000012 18 +1.000e+00 +6.153e-04 +0.000e+00 +0.000e+00 +0.000e+00 +0.000e+00 +0.000e+00 +0.000e+00 +0.000e+00 +0.000e+00 +0.000e+00 +0.000e+00 +0.000e+00 +0.000e+00 +0.000e+00 +0.000e+00
11N 2 4096 2048
11N_AM0  0  4096     0   1023  1 -1 1.7 3.0 1000.0 2.0 7.0 3.0 0.02 0.0  1  6  4  0 0.00000012 0.00000012 18 +1.000e+00 +6.153e-04 +0.000e+00 +0.000e+00 +0.000e+00 +0.000e+00 +0.000e+00 +0.000e+00 +0.000e+00 +0.000e+00 +0.000e+00 +0.000e+00 +0.000e+00 +0.000e+00 +0.000e+00 +0.000e+00
11N_AM1  0 4096     1024   2048  1 -1 1.7 3.0 1000.0 2.0 7.0 3.0 0.02 0.0  1  6  4  0 0.00000012 0.00000012 18 +1.000e+00 +6.153e-04 +0.000e+00 +0.000e+00 +0.000e+00 +0.000e+00 +0.000e+00 +0.000e+00 +0.000e+00 +0.000e+00 +0.000e+00 +0.000e+00 +0.000e+00 +0.000e+00 +0.000e+00 +0.000e+00
12N 2 4096 2048
12N_AM0  0  4096     0   1023  1 -1 1.7 3.0 1000.0 2.0 7.0 3.0 0.02 0.0  1  6  4  0 0.00000012 0.00000012 18 +1.000e+00 +6.153e-04 +0.000e+00 +0.000e+00 +0.000e+00 +0.000e+00 +0.000e+00 +0.000e+00 +0.000e+00 +0.000e+00 +0.000e+00 +0.000e+00 +0.000e+00 +0.000e+00 +0.000e+00 +0.000e+00
12N_AM1  0 4096     1024   2048  1 -1 1.7 3.0 1000.0 2.0 7.0 3.0 0.02 0.0  1  6  4  0 0.00000012 0.00000012 18 +1.000e+00 +6.153e-04 +0.000e+00 +0.000e+00 +0.000e+00 +0.000e+00 +0.000e+00 +0.000e+00 +0.000e+00 +0.000e+00 +0.000e+00 +0.000e+00 +0.000e+00 +0.000e+00 +0.000e+00 +0.000e+00
13N 2 4096 2048
13N_AM0  0  4096     0   1023  1 -1 1.7 3.0 1000.0 2.0 7.0 3.0 0.02 0.0  1  6  4  0 0.00000012 0.00000012 18 +1.000e+00 +6.153e-04 +0.000e+00 +0.000e+00 +0.000e+00 +0.000e+00 +0.000e+00 +0.000e+00 +0.000e+00 +0.000e+00 +0.000e+00 +0.000e+00 +0.000e+00 +0.000e+00 +0.000e+00 +0.000e+00
13N_AM1  0 4096     1024   2048  1 -1 1.7 3.0 1000.0 2.0 7.0 3.0 0.02 0.0  1  6  4  0 0.00000012 0.00000012 18 +1.000e+00 +6.153e-04 +0.000e+00 +0.000e+00 +0.000e+00 +0.000e+00 +0.000e+00 +0.000e+00 +0.000e+00 +0.000e+00 +0.000e+00 +0.000e+00 +0.000e+00 +0.000e+00 +0.000e+00 +0.000e+00
14N 2 4096 2048
14N_AM0  0  4096     0   1023  1 -1 1.7 3.0 1000.0 2.0 7.0 3.0 0.02 0.0  1  6  4  0 0.00000012 0.00000012 18 +1.000e+00 +6.153e-04 +0.000e+00 +0.000e+00 +0.000e+00 +0.000e+00 +0.000e+00 +0.000e+00 +0.000e+00 +0.000e+00 +0.000e+00 +0.000e+00 +0.000e+00 +0.000e+00 +0.000e+00 +0.000e+00
14N_AM1  0 4096     1024   2048  1 -1 1.7 3.0 1000.0 2.0 7.0 3.0 0.02 0.0  1  6  4  0 0.00000012 0.00000012 18 +1.000e+00 +6.153e-04 +0.000e+00 +0.000e+00 +0.000e+00 +0.000e+00 +0.000e+00 +0.000e+00 +0.000e+00 +0.000e+00 +0.000e+00 +0.000e+00 +0.000e+00 +0.000e+00 +0.000e+00 +0.000e+00
15N 2 4096 2048
15N_AM0  0  4096     0   1023  1 -1 1.7 3.0 1000.0 2.0 7.0 3.0 0.02 0.0  1  6  4  0 0.00000012 0.00000012 18 +1.000e+00 +6.153e-04 +0.000e+00 +0.000e+00 +0.000e+00 +0.000e+00 +0.000e+00 +0.000e+00 +0.000e+00 +0.000e+00 +0.000e+00 +0.000e+00 +0.000e+00 +0.000e+00 +0.000e+00 +0.000e+00
15N_AM1  0 4096     1024   2048  1 -1 1.7 3.0 1000.0 2.0 7.0 3.0 0.02 0.0  1  6  4  0 0.00000012 0.00000012 18 +1.000e+00 +6.153e-04 +0.000e+00 +0.000e+00 +0.000e+00 +0.000e+00 +0.000e+00 +0.000e+00 +0.000e+00 +0.000e+00 +0.000e+00 +0.000e+00 +0.000e+00 +0.000e+00 +0.000e+00 +0.000e+00
16N 2 4096 2048
16N_AM0  0  4096     0   1023  1 -1 1.7 3.0 1000.0 2.0 7.0 3.0 0.02 0.0  1  6  4  0 0.00000012 0.00000012 18 +1.000e+00 +6.153e-04 +0.000e+00 +0.000e+00 +0.000e+00 +0.000e+00 +0.000e+00 +0.000e+00 +0.000e+00 +0.000e+00 +0.000e+00 +0.000e+00 +0.000e+00 +0.000e+00 +0.000e+00 +0.000e+00
16N_AM1  0 4096     1024   2048  1 -1 1.7 3.0 1000.0 2.0 7.0 3.0 0.02 0.0  1  6  4  0 0.00000012 0.00000012 18 +1.000e+00 +6.153e-04 +0.000e+00 +0.000e+00 +0.000e+00 +0.000e+00 +0.000e+00 +0.000e+00 +0.000e+00 +0.000e+00 +0.000e+00 +0.000e+00 +0.000e+00 +0.000e+00 +0.000e+00 +0.000e+00
17N 2 4096 2048
17N_AM0  0  4096     0   1023  1 -1 1.7 3.0 1000.0 2.0 7.0 3.0 0.02 0.0  1  6  4  0 0.00000012 0.00000012 18 +1.000e+00 +6.153e-04 +0.000e+00 +0.000e+00 +0.000e+00 +0.000e+00 +0.000e+00 +0.000e+00 +0.000e+00 +0.000e+00 +0.000e+00 +0.000e+00 +0.000e+00 +0.000e+00 +0.000e+00 +0.000e+00
17N_AM1  0 4096     1024   2048  1 -1 1.7 3.0 1000.0 2.0 7.0 3.0 0.02 0.0  1  6  4  0 0.00000012 0.00000012 18 +1.000e+00 +6.153e-04 +0.000e+00 +0.000e+00 +0.000e+00 +0.000e+00 +0.000e+00 +0.000e+00 +0.000e+00 +0.000e+00 +0.000e+00 +0.000e+00 +0.000e+00 +0.000e+00 +0.000e+00 +0.000e+00
18N 2 4096 2048
18N_AM0  0  4096     0   1023  1 -1 1.7 3.0 1000.0 2.0 7.0 3.0 0.02 0.0  1  6  4  0 0.00000012 0.00000012 18 +1.000e+00 +6.153e-04 +0.000e+00 +0.000e+00 +0.000e+00 +0.000e+00 +0.000e+00 +0.000e+00 +0.000e+00 +0.000e+00 +0.000e+00 +0.000e+00 +0.000e+00 +0.000e+00 +0.000e+00 +0.000e+00
18N_AM1  0 4096     1024   2048  1 -1 1.7 3.0 1000.0 2.0 7.0 3.0 0.02 0.0  1  6  4  0 0.00000012 0.00000012 18 +1.000e+00 +6.153e-04 +0.000e+00 +0.000e+00 +0.000e+00 +0.000e+00 +0.000e+00 +0.000e+00 +0.000e+00 +0.000e+00 +0.000e+00 +0.000e+00 +0.000e+00 +0.000e+00 +0.000e+00 +0.000e+00
19N 2 4096 2048
19N_AM0  0  4096     0   1023  1 -1 1.7 3.0 1000.0 2.0 7.0 3.0 0.02 0.0  1  6  4  0 0.00000012 0.00000012 18 +1.000e+00 +6.153e-04 +0.000e+00 +0.000e+00 +0.000e+00 +0.000e+00 +0.000e+00 +0.000e+00 +0.000e+00 +0.000e+00 +0.000e+00 +0.000e+00 +0.000e+00 +0.000e+00 +0.000e+00 +0.000e+00
19N_AM1  0 4096     1024   2048  1 -1 1.7 3.0 1000.0 2.0 7.0 3.0 0.02 0.0  1  6  4  0 0.00000012 0.00000012 18 +1.000e+00 +6.153e-04 +0.000e+00 +0.000e+00 +0.000e+00 +0.000e+00 +0.000e+00 +0.000e+00 +0.000e+00 +0.000e+00 +0.000e+00 +0.000e+00 +0.000e+00 +0.000e+00 +0.000e+00 +0.000e+00
20N 2 4096 2048
20N_AM0  0  4096     0   1023  1 -1 1.7 3.0 1000.0 2.0 7.0 3.0 0.02 0.0  1  6  4  0 0.00000012 0.00000012 18 +1.000e+00 +6.153e-04 +0.000e+00 +0.000e+00 +0.000e+00 +0.000e+00 +0.000e+00 +0.000e+00 +0.000e+00 +0.000e+00 +0.000e+00 +0.000e+00 +0.000e+00 +0.000e+00 +0.000e+00 +0.000e+00
20N_AM1  0 4096     1024   2048  1 -1 1.7 3.0 1000.0 2.0 7.0 3.0 0.02 0.0  1  6  4  0 0.00000012 0.00000012 18 +1.000e+00 +6.153e-04 +0.000e+00 +0.000e+00 +0.000e+00 +0.000e+00 +0.000e+00 +0.000e+00 +0.000e+00 +0.000e+00 +0.000e+00 +0.000e+00 +0.000e+00 +0.000e+00 +0.000e+00 +0.000e+00
21N 2 4096 2048
21N_AM0  0  4096     0   1023  1 -1 1.7 3.0 1000.0 2.0 7.0 3.0 0.02 0.0  1  6  4  0 0.00000012 0.00000012 18 +1.000e+00 +6.153e-04 +0.000e+00 +0.000e+00 +0.000e+00 +0.000e+00 +0.000e+00 +0.000e+00 +0.000e+00 +0.000e+00 +0.000e+00 +0.000e+00 +0.000e+00 +0.000e+00 +0.000e+00 +0.000e+00
21N_AM1  0 4096     1024   2048  1 -1 1.7 3.0 1000.0 2.0 7.0 3.0 0.02 0.0  1  6  4  0 0.00000012 0.00000012 18 +1.000e+00 +6.153e-04 +0.000e+00 +0.000e+00 +0.000e+00 +0.000e+00 +0.000e+00 +0.000e+00 +0.000e+00 +0.000e+00 +0.000e+00 +0.000e+00 +0.000e+00 +0.000e+00 +0.000e+00 +0.000e+00
22N 2 4096 2048
22N_AM0  0  4096     0   1023  1 -1 1.7 3.0 1000.0 2.0 7.0 3.0 0.02 0.0  1  6  4  0 0.00000012 0.00000012 18 +1.000e+00 +6.153e-04 +0.000e+00 +0.000e+00 +0.000e+00 +0.000e+00 +0.000e+00 +0.000e+00 +0.000e+00 +0.000e+00 +0.000e+00 +0.000e+00 +0.000e+00 +0.000e+00 +0.000e+00 +0.000e+00
22N_AM1  0 4096     1024   2048  1 -1 1.7 3.0 1000.0 2.0 7.0 3.0 0.02 0.0  1  6  4  0 0.00000012 0.00000012 18 +1.000e+00 +6.153e-04 +0.000e+00 +0.000e+00 +0.000e+00 +0.000e+00 +0.000e+00 +0.000e+00 +0.000e+00 +0.000e+00 +0.000e+00 +0.000e+00 +0.000e+00 +0.000e+00 +0.000e+00 +0.000e+00
22N 2 4096 2048
22N_AM0  0  4096     0   1023  1 -1 1.7 3.0 1000.0 2.0 7.0 3.0 0.02 0.0  1  6  4  0 0.00000012 0.00000012 18 +1.000e+00 +6.153e-04 +0.000e+00 +0.000e+00 +0.000e+00 +0.000e+00 +0.000e+00 +0.000e+00 +0.000e+00 +0.000e+00 +0.000e+00 +0.000e+00 +0.000e+00 +0.000e+00 +0.000e+00 +0.000e+00
22N_AM1  0 4096     1024   2048  1 -1 1.7 3.0 1000.0 2.0 7.0 3.0 0.02 0.0  1  6  4  0 0.00000012 0.00000012 18 +1.000e+00 +6.153e-04 +0.000e+00 +0.000e+00 +0.000e+00 +0.000e+00 +0.000e+00 +0.000e+00 +0.000e+00 +0.000e+00 +0.000e+00 +0.000e+00 +0.000e+00 +0.000e+00 +0.000e+00 +0.000e+00
23N 2 4096 2048
23N_AM0  0  4096     0   1023  1 -1 1.7 3.0 1000.0 2.0 7.0 3.0 0.02 0.0  1  6  4  0 0.00000012 0.00000012 18 +1.000e+00 +6.153e-04 +0.000e+00 +0.000e+00 +0.000e+00 +0.000e+00 +0.000e+00 +0.000e+00 +0.000e+00 +0.000e+00 +0.000e+00 +0.000e+00 +0.000e+00 +0.000e+00 +0.000e+00 +0.000e+00
23N_AM1  0 4096     1024   2048  1 -1 1.7 3.0 1000.0 2.0 7.0 3.0 0.02 0.0  1  6  4  0 0.00000012 0.00000012 18 +1.000e+00 +6.153e-04 +0.000e+00 +0.000e+00 +0.000e+00 +0.000e+00 +0.000e+00 +0.000e+00 +0.000e+00 +0.000e+00 +0.000e+00 +0.000e+00 +0.000e+00 +0.000e+00 +0.000e+00 +0.000e+00
24N 2 4096 2048
24N_AM0  0  4096     0   1023  1 -1 1.7 3.0 1000.0 2.0 7.0 3.0 0.02 0.0  1  6  4  0 0.00000012 0.00000012 18 +1.000e+00 +6.153e-04 +0.000e+00 +0.000e+00 +0.000e+00 +0.000e+00 +0.000e+00 +0.000e+00 +0.000e+00 +0.000e+00 +0.000e+00 +0.000e+00 +0.000e+00 +0.000e+00 +0.000e+00 +0.000e+00
24N_AM1  0 4096     1024   2048  1 -1 1.7 3.0 1000.0 2.0 7.0 3.0 0.02 0.0  1  6  4  0 0.00000012 0.00000012 18 +1.000e+00 +6.153e-04 +0.000e+00 +0.000e+00 +0.000e+00 +0.000e+00 +0.000e+00 +0.000e+00 +0.000e+00 +0.000e+00 +0.000e+00 +0.000e+00 +0.000e+00 +0.000e+00 +0.000e+00 +0.000e+00
25N 2 4096 2048
25N_AM0  0  4096     0   1023  1 -1 1.7 3.0 1000.0 2.0 7.0 3.0 0.02 0.0  1  6  4  0 0.00000012 0.00000012 18 +1.000e+00 +6.153e-04 +0.000e+00 +0.000e+00 +0.000e+00 +0.000e+00 +0.000e+00 +0.000e+00 +0.000e+00 +0.000e+00 +0.000e+00 +0.000e+00 +0.000e+00 +0.000e+00 +0.000e+00 +0.000e+00
25N_AM1  0 4096     1024   2048  1 -1 1.7 3.0 1000.0 2.0 7.0 3.0 0.02 0.0  1  6  4  0 0.00000012 0.00000012 18 +1.000e+00 +6.153e-04 +0.000e+00 +0.000e+00 +0.000e+00 +0.000e+00 +0.000e+00 +0.000e+00 +0.000e+00 +0.000e+00 +0.000e+00 +0.000e+00 +0.000e+00 +0.000e+00 +0.000e+00 +0.000e+00
26N 2 4096 2048
26N_AM0  0  4096     0   1023  1 -1 1.7 3.0 1000.0 2.0 7.0 3.0 0.02 0.0  1  6  4  0 0.00000012 0.00000012 18 +1.000e+00 +6.153e-04 +0.000e+00 +0.000e+00 +0.000e+00 +0.000e+00 +0.000e+00 +0.000e+00 +0.000e+00 +0.000e+00 +0.000e+00 +0.000e+00 +0.000e+00 +0.000e+00 +0.000e+00 +0.000e+00
26N_AM1  0 4096     1024   2048  1 -1 1.7 3.0 1000.0 2.0 7.0 3.0 0.02 0.0  1  6  4  0 0.00000012 0.00000012 18 +1.000e+00 +6.153e-04 +0.000e+00 +0.000e+00 +0.000e+00 +0.000e+00 +0.000e+00 +0.000e+00 +0.000e+00 +0.000e+00 +0.000e+00 +0.000e+00 +0.000e+00 +0.000e+00 +0.000e+00 +0.000e+00
27N 2 4096 2048
27N_AM0  0  4096     0   1023  1 -1 1.7 3.0 1000.0 2.0 7.0 3.0 0.02 0.0  1  6  4  0 0.00000012 0.00000012 18 +1.000e+00 +6.153e-04 +0.000e+00 +0.000e+00 +0.000e+00 +0.000e+00 +0.000e+00 +0.000e+00 +0.000e+00 +0.000e+00 +0.000e+00 +0.000e+00 +0.000e+00 +0.000e+00 +0.000e+00 +0.000e+00
27N_AM1  0 4096     1024   2048  1 -1 1.7 3.0 1000.0 2.0 7.0 3.0 0.02 0.0  1  6  4  0 0.00000012 0.00000012 18 +1.000e+00 +6.153e-04 +0.000e+00 +0.000e+00 +0.000e+00 +0.000e+00 +0.000e+00 +0.000e+00 +0.000e+00 +0.000e+00 +0.000e+00 +0.000e+00 +0.000e+00 +0.000e+00 +0.000e+00 +0.000e+00
28N 2 4096 2048
28N_AM0  0  4096     0   1023  1 -1 1.7 3.0 1000.0 2.0 7.0 3.0 0.02 0.0  1  6  4  0 0.00000012 0.00000012 18 +1.000e+00 +6.153e-04 +0.000e+00 +0.000e+00 +0.000e+00 +0.000e+00 +0.000e+00 +0.000e+00 +0.000e+00 +0.000e+00 +0.000e+00 +0.000e+00 +0.000e+00 +0.000e+00 +0.000e+00 +0.000e+00
28N_AM1  0 4096     1024   2048  1 -1 1.7 3.0 1000.0 2.0 7.0 3.0 0.02 0.0  1  6  4  0 0.00000012 0.00000012 18 +1.000e+00 +6.153e-04 +0.000e+00 +0.000e+00 +0.000e+00 +0.000e+00 +0.000e+00 +0.000e+00 +0.000e+00 +0.000e+00 +0.000e+00 +0.000e+00 +0.000e+00 +0.000e+00 +0.000e+00 +0.000e+00
29N 2 4096 2048
29N_AM0  0  4096     0   1023  1 -1 1.7 3.0 1000.0 2.0 7.0 3.0 0.02 0.0  1  6  4  0 0.00000012 0.00000012 18 +1.000e+00 +6.153e-04 +0.000e+00 +0.000e+00 +0.000e+00 +0.000e+00 +0.000e+00 +0.000e+00 +0.000e+00 +0.000e+00 +0.000e+00 +0.000e+00 +0.000e+00 +0.000e+00 +0.000e+00 +0.000e+00
29N_AM1  0 4096     1024   2048  1 -1 1.7 3.0 1000.0 2.0 7.0 3.0 0.02 0.0  1  6  4  0 0.00000012 0.00000012 18 +1.000e+00 +6.153e-04 +0.000e+00 +0.000e+00 +0.000e+00 +0.000e+00 +0.000e+00 +0.000e+00 +0.000e+00 +0.000e+00 +0.000e+00 +0.000e+00 +0.000e+00 +0.000e+00 +0.000e+00 +0.000e+00
30N 2 4096 2048
30N_AM0  0  4096     0   1023  1 -1 1.7 3.0 1000.0 2.0 7.0 3.0 0.02 0.0  1  6  4  0 0.00000012 0.00000012 18 +1.000e+00 +6.153e-04 +0.000e+00 +0.000e+00 +0.000e+00 +0.000e+00 +0.000e+00 +0.000e+00 +0.000e+00 +0.000e+00 +0.000e+00 +0.000e+00 +0.000e+00 +0.000e+00 +0.000e+00 +0.000e+00
30N_AM1  0 4096     1024   2048  1 -1 1.7 3.0 1000.0 2.0 7.0 3.0 0.02 0.0  1  6  4  0 0.00000012 0.00000012 18 +1.000e+00 +6.153e-04 +0.000e+00 +0.000e+00 +0.000e+00 +0.000e+00 +0.000e+00 +0.000e+00 +0.000e+00 +0.000e+00 +0.000e+00 +0.000e+00 +0.000e+00 +0.000e+00 +0.000e+00 +0.000e+00
31N 2 4096 2048
31N_AM0  0  4096     0   1023  1 -1 1.7 3.0 1000.0 2.0 7.0 3.0 0.02 0.0  1  6  4  0 0.00000012 0.00000012 18 +1.000e+00 +6.153e-04 +0.000e+00 +0.000e+00 +0.000e+00 +0.000e+00 +0.000e+00 +0.000e+00 +0.000e+00 +0.000e+00 +0.000e+00 +0.000e+00 +0.000e+00 +0.000e+00 +0.000e+00 +0.000e+00
31N_AM1  0 4096     1024   2048  1 -1 1.7 3.0 1000.0 2.0 7.0 3.0 0.02 0.0  1  6  4  0 0.00000012 0.00000012 18 +1.000e+00 +6.153e-04 +0.000e+00 +0.000e+00 +0.000e+00 +0.000e+00 +0.000e+00 +0.000e+00 +0.000e+00 +0.000e+00 +0.000e+00 +0.000e+00 +0.000e+00 +0.000e+00 +0.000e+00 +0.000e+00
