0	0.2	0.000000000100	0.999999999900
0	0.201	0.000000000100	0.999999999900
0	0.202	0.000000000100	0.999999999900
0	0.203	0.000000570123	0.999999429877
0	0.204	0.000000302711	0.999999697289
0	0.205	0.000000000100	0.999999999900
0	0.206	0.000000000100	0.999999999900
0	0.207	0.000000000100	0.999999999900
0	0.208	0.000000000100	0.999999999900
0	0.209	0.000000000100	0.999999999900
0	0.21	0.000000000100	0.999999999900
0	0.211	0.000000059123	0.999999940877
0	0.212	0.000000322797	0.999999677203
0	0.213	0.000000000100	0.999999999900
0	0.214	0.000000248665	0.999999751335
0	0.215	0.000000169272	0.999999830728
0	0.216	0.000000040532	0.999999959468
0	0.217	0.000000000100	0.999999999900
0	0.218	0.000000320697	0.999999679303
0	0.219	0.000000217856	0.999999782144
0	0.22	0.000000324643	0.999999675357
0	0.221	0.000000128925	0.999999871075
0	0.222	0.000000000100	0.999999999900
0	0.223	0.000000186270	0.999999813730
0	0.224	0.000000077257	0.999999922743
0	0.225	0.000000034433	0.999999965567
0	0.226	0.000000000100	0.999999999900
0	0.227	0.000000000100	0.999999999900
0	0.228	0.000000000100	0.999999999900
0	0.229	0.000000347861	0.999999652139
0	0.23	0.000000000100	0.999999999900
0	0.231	0.000000000100	0.999999999900
0	0.232	0.000000000100	0.999999999900
0	0.233	0.000000000100	0.999999999900
0	0.234	0.000000000100	0.999999999900
0	0.235	0.000000042194	0.999999957807
0	0.236	0.000000073685	0.999999926315
0	0.237	0.000000000100	0.999999999900
0	0.238	0.000000057310	0.999999942690
0	0.239	0.000000000100	0.999999999900
0	0.24	0.000000000100	0.999999999900
0	0.241	0.000000172295	0.999999827705
0	0.242	0.000000000100	0.999999999900
0	0.243	0.000000000100	0.999999999900
0	0.244	0.000000000100	0.999999999900
0	0.245	0.000000029320	0.999999970680
0	0.246	0.000000000100	0.999999999900
0	0.247	0.000000000100	0.999999999900
0	0.248	0.000000000100	0.999999999900
0	0.249	0.000000000100	0.999999999900
0	0.25	0.000000000100	0.999999999900
0	0.251	0.000000023452	0.999999976548
0	0.252	0.000000000100	0.999999999900
0	0.253	0.000000011506	0.999999988494
0	0.254	0.000000000100	0.999999999900
0	0.255	0.000000000100	0.999999999900
0	0.256	0.000000000100	0.999999999900
0	0.257	0.000000000100	0.999999999900
0	0.258	0.000000074710	0.999999925290
0	0.259	0.000000000100	0.999999999900
0	0.26	0.000000055780	0.999999944220
0	0.261	0.000000000100	0.999999999900
0	0.262	0.000000045012	0.999999954988
0	0.263	0.000000000100	0.999999999900
0	0.264	0.000000034833	0.999999965167
0	0.265	0.000000067441	0.999999932559
0	0.266	0.000000000100	0.999999999900
0	0.267	0.000000000100	0.999999999900
0	0.268	0.000000062106	0.999999937894
0	0.269	0.000000000100	0.999999999900
0	0.27	0.000000000100	0.999999999900
0	0.271	0.000000000100	0.999999999900
0	0.272	0.000000000100	0.999999999900
0	0.273	0.000000048540	0.999999951460
0	0.274	0.000000138328	0.999999861672
0	0.275	0.000000000100	0.999999999900
0	0.276	0.000000041149	0.999999958851
0	0.277	0.000000005828	0.999999994172
0	0.278	0.000000000100	0.999999999900
0	0.279	0.000000015398	0.999999984602
0	0.28	0.000000000100	0.999999999900
0	0.281	0.000000000100	0.999999999900
0	0.282	0.000000000100	0.999999999900
0	0.283	0.000000000100	0.999999999900
0	0.284	0.000000008976	0.999999991024
0	0.285	0.000000000100	0.999999999900
0	0.286	0.000000106512	0.999999893488
0	0.287	0.000000000100	0.999999999900
0	0.288	0.000000014653	0.999999985347
0	0.289	0.000000090657	0.999999909343
0	0.29	0.000000000100	0.999999999900
0	0.291	0.000000000100	0.999999999900
0	0.292	0.000000122005	0.999999877995
0	0.293	0.000000055135	0.999999944865
0	0.294	0.000000183817	0.999999816183
0	0.295	0.000000108325	0.999999891675
0	0.296	0.000000154589	0.999999845411
0	0.297	0.000000156733	0.999999843267
0	0.298	0.000000065975	0.999999934025
0	0.299	0.000000254309	0.999999745691
0	0.3	0.000000286074	0.999999713926
0	0.301	0.000000924465	0.999999075535
0	0.302	0.000002036770	0.999997963230
0	0.303	0.000004350250	0.999995649750
0	0.304	0.000006404290	0.999993595710
0	0.305	0.000006945220	0.999993054780
0	0.306	0.000004058890	0.999995941110
0	0.307	0.000002005110	0.999997994890
0	0.308	0.000002834500	0.999997165500
0	0.309	0.000005838910	0.999994161090
0	0.31	0.000018819500	0.999981180500
0	0.311	0.000042880400	0.999957119600
0	0.312	0.000062496100	0.999937503900
0	0.313	0.000069350900	0.999930649100
0	0.314	0.000058507900	0.999941492100
0	0.315	0.000029215700	0.999970784300
0	0.316	0.000009388110	0.999990611890
0	0.317	0.000002498790	0.999997501210
0	0.318	0.000001287580	0.999998712420
0	0.319	0.000000627337	0.999999372663
0	0.32	0.000000247914	0.999999752086
0	0.321	0.000000113973	0.999999886027
0	0.322	0.000000009691	0.999999990309
0	0.323	0.000000065497	0.999999934503
0	0.324	0.000000000100	0.999999999900
0	0.325	0.000000000100	0.999999999900
0	0.326	0.000000145764	0.999999854236
0	0.327	0.000000000100	0.999999999900
0	0.328	0.000000000100	0.999999999900
0	0.329	0.000000104038	0.999999895962
0	0.33	0.000000021794	0.999999978206
0	0.331	0.000000000100	0.999999999900
0	0.332	0.000000075477	0.999999924523
0	0.333	0.000000112742	0.999999887258
0	0.334	0.000000015343	0.999999984657
0	0.335	0.000000024271	0.999999975729
0	0.336	0.000000000100	0.999999999900
0	0.337	0.000000076500	0.999999923500
0	0.338	0.000000000100	0.999999999900
0	0.339	0.000000000100	0.999999999900
0	0.34	0.000000093888	0.999999906112
0	0.341	0.000000235573	0.999999764427
0	0.342	0.000000002905	0.999999997095
0	0.343	0.000000000100	0.999999999900
0	0.344	0.000000233140	0.999999766860
0	0.345	0.000000140581	0.999999859419
0	0.346	0.000000000100	0.999999999900
0	0.347	0.000000059584	0.999999940416
0	0.348	0.000000168515	0.999999831485
0	0.349	0.000000000100	0.999999999900
0	0.35	0.000000178489	0.999999821511
0	0.351	0.000000202251	0.999999797749
0	0.352	0.000000060711	0.999999939290
0	0.353	0.000000140851	0.999999859149
0	0.354	0.000000000100	0.999999999900
0	0.355	0.000000178680	0.999999821320
0	0.356	0.000000029916	0.999999970084
0	0.357	0.000000198286	0.999999801714
0	0.358	0.000000000100	0.999999999900
0	0.359	0.000000076033	0.999999923967
0	0.36	0.000000074972	0.999999925028
0	0.361	0.000000237699	0.999999762301
0	0.362	0.000000113203	0.999999886797
0	0.363	0.000000070558	0.999999929442
0	0.364	0.000000053639	0.999999946361
0	0.365	0.000000029118	0.999999970882
0	0.366	0.000000061062	0.999999938938
0	0.367	0.000000076299	0.999999923701
0	0.368	0.000000073645	0.999999926355
0	0.369	0.000000075099	0.999999924901
0	0.37	0.000000113637	0.999999886363
0	0.371	0.000000180289	0.999999819711
0	0.372	0.000000133263	0.999999866737
0	0.373	0.000000125293	0.999999874707
0	0.374	0.000000136845	0.999999863155
0	0.375	0.000000054438	0.999999945563
0	0.376	0.000000149309	0.999999850691
0	0.377	0.000000147859	0.999999852141
0	0.378	0.000000351809	0.999999648191
0	0.379	0.000000770358	0.999999229642
0	0.38	0.000001044820	0.999998955180
0	0.381	0.000001045910	0.999998954090
0	0.382	0.000001322310	0.999998677690
0	0.383	0.000001635530	0.999998364470
0	0.384	0.000001775060	0.999998224940
0	0.385	0.000001651170	0.999998348830
0	0.386	0.000001207600	0.999998792400
0	0.387	0.000000881472	0.999999118528
0	0.388	0.000001856940	0.999998143060
0	0.389	0.000004522080	0.999995477920
0	0.39	0.000008764250	0.999991235750
0	0.391	0.000013462900	0.999986537100
0	0.392	0.000012748900	0.999987251100
0	0.393	0.000007978980	0.999992021020
0	0.394	0.000003450620	0.999996549380
0	0.395	0.000001751310	0.999998248690
0	0.396	0.000001233570	0.999998766430
0	0.397	0.000001047070	0.999998952930
0	0.398	0.000001755800	0.999998244200
0	0.399	0.000003264130	0.999996735870
0	0.4	0.000003559300	0.999996440700
0	0.401	0.000002743030	0.999997256970
0	0.402	0.000001711090	0.999998288910
0	0.403	0.000001032560	0.999998967440
0	0.404	0.000000926781	0.999999073219
0	0.405	0.000001077760	0.999998922240
0	0.406	0.000001371910	0.999998628090
0	0.407	0.000001070860	0.999998929140
0	0.408	0.000000629337	0.999999370663
0	0.409	0.000000397755	0.999999602245
0	0.41	0.000000243644	0.999999756356
0	0.411	0.000000243964	0.999999756036
0	0.412	0.000000266233	0.999999733767
0	0.413	0.000000242085	0.999999757915
0	0.414	0.000000179526	0.999999820474
0	0.415	0.000000219246	0.999999780754
0	0.416	0.000000301743	0.999999698257
0	0.417	0.000000438419	0.999999561581
0	0.418	0.000000540692	0.999999459308
0	0.419	0.000000675970	0.999999324030
0	0.42	0.000000651325	0.999999348675
0	0.421	0.000000679250	0.999999320750
0	0.422	0.000000638342	0.999999361658
0	0.423	0.000000472190	0.999999527810
0	0.424	0.000000507683	0.999999492317
0	0.425	0.000000510486	0.999999489514
0	0.426	0.000000541917	0.999999458083
0	0.427	0.000000511198	0.999999488802
0	0.428	0.000000514056	0.999999485944
0	0.429	0.000000518603	0.999999481397
0	0.43	0.000000452117	0.999999547883
0	0.431	0.000000415816	0.999999584184
0	0.432	0.000000449505	0.999999550495
0	0.433	0.000000377439	0.999999622561
0	0.434	0.000000339724	0.999999660276
0	0.435	0.000000302332	0.999999697668
0	0.436	0.000000269583	0.999999730417
0	0.437	0.000000265379	0.999999734621
0	0.438	0.000000203276	0.999999796724
0	0.439	0.000000207107	0.999999792893
0	0.44	0.000000282555	0.999999717445
0	0.441	0.000000274821	0.999999725179
0	0.442	0.000000234805	0.999999765195
0	0.443	0.000000286065	0.999999713935
0	0.444	0.000000253839	0.999999746161
0	0.445	0.000000267329	0.999999732671
0	0.446	0.000000276909	0.999999723091
0	0.447	0.000000244098	0.999999755902
0	0.448	0.000000257368	0.999999742632
0	0.449	0.000000253656	0.999999746344
0	0.45	0.000000382469	0.999999617531
0	0.4503	0.000000455056	0.999999544944
0	0.4506	0.000000621600	0.999999378400
0	0.4509	0.000000743539	0.999999256461
0	0.4512	0.000000923153	0.999999076847
0	0.4515	0.000000879962	0.999999120038
0	0.4518	0.000000678100	0.999999321900
0	0.4521	0.000000617930	0.999999382070
0	0.4524	0.000000566631	0.999999433369
0	0.4527	0.000000657949	0.999999342051
0	0.453	0.000000712410	0.999999287590
0	0.4533	0.000000984186	0.999999015814
0	0.4536	0.000001599420	0.999998400580
0	0.4539	0.000003033360	0.999996966640
0	0.4542	0.000006441180	0.999993558820
0	0.4545	0.000010615100	0.999989384900
0	0.4548	0.000011334900	0.999988665100
0	0.4551	0.000008482340	0.999991517660
0	0.4554	0.000005544480	0.999994455520
0	0.4557	0.000004453050	0.999995546950
0	0.456	0.000006173860	0.999993826140
0	0.4563	0.000040191900	0.999959808100
0	0.4566	0.000119494000	0.999880506000
0	0.4569	0.000144732000	0.999855268000
0	0.4572	0.000065667300	0.999934332700
0	0.4575	0.000005113350	0.999994886650
0	0.4578	0.000001133370	0.999998866630
0	0.4581	0.000000494974	0.999999505026
0	0.4584	0.000000216577	0.999999783423
0	0.4587	0.000000167455	0.999999832545
0	0.459	0.000000143984	0.999999856016
0	0.4593	0.000000147158	0.999999852842
0	0.4596	0.000000118878	0.999999881122
0	0.4599	0.000000098779	0.999999901222
0	0.4602	0.000000104080	0.999999895920
0	0.4605	0.000000074605	0.999999925395
0	0.4608	0.000000094845	0.999999905155
0	0.4611	0.000000111438	0.999999888562
0	0.4614	0.000000128450	0.999999871550
0	0.4617	0.000000120954	0.999999879046
0	0.462	0.000000209341	0.999999790659
0	0.4623	0.000000321183	0.999999678817
0	0.4626	0.000000513194	0.999999486806
0	0.4629	0.000001021460	0.999998978540
0	0.4632	0.000002411100	0.999997588900
0	0.4635	0.000008236790	0.999991763210
0	0.4638	0.000018992900	0.999981007100
0	0.4641	0.000024267500	0.999975732500
0	0.4644	0.000018342100	0.999981657900
0	0.4647	0.000009139670	0.999990860330
0	0.465	0.000005562090	0.999994437910
0	0.4653	0.000004362620	0.999995637380
0	0.4656	0.000004241150	0.999995758850
0	0.4659	0.000005369790	0.999994630210
0	0.4662	0.000007397630	0.999992602370
0	0.4665	0.000008780430	0.999991219570
0	0.4668	0.000008045810	0.999991954190
0	0.4671	0.000005495610	0.999994504390
0	0.4674	0.000003721710	0.999996278290
0	0.4677	0.000003229790	0.999996770210
0	0.468	0.000003383610	0.999996616390
0	0.4683	0.000003108400	0.999996891600
0	0.4686	0.000002705430	0.999997294570
0	0.4689	0.000002185040	0.999997814960
0	0.4692	0.000002137440	0.999997862560
0	0.4695	0.000002251640	0.999997748360
0	0.4698	0.000002474350	0.999997525650
0	0.4701	0.000002585380	0.999997414620
0	0.4704	0.000002712130	0.999997287870
0	0.4707	0.000002620920	0.999997379080
0	0.471	0.000002255990	0.999997744010
0	0.4713	0.000001820280	0.999998179720
0	0.4716	0.000001661170	0.999998338830
0	0.4719	0.000001965180	0.999998034820
0	0.4722	0.000002566390	0.999997433610
0	0.4725	0.000003021770	0.999996978230
0	0.4728	0.000002950530	0.999997049470
0	0.4731	0.000002205380	0.999997794620
0	0.4734	0.000001968810	0.999998031190
0	0.4737	0.000002046420	0.999997953580
0	0.474	0.000002266230	0.999997733770
0	0.4743	0.000002260320	0.999997739680
0	0.4746	0.000002256940	0.999997743060
0	0.4749	0.000002180120	0.999997819880
0	0.4752	0.000002018660	0.999997981340
0	0.4755	0.000001930500	0.999998069500
0	0.4758	0.000001910780	0.999998089220
0	0.4761	0.000002370590	0.999997629410
0	0.4764	0.000003439610	0.999996560390
0	0.4767	0.000004244080	0.999995755920
0	0.477	0.000003884120	0.999996115880
0	0.4773	0.000002903650	0.999997096350
0	0.4776	0.000002798860	0.999997201140
0	0.4779	0.000003762810	0.999996237190
0	0.4782	0.000005848990	0.999994151010
0	0.4785	0.000008479970	0.999991520030
0	0.4788	0.000010954900	0.999989045100
0	0.4791	0.000013879400	0.999986120600
0	0.4794	0.000016134100	0.999983865900
0	0.4797	0.000016020200	0.999983979800
0	0.48	0.000012277100	0.999987722900
0	0.4803	0.000008272350	0.999991727650
0	0.4806	0.000006537740	0.999993462260
0	0.4809	0.000006120620	0.999993879380
0	0.4812	0.000005055300	0.999994944700
0	0.4815	0.000002867640	0.999997132360
0	0.4818	0.000001188410	0.999998811590
0	0.4821	0.000000551086	0.999999448914
0	0.4824	0.000000361358	0.999999638642
0	0.4827	0.000000404325	0.999999595675
0	0.483	0.000000708667	0.999999291333
0	0.4833	0.000001474270	0.999998525730
0	0.4836	0.000001982030	0.999998017970
0	0.4839	0.000001668890	0.999998331110
0	0.4842	0.000000952077	0.999999047923
0	0.4845	0.000000758625	0.999999241375
0	0.4848	0.000001032440	0.999998967560
0	0.4851	0.000001876750	0.999998123250
0	0.4854	0.000002731970	0.999997268030
0	0.4857	0.000002420700	0.999997579300
0	0.486	0.000001536750	0.999998463250
0	0.4863	0.000001007060	0.999998992940
0	0.4866	0.000000979319	0.999999020681
0	0.4869	0.000001338660	0.999998661340
0	0.4872	0.000002314870	0.999997685130
0	0.4875	0.000004414560	0.999995585440
0	0.4878	0.000006692730	0.999993307270
0	0.4881	0.000007514610	0.999992485390
0	0.4884	0.000006778820	0.999993221180
0	0.4887	0.000005685070	0.999994314930
0	0.489	0.000005140160	0.999994859840
0	0.4893	0.000004720990	0.999995279010
0	0.4896	0.000004113970	0.999995886030
0	0.4899	0.000003607950	0.999996392050
0	0.4902	0.000003140470	0.999996859530
0	0.4905	0.000003119740	0.999996880260
0	0.4908	0.000003424490	0.999996575510
0	0.4911	0.000003641590	0.999996358410
0	0.4914	0.000003612010	0.999996387990
0	0.4917	0.000003119680	0.999996880320
0	0.492	0.000002676870	0.999997323130
0	0.4923	0.000002440630	0.999997559370
0	0.4926	0.000002798880	0.999997201120
0	0.4929	0.000003897470	0.999996102530
0	0.4932	0.000004935050	0.999995064950
0	0.4935	0.000004686010	0.999995313990
0	0.4938	0.000003327700	0.999996672300
0	0.4941	0.000001995670	0.999998004330
0	0.4944	0.000001451660	0.999998548340
0	0.4947	0.000001340280	0.999998659720
0	0.495	0.000228846000	0.999771154000
0	0.4953	0.000144138000	0.999855862000
0	0.4956	0.000136038000	0.999863962000
0	0.4959	0.000229308000	0.999770692000
0	0.4962	0.000097238500	0.999902761500
0	0.4965	0.000083785400	0.999916214600
0	0.4968	0.000157648000	0.999842352000
0	0.4971	0.000123875000	0.999876125000
0	0.4974	0.000149444000	0.999850556000
0	0.4977	0.000134098000	0.999865902000
0	0.498	0.000173262000	0.999826738000
0	0.4983	0.000246729000	0.999753271000
0	0.4986	0.000155940000	0.999844060000
0	0.4989	0.000155504000	0.999844496000
0	0.4992	0.000167871000	0.999832129000
0	0.4995	0.000214865000	0.999785135000
0	0.4998	0.000272675000	0.999727325000
0	0.5001	0.000175398000	0.999824602000
0	0.5004	0.000185424000	0.999814576000
0	0.5007	0.000110097000	0.999889903000
0	0.501	0.000148557000	0.999851443000
0	0.5013	0.000120995000	0.999879005000
0	0.5016	0.000137658000	0.999862342000
0	0.5019	0.000169830000	0.999830170000
0	0.5022	0.000117414000	0.999882586000
0	0.5025	0.000134849000	0.999865151000
0	0.5028	0.000185402000	0.999814598000
0	0.5031	0.000151958000	0.999848042000
0	0.5034	0.000150125000	0.999849875000
0	0.5037	0.000103628000	0.999896372000
0	0.504	0.000132518000	0.999867482000
0	0.5043	0.000078869200	0.999921130800
0	0.5046	0.000073260000	0.999926740000
0	0.5049	0.000131463000	0.999868537000
0	0.5052	0.000144755000	0.999855245000
0	0.5055	0.000217205000	0.999782795000
0	0.5058	0.000118815000	0.999881185000
0	0.5061	0.000123836000	0.999876164000
0	0.5064	0.000168811000	0.999831189000
0	0.5067	0.000111206000	0.999888794000
0	0.507	0.000125048000	0.999874952000
0	0.5073	0.000185127000	0.999814873000
0	0.5076	0.000148632000	0.999851368000
0	0.5079	0.000182804000	0.999817196000
0	0.5082	0.000104126000	0.999895874000
0	0.5085	0.000116394000	0.999883606000
0	0.5088	0.000228452000	0.999771548000
0	0.5091	0.000145562000	0.999854438000
0	0.5094	0.000112891000	0.999887109000
0	0.5097	0.000149874000	0.999850126000
0	0.51	0.000205773000	0.999794227000
0	0.5103	0.000151006000	0.999848994000
0	0.5106	0.000099384600	0.999900615400
0	0.5109	0.000166482000	0.999833518000
0	0.5112	0.000211939000	0.999788061000
0	0.5115	0.000309792000	0.999690208000
0	0.5118	0.000149875000	0.999850125000
0	0.5121	0.000161082000	0.999838918000
0	0.5124	0.000182285000	0.999817715000
0	0.5127	0.000114798000	0.999885202000
0	0.513	0.000140041000	0.999859959000
0	0.5133	0.000094340800	0.999905659200
0	0.5136	0.000132889000	0.999867111000
0	0.5139	0.000226562000	0.999773438000
0	0.5142	0.000169361000	0.999830639000
0	0.5145	0.000157104000	0.999842896000
0	0.5148	0.000325943000	0.999674057000
0	0.5151	0.000254431000	0.999745569000
0	0.5154	0.000219092000	0.999780908000
0	0.5157	0.000150956000	0.999849044000
0	0.516	0.000149590000	0.999850410000
0	0.5163	0.000158992000	0.999841008000
0	0.5166	0.000117587000	0.999882413000
0	0.5169	0.000123515000	0.999876485000
0	0.5172	0.000110688000	0.999889312000
0	0.5175	0.000138856000	0.999861144000
0	0.5178	0.000060650800	0.999939349200
0	0.5181	0.000070705400	0.999929294600
0	0.5184	0.000152552000	0.999847448000
0	0.5187	0.000150238000	0.999849762000
0	0.519	0.000164001000	0.999835999000
0	0.5193	0.000097407700	0.999902592300
0	0.5196	0.000099753800	0.999900246200
0	0.5199	0.000168139000	0.999831861000
0	0.5202	0.000077632200	0.999922367800
0	0.5205	0.000100411000	0.999899589000
0	0.5208	0.000226577000	0.999773423000
0	0.5211	0.000193478000	0.999806522000
0	0.5214	0.000217643000	0.999782357000
0	0.5217	0.000113685000	0.999886315000
0	0.522	0.000063210000	0.999936790000
0	0.5223	0.000179505000	0.999820495000
0	0.5226	0.000136750000	0.999863250000
0	0.5229	0.000157878000	0.999842122000
0	0.5232	0.000175930000	0.999824070000
0	0.5235	0.000241095000	0.999758905000
0	0.5238	0.000160075000	0.999839925000
0	0.5241	0.000139772000	0.999860228000
0	0.5244	0.000161672000	0.999838328000
0	0.5247	0.000074816900	0.999925183100
0	0.525	0.000046105400	0.999953894600
0	0.5253	0.000177594000	0.999822406000
0	0.5256	0.000116730000	0.999883270000
0	0.5259	0.000094251500	0.999905748500
0	0.5262	0.000117703000	0.999882297000
0	0.5265	0.000158210000	0.999841790000
0	0.5268	0.000211372000	0.999788628000
0	0.5271	0.000165378000	0.999834622000
0	0.5274	0.000161235000	0.999838765000
0	0.5277	0.000142681000	0.999857319000
0	0.528	0.000186508000	0.999813492000
0	0.5283	0.000044359200	0.999955640800
0	0.5286	0.000067539200	0.999932460800
0	0.5289	0.000145969000	0.999854031000
0	0.5292	0.000116703000	0.999883297000
0	0.5295	0.000114898000	0.999885102000
0	0.5298	0.000186128000	0.999813872000
0	0.5301	0.000156572000	0.999843428000
0	0.5304	0.000160362000	0.999839638000
0	0.5307	0.000108103000	0.999891897000
0	0.531	0.000090806900	0.999909193100
0	0.5313	0.000073430800	0.999926569200
0	0.5316	0.000066180000	0.999933820000
0	0.5319	0.000084547700	0.999915452300
0	0.5322	0.000158813000	0.999841187000
0	0.5325	0.000293193000	0.999706807000
0	0.5328	0.000164083000	0.999835917000
0	0.5331	0.000134724000	0.999865276000
0	0.5334	0.000155621000	0.999844379000
0	0.5337	0.000124112000	0.999875888000
0	0.534	0.000117472000	0.999882528000
0	0.5343	0.000093912300	0.999906087700
0	0.5346	0.000139925000	0.999860075000
0	0.5349	0.000219432000	0.999780568000
0	0.5352	0.000126801000	0.999873199000
0	0.5355	0.000070670800	0.999929329200
0	0.5358	0.000145815000	0.999854185000
0	0.5361	0.000082640800	0.999917359200
0	0.5364	0.000082047700	0.999917952300
0	0.5367	0.000067373100	0.999932626900
0	0.537	0.000114092000	0.999885908000
0	0.5373	0.000164882000	0.999835118000
0	0.5376	0.000086184600	0.999913815400
0	0.5379	0.000057340000	0.999942660000
0	0.5382	0.000088171300	0.999911828700
0	0.5385	0.000151985000	0.999848015000
0	0.5388	0.000117657000	0.999882343000
0	0.5391	0.000115680000	0.999884320000
0	0.5394	0.000134022000	0.999865978000
0	0.5397	0.000124395000	0.999875605000
0	0.54	0.000147648000	0.999852352000
0	0.5403	0.000142003000	0.999857997000
0	0.5406	0.000149768000	0.999850232000
0	0.5409	0.000192062000	0.999807938000
0	0.5412	0.000133046000	0.999866954000
0	0.5415	0.000135727000	0.999864273000
0	0.5418	0.000099395400	0.999900604600
0	0.5421	0.000077835500	0.999922164500
0	0.5424	0.000116746000	0.999883254000
0	0.5427	0.000060376200	0.999939623800
0	0.543	0.000076786900	0.999923213100
0	0.5433	0.000217325000	0.999782675000
0	0.5436	0.000192299000	0.999807701000
0	0.5439	0.000180278000	0.999819722000
0	0.5442	0.000171287000	0.999828713000
0	0.5445	0.000168888000	0.999831112000
0	0.5448	0.000142370000	0.999857630000
0	0.5451	0.000103936000	0.999896064000
0	0.5454	0.000076942300	0.999923057700
0	0.5457	0.000081696900	0.999918303100
0	0.546	0.000112520000	0.999887480000
0	0.5463	0.000228757000	0.999771243000
0	0.5466	0.000175974000	0.999824026000
0	0.5469	0.000146015000	0.999853985000
0	0.5472	0.000111508000	0.999888492000
0	0.5475	0.000082838500	0.999917161500
0	0.5478	0.000107884000	0.999892116000
0	0.5481	0.000072219500	0.999927780500
0	0.5484	0.000105562000	0.999894438000
0	0.5487	0.000151913000	0.999848087000
0	0.549	0.000245772000	0.999754228000
0	0.5493	0.000169695000	0.999830305000
0	0.5496	0.000163632000	0.999836368000
0	0.5499	0.000194097000	0.999805903000
0	0.5502	0.000171885000	0.999828115000
0	0.5505	0.000198192000	0.999801808000
0	0.5508	0.000227245000	0.999772755000
0	0.5511	0.000133381000	0.999866619000
0	0.5514	0.000112172000	0.999887828000
0	0.5517	0.000101842000	0.999898158000
0	0.552	0.000142183000	0.999857817000
0	0.5523	0.000155959000	0.999844041000
0	0.5526	0.000179920000	0.999820080000
0	0.5529	0.000214413000	0.999785587000
0	0.5532	0.000243831000	0.999756169000
0	0.5535	0.000289089000	0.999710911000
0	0.5538	0.000219524000	0.999780476000
0	0.5541	0.000219164000	0.999780836000
0	0.5544	0.000247748000	0.999752252000
0	0.5547	0.000236505000	0.999763495000
0	0.555	0.000242138000	0.999757862000
0	0.5553	0.000322330000	0.999677670000
0	0.5556	0.000266415000	0.999733585000
0	0.5559	0.000238640000	0.999761360000
0	0.5562	0.000259900000	0.999740100000
0	0.5565	0.000291395000	0.999708605000
0	0.5568	0.000318798000	0.999681202000
0	0.5571	0.000341737000	0.999658263000
0	0.5574	0.000372652000	0.999627348000
0	0.5577	0.000382685000	0.999617315000
0	0.558	0.000392667000	0.999607333000
0	0.5583	0.000301266000	0.999698734000
0	0.5586	0.000388769000	0.999611231000
0	0.5589	0.000476008000	0.999523992000
0	0.5592	0.000457154000	0.999542846000
0	0.5595	0.000438408000	0.999561592000
0	0.5598	0.000509554000	0.999490446000
0	0.5601	0.000484800000	0.999515200000
0	0.5604	0.000460177000	0.999539823000
0	0.5607	0.000498200000	0.999501800000
0	0.561	0.000536108000	0.999463892000
0	0.5613	0.000529000000	0.999471000000
0	0.5616	0.000560385000	0.999439615000
0	0.5619	0.000591585000	0.999408415000
0	0.5622	0.000619615000	0.999380385000
0	0.5625	0.000647662000	0.999352338000
0	0.5628	0.000666038000	0.999333962000
0	0.5631	0.000730846000	0.999269154000
0	0.5634	0.000795546000	0.999204454000
0	0.5637	0.000809723000	0.999190277000
0	0.564	0.000823877000	0.999176123000
0	0.5643	0.000897518000	0.999102482000
0	0.5646	0.001030280000	0.998969720000
0	0.5649	0.001162540000	0.998837460000
0	0.5652	0.001212520000	0.998787480000
0	0.5655	0.001262500000	0.998737500000
0	0.5658	0.001421920000	0.998578080000
0	0.5661	0.001416580000	0.998583420000
0	0.5664	0.001411380000	0.998588620000
0	0.5667	0.001509850000	0.998490150000
0	0.567	0.001608150000	0.998391850000
0	0.5673	0.001660790000	0.998339210000
0	0.5676	0.001747980000	0.998252020000
0	0.5679	0.001834450000	0.998165550000
0	0.5682	0.002008850000	0.997991150000
0	0.5685	0.002183540000	0.997816460000
0	0.5688	0.002157540000	0.997842460000
0	0.5691	0.002311850000	0.997688150000
0	0.5694	0.002465310000	0.997534690000
0	0.5697	0.002628690000	0.997371310000
0	0.57	0.002792380000	0.997207620000
0	0.5703	0.003110770000	0.996889230000
0	0.5706	0.003345000000	0.996655000000
0	0.5709	0.003578230000	0.996421770000
0	0.5712	0.003962620000	0.996037380000
0	0.5715	0.004348310000	0.995651690000
0	0.5718	0.004685770000	0.995314230000
0	0.5721	0.005167460000	0.994832540000
0	0.5724	0.005646620000	0.994353380000
0	0.5727	0.006335690000	0.993664310000
0	0.573	0.007027230000	0.992972770000
0	0.5733	0.007774310000	0.992225690000
0	0.5736	0.008557540000	0.991442460000
0	0.5739	0.009340540000	0.990659460000
0	0.5742	0.010251000000	0.989749000000
0	0.5745	0.011165300000	0.988834700000
0	0.5748	0.012160800000	0.987839200000
0	0.5751	0.013274000000	0.986726000000
0	0.5754	0.014384600000	0.985615400000
0	0.5757	0.015653500000	0.984346500000
0	0.576	0.016927800000	0.983072200000
0	0.5763	0.018385500000	0.981614500000
0	0.5766	0.019865500000	0.980134500000
0	0.5769	0.021343000000	0.978657000000
0	0.5772	0.023312300000	0.976687700000
0	0.5775	0.025290000000	0.974710000000
0	0.5778	0.027591500000	0.972408500000
0	0.5781	0.030197700000	0.969802300000
0	0.5784	0.032802300000	0.967197700000
0	0.5787	0.036194600000	0.963805400000
0	0.579	0.039593100000	0.960406900000
0	0.5793	0.043426200000	0.956573800000
0	0.5796	0.048156200000	0.951843800000
0	0.5799	0.052886900000	0.947113100000
0	0.5802	0.058677700000	0.941322300000
0	0.5805	0.064480000000	0.935520000000
0	0.5808	0.070704600000	0.929295400000
0	0.5811	0.078400000000	0.921600000000
0	0.5814	0.086097700000	0.913902300000
0	0.5817	0.095266200000	0.904733800000
0	0.582	0.104467000000	0.895533000000
0	0.5823	0.115042000000	0.884958000000
0	0.5826	0.126953000000	0.873047000000
0	0.5829	0.138865000000	0.861135000000
0	0.5832	0.153518000000	0.846482000000
0	0.5835	0.168152000000	0.831848000000
0	0.5838	0.184572000000	0.815428000000
0	0.5841	0.204791000000	0.795209000000
0	0.5844	0.225030000000	0.774970000000
0	0.5847	0.249765000000	0.750235000000
0	0.585	0.274454000000	0.725546000000
0	0.5853	0.301462000000	0.698538000000
0	0.5856	0.334538000000	0.665462000000
0	0.5859	0.367708000000	0.632292000000
0	0.5862	0.405400000000	0.594600000000
0	0.5865	0.442969000000	0.557031000000
0	0.5868	0.480685000000	0.519315000000
0	0.5871	0.522338000000	0.477662000000
0	0.5874	0.564054000000	0.435946000000
0	0.5877	0.601623000000	0.398377000000
0	0.588	0.639146000000	0.360854000000
0	0.5883	0.673585000000	0.326415000000
0	0.5886	0.704646000000	0.295354000000
0	0.5889	0.735831000000	0.264169000000
0	0.5892	0.759346000000	0.240654000000
0	0.5895	0.782762000000	0.217238000000
0	0.5898	0.802038000000	0.197962000000
0	0.5901	0.821477000000	0.178523000000
0	0.5904	0.840985000000	0.159015000000
0	0.5907	0.854131000000	0.145869000000
0	0.591	0.867269000000	0.132731000000
0	0.5913	0.879246000000	0.120754000000
0	0.5916	0.892108000000	0.107892000000
0	0.5919	0.905023000000	0.094977000000
0	0.5922	0.911785000000	0.088215000000
0	0.5925	0.918531000000	0.081469000000
0	0.5928	0.926177000000	0.073823000000
0	0.5931	0.933362000000	0.066638000000
0	0.5934	0.940562000000	0.059438000000
0	0.5937	0.942554000000	0.057446000000
0	0.594	0.944569000000	0.055431000000
0	0.5943	0.948600000000	0.051400000000
0	0.5946	0.951838000000	0.048162000000
0	0.5949	0.955108000000	0.044892000000
0	0.5952	0.954254000000	0.045746000000
0	0.5955	0.953438000000	0.046562000000
0	0.5958	0.955385000000	0.044615000000
0	0.5961	0.957354000000	0.042646000000
0	0.5964	0.959346000000	0.040654000000
0	0.5967	0.957638000000	0.042362000000
0	0.597	0.955938000000	0.044062000000
0	0.5973	0.958162000000	0.041838000000
0	0.5976	0.960369000000	0.039631000000
0	0.5979	0.960969000000	0.039031000000
0	0.5982	0.960123000000	0.039877000000
0	0.5985	0.959246000000	0.040754000000
0	0.5988	0.961385000000	0.038615000000
0	0.5991	0.963508000000	0.036492000000
0	0.5994	0.963923000000	0.036077000000
0	0.5997	0.962577000000	0.037423000000
0	0.6	0.961215000000	0.038785000000
0	0.6003	0.963031000000	0.036969000000
0	0.6006	0.964846000000	0.035154000000
0	0.6009	0.963869000000	0.036131000000
0	0.6012	0.961746000000	0.038254000000
0	0.6015	0.959638000000	0.040362000000
0	0.6018	0.961100000000	0.038900000000
0	0.6021	0.962592000000	0.037408000000
0	0.6024	0.960262000000	0.039738000000
0	0.6027	0.958600000000	0.041400000000
0	0.603	0.956908000000	0.043092000000
0	0.6033	0.958138000000	0.041862000000
0	0.6036	0.959400000000	0.040600000000
0	0.6039	0.956823000000	0.043177000000
0	0.6042	0.955969000000	0.044031000000
0	0.6045	0.955138000000	0.044862000000
0	0.6048	0.956862000000	0.043138000000
0	0.6051	0.958615000000	0.041385000000
0	0.6054	0.956131000000	0.043869000000
0	0.6057	0.955877000000	0.044123000000
0	0.606	0.955623000000	0.044377000000
0	0.6063	0.957854000000	0.042146000000
0	0.6066	0.960077000000	0.039923000000
0	0.6069	0.956662000000	0.043338000000
0	0.6072	0.956962000000	0.043038000000
0	0.6075	0.957254000000	0.042746000000
0	0.6078	0.958238000000	0.041762000000
0	0.6081	0.959200000000	0.040800000000
0	0.6084	0.956092000000	0.043908000000
0	0.6087	0.956438000000	0.043562000000
0	0.609	0.956769000000	0.043231000000
0	0.6093	0.957146000000	0.042854000000
0	0.6096	0.957515000000	0.042485000000
0	0.6099	0.954385000000	0.045615000000
0	0.6102	0.955308000000	0.044692000000
0	0.6105	0.956215000000	0.043785000000
0	0.6108	0.956777000000	0.043223000000
0	0.6111	0.957331000000	0.042669000000
0	0.6114	0.954438000000	0.045562000000
0	0.6117	0.956200000000	0.043800000000
0	0.612	0.957969000000	0.042031000000
0	0.6123	0.958454000000	0.041546000000
0	0.6126	0.958938000000	0.041062000000
0	0.6129	0.956238000000	0.043762000000
0	0.6132	0.958869000000	0.041131000000
0	0.6135	0.961508000000	0.038492000000
0	0.6138	0.961085000000	0.038915000000
0	0.6141	0.960669000000	0.039331000000
0	0.6144	0.958931000000	0.041069000000
0	0.6147	0.961508000000	0.038492000000
0	0.615	0.964100000000	0.035900000000
0	0.6153	0.963754000000	0.036246000000
0	0.6156	0.963385000000	0.036615000000
0	0.6159	0.961569000000	0.038431000000
0	0.6162	0.964062000000	0.035938000000
0	0.6165	0.966585000000	0.033415000000
0	0.6168	0.965692000000	0.034308000000
0	0.6171	0.964838000000	0.035162000000
0	0.6174	0.963292000000	0.036708000000
0	0.6177	0.966215000000	0.033785000000
0	0.618	0.969154000000	0.030846000000
0	0.6183	0.967246000000	0.032754000000
0	0.6186	0.965354000000	0.034646000000
0	0.6189	0.965038000000	0.034962000000
0	0.6192	0.967308000000	0.032692000000
0	0.6195	0.969585000000	0.030415000000
0	0.6198	0.967838000000	0.032162000000
0	0.6201	0.966123000000	0.033877000000
0	0.6204	0.965985000000	0.034015000000
0	0.6207	0.968131000000	0.031869000000
0	0.621	0.970277000000	0.029723000000
0	0.6213	0.968031000000	0.031969000000
0	0.6216	0.965808000000	0.034192000000
0	0.6219	0.966623000000	0.033377000000
0	0.6222	0.968492000000	0.031508000000
0	0.6225	0.970346000000	0.029654000000
0	0.6228	0.967846000000	0.032154000000
0	0.6231	0.965354000000	0.034646000000
0	0.6234	0.966608000000	0.033392000000
0	0.6237	0.967708000000	0.032292000000
0	0.624	0.968831000000	0.031169000000
0	0.6243	0.965708000000	0.034292000000
0	0.6246	0.962600000000	0.037400000000
0	0.6249	0.964646000000	0.035354000000
0	0.6252	0.964538000000	0.035462000000
0	0.6255	0.964423000000	0.035577000000
0	0.6258	0.961008000000	0.038992000000
0	0.6261	0.957615000000	0.042385000000
0	0.6264	0.959208000000	0.040792000000
0	0.6267	0.957762000000	0.042238000000
0	0.627	0.956331000000	0.043669000000
0	0.6273	0.952831000000	0.047169000000
0	0.6276	0.949308000000	0.050692000000
0	0.6279	0.951069000000	0.048931000000
0	0.6282	0.949169000000	0.050831000000
0	0.6285	0.947285000000	0.052715000000
0	0.6288	0.944208000000	0.055792000000
0	0.6291	0.941115000000	0.058885000000
0	0.6294	0.944508000000	0.055492000000
0	0.6297	0.942308000000	0.057692000000
0	0.63	0.940108000000	0.059892000000
0	0.6303	0.939354000000	0.060646000000
0	0.6306	0.938608000000	0.061392000000
0	0.6309	0.941708000000	0.058292000000
0	0.6312	0.941631000000	0.058369000000
0	0.6315	0.941492000000	0.058508000000
0	0.6318	0.942477000000	0.057523000000
0	0.6321	0.943446000000	0.056554000000
0	0.6324	0.947292000000	0.052708000000
0	0.6327	0.948085000000	0.051915000000
0	0.633	0.948862000000	0.051138000000
0	0.6333	0.950785000000	0.049215000000
0	0.6336	0.952715000000	0.047285000000
0	0.6339	0.957200000000	0.042800000000
0	0.6342	0.957115000000	0.042885000000
0	0.6345	0.957046000000	0.042954000000
0	0.6348	0.958915000000	0.041085000000
0	0.6351	0.960800000000	0.039200000000
0	0.6354	0.964900000000	0.035100000000
0	0.6357	0.963177000000	0.036823000000
0	0.636	0.961454000000	0.038546000000
0	0.6363	0.962392000000	0.037608000000
0	0.6366	0.963323000000	0.036677000000
0	0.6369	0.965308000000	0.034692000000
0	0.6372	0.962508000000	0.037492000000
0	0.6375	0.959715000000	0.040285000000
0	0.6378	0.960469000000	0.039531000000
0	0.6381	0.961238000000	0.038762000000
0	0.6384	0.962200000000	0.037800000000
0	0.6387	0.958808000000	0.041192000000
0	0.639	0.955423000000	0.044577000000
0	0.6393	0.956785000000	0.043215000000
0	0.6396	0.958177000000	0.041823000000
0	0.6399	0.959446000000	0.040554000000
0	0.6402	0.956754000000	0.043246000000
0	0.6405	0.954069000000	0.045931000000
0	0.6408	0.956900000000	0.043100000000
0	0.6411	0.959754000000	0.040246000000
0	0.6414	0.960223000000	0.039777000000
0	0.6417	0.959162000000	0.040838000000
0	0.642	0.958108000000	0.041892000000
0	0.6423	0.961200000000	0.038800000000
0	0.6426	0.964285000000	0.035715000000
0	0.6429	0.965662000000	0.034338000000
0	0.6432	0.964415000000	0.035585000000
0	0.6435	0.963162000000	0.036838000000
0	0.6438	0.965908000000	0.034092000000
0	0.6441	0.968654000000	0.031346000000
0	0.6444	0.968438000000	0.031562000000
0	0.6447	0.966792000000	0.033208000000
0	0.645	0.965138000000	0.034862000000
0	0.6453	0.966869000000	0.033131000000
0	0.6456	0.968600000000	0.031400000000
0	0.6459	0.966085000000	0.033915000000
0	0.6462	0.964100000000	0.035900000000
0	0.6465	0.962131000000	0.037869000000
0	0.6468	0.963223000000	0.036777000000
0	0.6471	0.964338000000	0.035662000000
0	0.6474	0.960015000000	0.039985000000
0	0.6477	0.958254000000	0.041746000000
0	0.648	0.956469000000	0.043531000000
0	0.6483	0.957185000000	0.042815000000
0	0.6486	0.957900000000	0.042100000000
0	0.6489	0.954254000000	0.045746000000
0	0.6492	0.953285000000	0.046715000000
0	0.6495	0.952323000000	0.047677000000
0	0.6498	0.953515000000	0.046485000000
0	0.6501	0.954708000000	0.045292000000
0	0.6504	0.950623000000	0.049377000000
0	0.6507	0.950892000000	0.049108000000
0	0.651	0.951185000000	0.048815000000
0	0.6513	0.952746000000	0.047254000000
0	0.6516	0.954346000000	0.045654000000
0	0.6519	0.950469000000	0.049531000000
0	0.6522	0.951977000000	0.048023000000
0	0.6525	0.953531000000	0.046469000000
0	0.6528	0.954831000000	0.045169000000
0	0.6531	0.956138000000	0.043862000000
0	0.6534	0.952677000000	0.047323000000
0	0.6537	0.954408000000	0.045592000000
0	0.654	0.956123000000	0.043877000000
0	0.6543	0.957162000000	0.042838000000
0	0.6546	0.958231000000	0.041769000000
0	0.6549	0.954592000000	0.045408000000
0	0.6552	0.956438000000	0.043562000000
0	0.6555	0.958308000000	0.041692000000
0	0.6558	0.958823000000	0.041177000000
0	0.6561	0.959315000000	0.040685000000
0	0.6564	0.956077000000	0.043923000000
0	0.6567	0.958500000000	0.041500000000
0	0.657	0.960954000000	0.039046000000
0	0.6573	0.960315000000	0.039685000000
0	0.6576	0.959708000000	0.040292000000
0	0.6579	0.958085000000	0.041915000000
0	0.6582	0.960315000000	0.039685000000
0	0.6585	0.962562000000	0.037438000000
0	0.6588	0.962677000000	0.037323000000
0	0.6591	0.962769000000	0.037231000000
0	0.6594	0.960515000000	0.039485000000
0	0.6597	0.963223000000	0.036777000000
0	0.66	0.965931000000	0.034069000000
0	0.6603	0.965138000000	0.034862000000
0	0.6606	0.964362000000	0.035638000000
0	0.6609	0.963292000000	0.036708000000
0	0.6612	0.966562000000	0.033438000000
0	0.6615	0.969823000000	0.030177000000
0	0.6618	0.968354000000	0.031646000000
0	0.6621	0.966915000000	0.033085000000
0	0.6624	0.968231000000	0.031769000000
0	0.6627	0.970308000000	0.029692000000
0	0.663	0.972385000000	0.027615000000
0	0.6633	0.971031000000	0.028969000000
0	0.6636	0.969685000000	0.030315000000
0	0.6639	0.970400000000	0.029600000000
0	0.6642	0.972308000000	0.027692000000
0	0.6645	0.974215000000	0.025785000000
0	0.6648	0.972385000000	0.027615000000
0	0.6651	0.970569000000	0.029431000000
0	0.6654	0.971654000000	0.028346000000
0	0.6657	0.973923000000	0.026077000000
0	0.666	0.976208000000	0.023792000000
0	0.6663	0.973638000000	0.026362000000
0	0.6666	0.971085000000	0.028915000000
0	0.6669	0.973454000000	0.026546000000
0	0.6672	0.974985000000	0.025015000000
0	0.6675	0.976508000000	0.023492000000
0	0.6678	0.974138000000	0.025862000000
0	0.6681	0.971785000000	0.028215000000
0	0.6684	0.974200000000	0.025800000000
0	0.6687	0.974977000000	0.025023000000
0	0.669	0.975777000000	0.024223000000
0	0.6693	0.973385000000	0.026615000000
0	0.6696	0.971000000000	0.029000000000
0	0.6699	0.973785000000	0.026215000000
0	0.6702	0.974315000000	0.025685000000
0	0.6705	0.974838000000	0.025162000000
0	0.6708	0.972592000000	0.027408000000
0	0.6711	0.970377000000	0.029623000000
0	0.6714	0.973331000000	0.026669000000
0	0.6717	0.973054000000	0.026946000000
0	0.672	0.972785000000	0.027215000000
0	0.6723	0.971454000000	0.028546000000
0	0.6726	0.970108000000	0.029892000000
0	0.6729	0.973838000000	0.026162000000
0	0.6732	0.973208000000	0.026792000000
0	0.6735	0.972562000000	0.027438000000
0	0.6738	0.971446000000	0.028554000000
0	0.6741	0.970338000000	0.029662000000
0	0.6744	0.972962000000	0.027038000000
0	0.6747	0.972123000000	0.027877000000
0	0.675	0.971315000000	0.028685000000
0	0.6753	0.970569000000	0.029431000000
0	0.6756	0.969854000000	0.030146000000
0	0.6759	0.973346000000	0.026654000000
0	0.6762	0.971477000000	0.028523000000
0	0.6765	0.969600000000	0.030400000000
0	0.6768	0.969438000000	0.030562000000
0	0.6771	0.969300000000	0.030700000000
0	0.6774	0.972946000000	0.027054000000
0	0.6777	0.970908000000	0.029092000000
0	0.678	0.968869000000	0.031131000000
0	0.6783	0.969200000000	0.030800000000
0	0.6786	0.969531000000	0.030469000000
0	0.6789	0.972838000000	0.027162000000
0	0.6792	0.970438000000	0.029562000000
0	0.6795	0.968069000000	0.031931000000
0	0.6798	0.968908000000	0.031092000000
0	0.6801	0.969754000000	0.030246000000
0	0.6804	0.972377000000	0.027623000000
0	0.6807	0.970123000000	0.029877000000
0	0.681	0.967854000000	0.032146000000
0	0.6813	0.969185000000	0.030815000000
0	0.6816	0.970515000000	0.029485000000
0	0.6819	0.972077000000	0.027923000000
0	0.6822	0.969454000000	0.030546000000
0	0.6825	0.966838000000	0.033162000000
0	0.6828	0.969208000000	0.030792000000
0	0.6831	0.971585000000	0.028415000000
0	0.6834	0.971762000000	0.028238000000
0	0.6837	0.969900000000	0.030100000000
0	0.684	0.968023000000	0.031977000000
0	0.6843	0.969715000000	0.030285000000
0	0.6846	0.971369000000	0.028631000000
0	0.6849	0.972469000000	0.027531000000
0	0.6852	0.970408000000	0.029592000000
0	0.6855	0.968369000000	0.031631000000
0	0.6858	0.970308000000	0.029692000000
0	0.6861	0.972262000000	0.027738000000
0	0.6864	0.972077000000	0.027923000000
0	0.6867	0.970538000000	0.029462000000
0	0.687	0.969000000000	0.031000000000
0	0.6873	0.971269000000	0.028731000000
0	0.6876	0.973554000000	0.026446000000
0	0.6879	0.973062000000	0.026938000000
0	0.6882	0.971931000000	0.028069000000
0	0.6885	0.970785000000	0.029215000000
0	0.6888	0.973192000000	0.026808000000
0	0.6891	0.975592000000	0.024408000000
0	0.6894	0.973831000000	0.026169000000
0	0.6897	0.973185000000	0.026815000000
0	0.69	0.972538000000	0.027462000000
0	0.6903	0.975023000000	0.024977000000
0	0.6906	0.977531000000	0.022469000000
0	0.6909	0.974846000000	0.025154000000
0	0.6912	0.974169000000	0.025831000000
0	0.6915	0.973485000000	0.026515000000
0	0.6918	0.975692000000	0.024308000000
0	0.6921	0.977915000000	0.022085000000
0	0.6924	0.974123000000	0.025877000000
0	0.6927	0.974338000000	0.025662000000
0	0.693	0.974577000000	0.025423000000
0	0.6933	0.976592000000	0.023408000000
0	0.6936	0.978600000000	0.021400000000
0	0.6939	0.973692000000	0.026308000000
0	0.6942	0.973800000000	0.026200000000
0	0.6945	0.973900000000	0.026100000000
0	0.6948	0.974331000000	0.025669000000
0	0.6951	0.974823000000	0.025177000000
0	0.6954	0.972531000000	0.027469000000
0	0.6957	0.970254000000	0.029746000000
0	0.696	0.972615000000	0.027385000000
0	0.6963	0.973031000000	0.026969000000
0	0.6966	0.973438000000	0.026562000000
0	0.6969	0.970877000000	0.029123000000
0	0.6972	0.968331000000	0.031669000000
0	0.6975	0.970208000000	0.029792000000
0	0.6978	0.970800000000	0.029200000000
0	0.6981	0.971392000000	0.028608000000
0	0.6984	0.968677000000	0.031323000000
0	0.6987	0.965977000000	0.034023000000
0	0.699	0.969323000000	0.030677000000
0	0.6993	0.968738000000	0.031262000000
0	0.6996	0.968154000000	0.031846000000
0	0.6999	0.966685000000	0.033315000000
0	0.7002	0.965262000000	0.034738000000
0	0.7005	0.968615000000	0.031385000000
0	0.7008	0.967831000000	0.032169000000
0	0.7011	0.967023000000	0.032977000000
0	0.7014	0.965600000000	0.034400000000
0	0.7017	0.964169000000	0.035831000000
0	0.702	0.967877000000	0.032123000000
0	0.7023	0.966746000000	0.033254000000
0	0.7026	0.965631000000	0.034369000000
0	0.7029	0.964477000000	0.035523000000
0	0.7032	0.963346000000	0.036654000000
0	0.7035	0.966431000000	0.033569000000
0	0.7038	0.964462000000	0.035538000000
0	0.7041	0.962515000000	0.037485000000
0	0.7044	0.961731000000	0.038269000000
0	0.7047	0.960954000000	0.039046000000
0	0.705	0.963269000000	0.036731000000
0	0.7053	0.960600000000	0.039400000000
0	0.7056	0.957938000000	0.042062000000
0	0.7059	0.957192000000	0.042808000000
0	0.7062	0.956446000000	0.043554000000
0	0.7065	0.957515000000	0.042485000000
0	0.7068	0.953669000000	0.046331000000
0	0.7071	0.949831000000	0.050169000000
0	0.7074	0.948646000000	0.051354000000
0	0.7077	0.947477000000	0.052523000000
0	0.708	0.947892000000	0.052108000000
0	0.7083	0.942054000000	0.057946000000
0	0.7086	0.936262000000	0.063738000000
0	0.7089	0.933377000000	0.066623000000
0	0.7092	0.930492000000	0.069508000000
0	0.7095	0.928177000000	0.071823000000
0	0.7098	0.919992000000	0.080008000000
0	0.7101	0.911838000000	0.088162000000
0	0.7104	0.906508000000	0.093492000000
0	0.7107	0.901169000000	0.098831000000
0	0.711	0.892554000000	0.107446000000
0	0.7113	0.880069000000	0.119931000000
0	0.7116	0.867608000000	0.132392000000
0	0.7119	0.855931000000	0.144069000000
0	0.7122	0.844223000000	0.155777000000
0	0.7125	0.830115000000	0.169885000000
0	0.7128	0.810400000000	0.189600000000
0	0.7131	0.790700000000	0.209300000000
0	0.7134	0.770623000000	0.229377000000
0	0.7137	0.750462000000	0.249538000000
0	0.714	0.727715000000	0.272285000000
0	0.7143	0.700385000000	0.299615000000
0	0.7146	0.673185000000	0.326815000000
0	0.7149	0.646415000000	0.353585000000
0	0.7152	0.619415000000	0.380585000000
0	0.7155	0.586892000000	0.413108000000
0	0.7158	0.555354000000	0.444646000000
0	0.7161	0.523838000000	0.476162000000
0	0.7164	0.493723000000	0.506277000000
0	0.7167	0.463415000000	0.536585000000
0	0.717	0.432308000000	0.567692000000
0	0.7173	0.402254000000	0.597746000000
0	0.7176	0.372192000000	0.627808000000
0	0.7179	0.345169000000	0.654831000000
0	0.7182	0.318038000000	0.681962000000
0	0.7185	0.292238000000	0.707762000000
0	0.7188	0.268546000000	0.731454000000
0	0.7191	0.244831000000	0.755169000000
0	0.7194	0.225008000000	0.774992000000
0	0.7197	0.205101000000	0.794899000000
0	0.72	0.185473000000	0.814527000000
0	0.7203	0.169421000000	0.830579000000
0	0.7206	0.153407000000	0.846593000000
0	0.7209	0.140106000000	0.859894000000
0	0.7212	0.126742000000	0.873258000000
0	0.7215	0.114593000000	0.885407000000
0	0.7218	0.104404000000	0.895596000000
0	0.7221	0.094215400000	0.905784600000
0	0.7224	0.085723100000	0.914276900000
0	0.7227	0.077192300000	0.922807700000
0	0.723	0.069566200000	0.930433800000
0	0.7233	0.063321500000	0.936678500000
0	0.7236	0.057069200000	0.942930800000
0	0.7239	0.051865400000	0.948134600000
0	0.7242	0.046663800000	0.953336200000
0	0.7245	0.042166200000	0.957833800000
0	0.7248	0.038320000000	0.961680000000
0	0.7251	0.034456200000	0.965543800000
0	0.7254	0.031433800000	0.968566200000
0	0.7257	0.028403800000	0.971596200000
0	0.726	0.025681500000	0.974318500000
0	0.7263	0.023398500000	0.976601500000
0	0.7266	0.021106100000	0.978893900000
0	0.7269	0.019252900000	0.980747100000
0	0.7272	0.017399800000	0.982600200000
0	0.7275	0.015695500000	0.984304500000
0	0.7278	0.014403200000	0.985596800000
0	0.7281	0.013104500000	0.986895500000
0	0.7284	0.012049200000	0.987950800000
0	0.7287	0.010996300000	0.989003700000
0	0.729	0.009884690000	0.990115310000
0	0.7293	0.009165460000	0.990834540000
0	0.7296	0.008448920000	0.991551080000
0	0.7299	0.007743620000	0.992256380000
0	0.7302	0.007047310000	0.992952690000
0	0.7305	0.006528540000	0.993471460000
0	0.7308	0.006052380000	0.993947620000
0	0.7311	0.005576460000	0.994423540000
0	0.7314	0.005213770000	0.994786230000
0	0.7317	0.004850770000	0.995149230000
0	0.732	0.004413770000	0.995586230000
0	0.7323	0.004151920000	0.995848080000
0	0.7326	0.003886690000	0.996113310000
0	0.7329	0.003627150000	0.996372850000
0	0.7332	0.003367080000	0.996632920000
0	0.7335	0.003178460000	0.996821540000
0	0.7338	0.002990080000	0.997009920000
0	0.7341	0.002799920000	0.997200080000
0	0.7344	0.002656920000	0.997343080000
0	0.7347	0.002513230000	0.997486770000
0	0.735	0.002387000000	0.997613000000
0	0.7353	0.002236540000	0.997763460000
0	0.7356	0.002086080000	0.997913920000
0	0.7359	0.002006630000	0.997993370000
0	0.7362	0.001927300000	0.998072700000
0	0.7365	0.001792690000	0.998207310000
0	0.7368	0.001714030000	0.998285970000
0	0.7371	0.001635120000	0.998364880000
0	0.7374	0.001610950000	0.998389050000
0	0.7377	0.001586810000	0.998413190000
0	0.738	0.001469770000	0.998530230000
0	0.7383	0.001403960000	0.998596040000
0	0.7386	0.001338070000	0.998661930000
0	0.7389	0.001307800000	0.998692200000
0	0.7392	0.001277410000	0.998722590000
0	0.7395	0.001168300000	0.998831700000
0	0.7398	0.001132170000	0.998867830000
0	0.7401	0.001096050000	0.998903950000
0	0.7404	0.001133450000	0.998866550000
0	0.7407	0.001170670000	0.998829330000
0	0.741	0.001049080000	0.998950920000
0	0.7413	0.001006290000	0.998993710000
0	0.7416	0.000963400000	0.999036600000
0	0.7419	0.000920123000	0.999079877000
0	0.7422	0.000877108000	0.999122892000
0	0.7425	0.000928208000	0.999071792000
0	0.7428	0.000871931000	0.999128069000
0	0.7431	0.000815685000	0.999184315000
0	0.7434	0.000783385000	0.999216615000
0	0.7437	0.000751154000	0.999248846000
0	0.744	0.000632500000	0.999367500000
0	0.7443	0.000659731000	0.999340269000
0	0.7446	0.000686977000	0.999313023000
0	0.7449	0.000687654000	0.999312346000
0	0.7452	0.000688385000	0.999311615000
0	0.7455	0.000691838000	0.999308162000
0	0.7458	0.000662254000	0.999337746000
0	0.7461	0.000632746000	0.999367254000
0	0.7464	0.000602015000	0.999397985000
0	0.7467	0.000571392000	0.999428608000
0	0.747	0.000642000000	0.999358000000
0	0.7473	0.000568969000	0.999431031000
0	0.7476	0.000496069000	0.999503931000
0	0.7479	0.000505523000	0.999494477000
0	0.7482	0.000514977000	0.999485023000
0	0.7485	0.000437170000	0.999562830000
0	0.7488	0.000401562000	0.999598438000
0	0.7491	0.000366092000	0.999633908000
0	0.7494	0.000392192000	0.999607808000
0	0.7497	0.000418235000	0.999581765000
0	0.75	0.000421477000	0.999578523000
0	0.751	0.000413292000	0.999586708000
0	0.752	0.000405131000	0.999594869000
0	0.753	0.000366185000	0.999633815000
0	0.754	0.000327279000	0.999672721000
0	0.755	0.000298957000	0.999701043000
0	0.756	0.000307885000	0.999692115000
0	0.757	0.000319731000	0.999680269000
0	0.758	0.000275795000	0.999724205000
0	0.759	0.000241432000	0.999758568000
0	0.76	0.000256914000	0.999743086000
0	0.761	0.000289538000	0.999710462000
0	0.762	0.000322091000	0.999677909000
0	0.763	0.000250908000	0.999749092000
0	0.764	0.000185445000	0.999814555000
0	0.765	0.000129098000	0.999870902000
0	0.766	0.000155838000	0.999844162000
0	0.767	0.000182444000	0.999817556000
0	0.768	0.000187587000	0.999812413000
0	0.769	0.000196462000	0.999803538000
0	0.77	0.000136058000	0.999863942000
0	0.771	0.000143015000	0.999856985000
0	0.772	0.000166312000	0.999833688000
0	0.773	0.000193427000	0.999806573000
0	0.774	0.000246075000	0.999753925000
0	0.775	0.000212472000	0.999787528000
0	0.776	0.000173964000	0.999826036000
0	0.777	0.000164822000	0.999835178000
0	0.778	0.000176912000	0.999823088000
0	0.779	0.000195040000	0.999804960000
0	0.78	0.000186210000	0.999813790000
0	0.781	0.000155413000	0.999844587000
0	0.782	0.000143447000	0.999856553000
0	0.783	0.000102482000	0.999897518000
0	0.784	0.000098379200	0.999901620800
0	0.785	0.000108106000	0.999891894000
0	0.786	0.000110361000	0.999889639000
0	0.787	0.000117108000	0.999882892000
0	0.788	0.000129966000	0.999870034000
0	0.789	0.000160337000	0.999839663000
0	0.79	0.000112298000	0.999887702000
0	0.791	0.000120025000	0.999879975000
0	0.792	0.000160427000	0.999839573000
0	0.793	0.000109068000	0.999890932000
0	0.794	0.000084252800	0.999915747200
0	0.795	0.000167940000	0.999832060000
0	0.796	0.000156331000	0.999843669000
0	0.797	0.000174548000	0.999825452000
0	0.798	0.000126202000	0.999873798000
0	0.799	0.000123103000	0.999876897000
0	0.8	0.000047567900	0.999952432100
0	0.801	0.000072684600	0.999927315400
0	0.802	0.000117693000	0.999882307000
0	0.803	0.000096843100	0.999903156900
0	0.804	0.000092916200	0.999907083800
0	0.805	0.000085613800	0.999914386200
0	0.806	0.000059063800	0.999940936200
0	0.807	0.000058746200	0.999941253800
0	0.808	0.000083082300	0.999916917700
0	0.809	0.000147104000	0.999852896000
0	0.81	0.000154627000	0.999845373000
0	0.811	0.000146480000	0.999853520000
0	0.812	0.000160866000	0.999839134000
0	0.813	0.000139625000	0.999860375000
0	0.814	0.000126962000	0.999873038000
0	0.815	0.000168300000	0.999831700000
0	0.816	0.000120056000	0.999879944000
0	0.817	0.000125105000	0.999874895000
0	0.818	0.000076030000	0.999923970000
0	0.819	0.000093164600	0.999906835400
0	0.82	0.000092970800	0.999907029200
0	0.821	0.000121318000	0.999878682000
0	0.822	0.000189260000	0.999810740000
0	0.823	0.000116378000	0.999883622000
0	0.824	0.000075353800	0.999924646200
0	0.825	0.000148242000	0.999851758000
0	0.826	0.000140128000	0.999859872000
0	0.827	0.000157531000	0.999842469000
0	0.828	0.000105994000	0.999894006000
0	0.829	0.000084885400	0.999915114600
0	0.83	0.000143208000	0.999856792000
0	0.831	0.000094601500	0.999905398500
0	0.832	0.000118146000	0.999881854000
0	0.833	0.000087601500	0.999912398500
0	0.834	0.000101309000	0.999898691000
0	0.835	0.000104618000	0.999895382000
0	0.836	0.000117166000	0.999882834000
0	0.837	0.000145985000	0.999854015000
0	0.838	0.000110229000	0.999889771000
0	0.839	0.000115864000	0.999884136000
0	0.84	0.000098188500	0.999901811500
0	0.841	0.000079846900	0.999920153100
0	0.842	0.000093222300	0.999906777700
0	0.843	0.000096453800	0.999903546200
0	0.844	0.000129811000	0.999870189000
0	0.845	0.000148904000	0.999851096000
0	0.846	0.000099833800	0.999900166200
0	0.847	0.000129608000	0.999870392000
0	0.848	0.000096881500	0.999903118500
0	0.849	0.000102172000	0.999897828000
0	0.85	0.000073588500	0.999926411500
0	0.851	0.000075997700	0.999924002300
0	0.852	0.000125811000	0.999874189000
0	0.853	0.000113451000	0.999886549000
0	0.854	0.000116915000	0.999883085000
0	0.855	0.000131105000	0.999868895000
0	0.856	0.000136297000	0.999863703000
0	0.857	0.000156581000	0.999843419000
0	0.858	0.000130652000	0.999869348000
0	0.859	0.000115662000	0.999884338000
0	0.86	0.000195936000	0.999804064000
0	0.861	0.000136852000	0.999863148000
0	0.862	0.000098740800	0.999901259200
0	0.863	0.000108412000	0.999891588000
0	0.864	0.000159906000	0.999840094000
0	0.865	0.000245385000	0.999754615000
0	0.866	0.000153273000	0.999846727000
0	0.867	0.000101540000	0.999898460000
0	0.868	0.000108725000	0.999891275000
0	0.869	0.000119285000	0.999880715000
0	0.87	0.000109294000	0.999890706000
0	0.871	0.000130155000	0.999869845000
0	0.872	0.000176579000	0.999823421000
0	0.873	0.000142747000	0.999857253000
0	0.874	0.000154180000	0.999845820000
0	0.875	0.000092979200	0.999907020800
0	0.876	0.000083080800	0.999916919200
0	0.877	0.000117924000	0.999882076000
0	0.878	0.000067079200	0.999932920800
0	0.879	0.000071316200	0.999928683800
0	0.88	0.000074406900	0.999925593100
0	0.881	0.000057150800	0.999942849200
0	0.882	0.000088417700	0.999911582300
0	0.883	0.000083585200	0.999916414800
0	0.884	0.000133408000	0.999866592000
0	0.885	0.000167992000	0.999832008000
0	0.886	0.000126133000	0.999873867000
0	0.887	0.000097364600	0.999902635400
0	0.888	0.000092712300	0.999907287700
0	0.889	0.000110685000	0.999889315000
0	0.89	0.000096360800	0.999903639200
0	0.891	0.000061202300	0.999938797700
0	0.892	0.000044509200	0.999955490800
0	0.893	0.000103063000	0.999896937000
0	0.894	0.000185318000	0.999814682000
0	0.895	0.000115108000	0.999884892000
0	0.896	0.000101723000	0.999898277000
0	0.897	0.000133016000	0.999866984000
0	0.898	0.000133570000	0.999866430000
0	0.899	0.000149954000	0.999850046000
0	0.9	0.000096538500	0.999903461500
0	0.901	0.000006592050	0.999993407950
0	0.902	0.000007397340	0.999992602660
0	0.903	0.000008195450	0.999991804550
0	0.904	0.000009082580	0.999990917420
0	0.905	0.000009765510	0.999990234490
0	0.906	0.000010424300	0.999989575700
0	0.907	0.000010955900	0.999989044100
0	0.908	0.000011328000	0.999988672000
0	0.909	0.000011362900	0.999988637100
0	0.91	0.000010831200	0.999989168800
0	0.911	0.000009879650	0.999990120350
0	0.912	0.000008596120	0.999991403880
0	0.913	0.000007355210	0.999992644790
0	0.914	0.000006047820	0.999993952180
0	0.915	0.000004872990	0.999995127010
0	0.916	0.000003730760	0.999996269240
0	0.917	0.000002737840	0.999997262160
0	0.918	0.000001885330	0.999998114670
0	0.919	0.000001196960	0.999998803040
0	0.92	0.000000711204	0.999999288796
0	0.921	0.000000478687	0.999999521313
0	0.922	0.000000357042	0.999999642958
0	0.923	0.000000286052	0.999999713948
0	0.924	0.000000276418	0.999999723582
0	0.925	0.000000260918	0.999999739082
0	0.926	0.000000195793	0.999999804207
0	0.927	0.000000214354	0.999999785646
0	0.928	0.000000208694	0.999999791306
0	0.929	0.000000202275	0.999999797725
0	0.93	0.000000219851	0.999999780149
0	0.931	0.000000222695	0.999999777305
0	0.932	0.000000216355	0.999999783645
0	0.933	0.000000197835	0.999999802165
0	0.934	0.000000191130	0.999999808870
0	0.935	0.000000199572	0.999999800428
0	0.936	0.000000229528	0.999999770472
0	0.937	0.000000221383	0.999999778617
0	0.938	0.000000187853	0.999999812147
0	0.939	0.000000230217	0.999999769783
0	0.94	0.000000236907	0.999999763093
0	0.941	0.000000212562	0.999999787438
0	0.942	0.000000207535	0.999999792465
0	0.943	0.000000192975	0.999999807025
0	0.944	0.000000226210	0.999999773790
0	0.945	0.000000204110	0.999999795890
0	0.946	0.000000228611	0.999999771389
0	0.947	0.000000216413	0.999999783587
0	0.948	0.000000227921	0.999999772079
0	0.949	0.000000220294	0.999999779706
0	0.95	0.000000227654	0.999999772346
0	0.951	0.000000227216	0.999999772784
0	0.952	0.000000250413	0.999999749587
0	0.953	0.000000198456	0.999999801544
0	0.954	0.000000228295	0.999999771705
0	0.955	0.000000207184	0.999999792816
0	0.956	0.000000219544	0.999999780456
0	0.957	0.000000246206	0.999999753794
0	0.958	0.000000210253	0.999999789747
0	0.959	0.000000227597	0.999999772403
0	0.96	0.000000236806	0.999999763194
0	0.961	0.000000199876	0.999999800124
0	0.962	0.000000225968	0.999999774032
0	0.963	0.000000229194	0.999999770806
0	0.964	0.000000237240	0.999999762760
0	0.965	0.000000221660	0.999999778340
0	0.966	0.000000244090	0.999999755910
0	0.967	0.000000202589	0.999999797411
0	0.968	0.000000224455	0.999999775545
0	0.969	0.000000215478	0.999999784522
0	0.97	0.000000218839	0.999999781161
0	0.971	0.000000222786	0.999999777214
0	0.972	0.000000200141	0.999999799859
0	0.973	0.000000229750	0.999999770250
0	0.974	0.000000245403	0.999999754597
0	0.975	0.000000241464	0.999999758536
0	0.976	0.000000221230	0.999999778770
0	0.977	0.000000234857	0.999999765143
0	0.978	0.000000200058	0.999999799942
0	0.979	0.000000235348	0.999999764652
0	0.98	0.000000218408	0.999999781592
0	0.981	0.000000208205	0.999999791795
0	0.982	0.000000218660	0.999999781340
0	0.983	0.000000223582	0.999999776418
0	0.984	0.000000238124	0.999999761876
0	0.985	0.000000241234	0.999999758766
0	0.986	0.000000229988	0.999999770012
0	0.987	0.000000227667	0.999999772333
0	0.988	0.000000216785	0.999999783215
0	0.989	0.000000257421	0.999999742579
0	0.99	0.000000237145	0.999999762855
0	0.991	0.000000239387	0.999999760613
0	0.992	0.000000236623	0.999999763377
0	0.993	0.000000240189	0.999999759811
0	0.994	0.000000244107	0.999999755893
0	0.995	0.000000214793	0.999999785207
0	0.996	0.000000230641	0.999999769359
0	0.997	0.000000213771	0.999999786229
0	0.998	0.000000249795	0.999999750205
0	0.999	0.000000232792	0.999999767208
0	1	0.000000258270	0.999999741730
0	1.001	0.000000226854	0.999999773146
0	1.002	0.000000236568	0.999999763432
0	1.003	0.000000248153	0.999999751847
0	1.004	0.000000256018	0.999999743982
0	1.005	0.000000244103	0.999999755897
0	1.006	0.000000261470	0.999999738530
0	1.007	0.000000262912	0.999999737088
0	1.008	0.000000263041	0.999999736959
0	1.009	0.000000265489	0.999999734511
0	1.01	0.000000282280	0.999999717720
0	1.011	0.000000270083	0.999999729917
0	1.012	0.000000283669	0.999999716331
0	1.013	0.000000281968	0.999999718032
0	1.014	0.000000280283	0.999999719717
0	1.015	0.000000358185	0.999999641815
0	1.016	0.000000381499	0.999999618501
0	1.017	0.000000423687	0.999999576313
0	1.018	0.000000468009	0.999999531991
0	1.019	0.000000604172	0.999999395828
0	1.02	0.000000792771	0.999999207229
0	1.021	0.000001237380	0.999998762620
0	1.022	0.000002362610	0.999997637390
0	1.023	0.000005562220	0.999994437780
0	1.024	0.000012003300	0.999987996700
0	1.025	0.000019580600	0.999980419400
0	1.026	0.000027759000	0.999972241000
0	1.027	0.000035456800	0.999964543200
0	1.028	0.000040951700	0.999959048300
0	1.029	0.000041360200	0.999958639800
0	1.03	0.000036289200	0.999963710800
0	1.031	0.000029335600	0.999970664400
0	1.032	0.000021619700	0.999978380300
0	1.033	0.000014140600	0.999985859400
0	1.034	0.000008151750	0.999991848250
0	1.035	0.000005387270	0.999994612730
0	1.036	0.000004315320	0.999995684680
0	1.037	0.000003805450	0.999996194550
0	1.038	0.000003555960	0.999996444040
0	1.039	0.000003360770	0.999996639230
0	1.04	0.000003356730	0.999996643270
0	1.041	0.000003375240	0.999996624760
0	1.042	0.000003469470	0.999996530530
0	1.043	0.000003601700	0.999996398300
0	1.044	0.000003861000	0.999996139000
0	1.045	0.000004100980	0.999995899020
0	1.046	0.000004496650	0.999995503350
0	1.047	0.000004965480	0.999995034520
0	1.048	0.000005599040	0.999994400960
0	1.049	0.000006409890	0.999993590110
0	1.05	0.000007432570	0.999992567430
0	1.051	0.000008823550	0.999991176450
0	1.052	0.000010772900	0.999989227100
0	1.053	0.000013488000	0.999986512000
0	1.054	0.000017531400	0.999982468600
0	1.055	0.000023532900	0.999976467100
0	1.056	0.000033686200	0.999966313800
0	1.057	0.000050214000	0.999949786000
0	1.058	0.000076397600	0.999923602400
0	1.059	0.000112362000	0.999887638000
0	1.06	0.000153876000	0.999846124000
0	1.061	0.000193395000	0.999806605000
0	1.062	0.000223382000	0.999776618000
0	1.063	0.000235531000	0.999764469000
0	1.064	0.000225810000	0.999774190000
0	1.065	0.000199606000	0.999800394000
0	1.066	0.000162146000	0.999837854000
0	1.067	0.000123524000	0.999876476000
0	1.068	0.000090470400	0.999909529600
0	1.069	0.000065977900	0.999934022100
0	1.07	0.000050608100	0.999949391900
0	1.071	0.000040657700	0.999959342300
0	1.072	0.000034195300	0.999965804700
0	1.073	0.000029861500	0.999970138500
0	1.074	0.000027016400	0.999972983600
0	1.075	0.000024777100	0.999975222900
0	1.076	0.000023289400	0.999976710600
0	1.077	0.000022452100	0.999977547900
0	1.078	0.000021814900	0.999978185100
0	1.079	0.000021529900	0.999978470100
0	1.08	0.000021665100	0.999978334900
0	1.081	0.000021976400	0.999978023600
0	1.082	0.000022649200	0.999977350800
0	1.083	0.000023556200	0.999976443800
0	1.084	0.000024781800	0.999975218200
0	1.085	0.000026611500	0.999973388500
0	1.086	0.000028669300	0.999971330700
0	1.087	0.000031322300	0.999968677700
0	1.088	0.000034699100	0.999965300900
0	1.089	0.000039107100	0.999960892900
0	1.09	0.000044416300	0.999955583700
0	1.091	0.000051303800	0.999948696200
0	1.092	0.000059943100	0.999940056900
0	1.093	0.000071194100	0.999928805900
0	1.094	0.000086712200	0.999913287800
0	1.095	0.000107021000	0.999892979000
0	1.096	0.000134443000	0.999865557000
0	1.097	0.000175376000	0.999824624000
0	1.098	0.000231978000	0.999768022000
0	1.099	0.000314890000	0.999685110000
0	1.1	0.000444823000	0.999555177000
0	1.101	0.000625559000	0.999374441000
0	1.102	0.000883209000	0.999116791000
0	1.103	0.001209930000	0.998790070000
0	1.104	0.001562050000	0.998437950000
0	1.105	0.001909490000	0.998090510000
0	1.106	0.002165760000	0.997834240000
0	1.107	0.002312370000	0.997687630000
0	1.108	0.002284330000	0.997715670000
0	1.109	0.002145770000	0.997854230000
0	1.11	0.001937040000	0.998062960000
0	1.111	0.001699890000	0.998300110000
0	1.112	0.001486930000	0.998513070000
0	1.113	0.001318430000	0.998681570000
0	1.114	0.001193940000	0.998806060000
0	1.115	0.001122520000	0.998877480000
0	1.116	0.001068500000	0.998931500000
0	1.117	0.001057930000	0.998942070000
0	1.118	0.001061400000	0.998938600000
0	1.119	0.001092720000	0.998907280000
0	1.12	0.001149870000	0.998850130000
0	1.121	0.001230680000	0.998769320000
0	1.122	0.001331810000	0.998668190000
0	1.123	0.001470930000	0.998529070000
0	1.124	0.001650420000	0.998349580000
0	1.125	0.001889510000	0.998110490000
0	1.126	0.002179350000	0.997820650000
0	1.127	0.002525910000	0.997474090000
0	1.128	0.002970620000	0.997029380000
0	1.129	0.003561380000	0.996438620000
0	1.13	0.004318230000	0.995681770000
0	1.131	0.005300260000	0.994699740000
0	1.132	0.006677720000	0.993322280000
0	1.133	0.008485480000	0.991514520000
0	1.134	0.011025700000	0.988974300000
0	1.135	0.014944900000	0.985055100000
0	1.136	0.020236300000	0.979763700000
0	1.137	0.027933400000	0.972066600000
0	1.138	0.040381700000	0.959618300000
0	1.139	0.059727900000	0.940272100000
0	1.14	0.092154200000	0.907845800000
0	1.141	0.145937000000	0.854063000000
0	1.142	0.234487000000	0.765513000000
0	1.143	0.376644000000	0.623356000000
0	1.144	0.560630000000	0.439370000000
0	1.145	0.722195000000	0.277805000000
0	1.146	0.789347000000	0.210653000000
0	1.147	0.766068000000	0.233932000000
0	1.148	0.696455000000	0.303545000000
0	1.149	0.642744000000	0.357256000000
0	1.15	0.601488000000	0.398512000000
0	1.151	0.575779000000	0.424221000000
0	1.152	0.573412000000	0.426588000000
0	1.153	0.596232000000	0.403768000000
0	1.154	0.619898000000	0.380102000000
0	1.155	0.641731000000	0.358269000000
0	1.156	0.685347000000	0.314653000000
0	1.157	0.728446000000	0.271554000000
0	1.158	0.744710000000	0.255290000000
0	1.159	0.753011000000	0.246989000000
0	1.16	0.743903000000	0.256097000000
0	1.161	0.718834000000	0.281166000000
0	1.162	0.674756000000	0.325244000000
0	1.163	0.614344000000	0.385656000000
0	1.164	0.563488000000	0.436512000000
0	1.165	0.524639000000	0.475361000000
0	1.166	0.470985000000	0.529015000000
0	1.167	0.427361000000	0.572639000000
0	1.168	0.402715000000	0.597285000000
0	1.169	0.368801000000	0.631199000000
0	1.17	0.344247000000	0.655753000000
0	1.171	0.332312000000	0.667688000000
0	1.172	0.311354000000	0.688646000000
0	1.173	0.295848000000	0.704152000000
0	1.174	0.292178000000	0.707822000000
0	1.175	0.276715000000	0.723285000000
0	1.176	0.269356000000	0.730644000000
0	1.177	0.268891000000	0.731109000000
0	1.178	0.257843000000	0.742157000000
0	1.179	0.257761000000	0.742239000000
0	1.18	0.255300000000	0.744700000000
0	1.181	0.250518000000	0.749482000000
0	1.182	0.257279000000	0.742721000000
0	1.183	0.254175000000	0.745825000000
0	1.184	0.257098000000	0.742902000000
0	1.185	0.266552000000	0.733448000000
0	1.186	0.266670000000	0.733330000000
0	1.187	0.281386000000	0.718614000000
0	1.188	0.289376000000	0.710624000000
0	1.189	0.301562000000	0.698438000000
0	1.19	0.329141000000	0.670859000000
0	1.191	0.337110000000	0.662890000000
0	1.192	0.373446000000	0.626554000000
0	1.193	0.400542000000	0.599458000000
0	1.194	0.428398000000	0.571602000000
0	1.195	0.471362000000	0.528638000000
0	1.196	0.491921000000	0.508079000000
0	1.197	0.542307000000	0.457693000000
0	1.198	0.565195000000	0.434805000000
0	1.199	0.593110000000	0.406890000000
0	1.2	0.606343000000	0.393657000000
