# coating file for M2
# column 1 is the angle of incidence (degrees)
# column 2 is the wavelength (microns)
# column 3 is the transmission probability
# column 4 is the reflection probability
      0.00000     0.300000     0.909370      0.00000
      0.00000     0.301000     0.909770      0.00000
      0.00000     0.302000     0.909770      0.00000
      0.00000     0.303000     0.909770      0.00000
      0.00000     0.304000     0.910170      0.00000
      0.00000     0.305000     0.910170      0.00000
      0.00000     0.306000     0.910170      0.00000
      0.00000     0.307000     0.910170      0.00000
      0.00000     0.308000     0.910570      0.00000
      0.00000     0.309000     0.910570      0.00000
      0.00000     0.310000     0.910570      0.00000
      0.00000     0.311000     0.910980      0.00000
      0.00000     0.312000     0.910980      0.00000
      0.00000     0.313000     0.910980      0.00000
      0.00000     0.314000     0.911380      0.00000
      0.00000     0.315000     0.911380      0.00000
      0.00000     0.316000     0.911380      0.00000
      0.00000     0.317000     0.911380      0.00000
      0.00000     0.318000     0.911780      0.00000
      0.00000     0.319000     0.911780      0.00000
      0.00000     0.320000     0.911780      0.00000
      0.00000     0.321000     0.912180      0.00000
      0.00000     0.322000     0.912180      0.00000
      0.00000     0.323000     0.912180      0.00000
      0.00000     0.324000     0.912580      0.00000
      0.00000     0.325000     0.912580      0.00000
      0.00000     0.326000     0.912980      0.00000
      0.00000     0.327000     0.912980      0.00000
      0.00000     0.328000     0.912980      0.00000
      0.00000     0.329000     0.913380      0.00000
      0.00000     0.330000     0.913380      0.00000
      0.00000     0.331000     0.913380      0.00000
      0.00000     0.332000     0.913780      0.00000
      0.00000     0.333000     0.913780      0.00000
      0.00000     0.334000     0.913780      0.00000
      0.00000     0.335000     0.914180      0.00000
      0.00000     0.336000     0.914180      0.00000
      0.00000     0.337000     0.914180      0.00000
      0.00000     0.338000     0.914580      0.00000
      0.00000     0.339000     0.914580      0.00000
      0.00000     0.340000     0.914580      0.00000
      0.00000     0.341000     0.914980      0.00000
      0.00000     0.342000     0.914980      0.00000
      0.00000     0.343000     0.914980      0.00000
      0.00000     0.344000     0.914980      0.00000
      0.00000     0.345000     0.915370      0.00000
      0.00000     0.346000     0.915370      0.00000
      0.00000     0.347000     0.915370      0.00000
      0.00000     0.348000     0.915370      0.00000
      0.00000     0.349000     0.915370      0.00000
      0.00000     0.350000     0.915770      0.00000
      0.00000     0.351000     0.915770      0.00000
      0.00000     0.352000     0.915770      0.00000
      0.00000     0.353000     0.915770      0.00000
      0.00000     0.354000     0.915770      0.00000
      0.00000     0.355000     0.916170      0.00000
      0.00000     0.356000     0.916170      0.00000
      0.00000     0.357000     0.916170      0.00000
      0.00000     0.358000     0.916170      0.00000
      0.00000     0.359000     0.916570      0.00000
      0.00000     0.360000     0.916570      0.00000
      0.00000     0.361000     0.916570      0.00000
      0.00000     0.362000     0.916570      0.00000
      0.00000     0.363000     0.916960      0.00000
      0.00000     0.364000     0.916960      0.00000
      0.00000     0.365000     0.917360      0.00000
      0.00000     0.366000     0.917360      0.00000
      0.00000     0.367000     0.917360      0.00000
      0.00000     0.368000     0.917750      0.00000
      0.00000     0.369000     0.917750      0.00000
      0.00000     0.370000     0.917750      0.00000
      0.00000     0.371000     0.918150      0.00000
      0.00000     0.372000     0.918150      0.00000
      0.00000     0.373000     0.918150      0.00000
      0.00000     0.374000     0.918550      0.00000
      0.00000     0.375000     0.918550      0.00000
      0.00000     0.376000     0.918940      0.00000
      0.00000     0.377000     0.918940      0.00000
      0.00000     0.378000     0.918940      0.00000
      0.00000     0.379000     0.919330      0.00000
      0.00000     0.380000     0.919330      0.00000
      0.00000     0.381000     0.919330      0.00000
      0.00000     0.382000     0.919330      0.00000
      0.00000     0.383000     0.919330      0.00000
      0.00000     0.384000     0.919730      0.00000
      0.00000     0.385000     0.919730      0.00000
      0.00000     0.386000     0.919730      0.00000
      0.00000     0.387000     0.919730      0.00000
      0.00000     0.388000     0.919730      0.00000
      0.00000     0.389000     0.919730      0.00000
      0.00000     0.390000     0.920120      0.00000
      0.00000     0.391000     0.920120      0.00000
      0.00000     0.392000     0.920120      0.00000
      0.00000     0.393000     0.920120      0.00000
      0.00000     0.394000     0.920120      0.00000
      0.00000     0.395000     0.920520      0.00000
      0.00000     0.396000     0.920520      0.00000
      0.00000     0.397000     0.920520      0.00000
      0.00000     0.398000     0.920520      0.00000
      0.00000     0.399000     0.920520      0.00000
      0.00000     0.400000     0.920520      0.00000
      0.00000     0.401000     0.920520      0.00000
      0.00000     0.402000     0.920520      0.00000
      0.00000     0.403000     0.920910      0.00000
      0.00000     0.404000     0.920910      0.00000
      0.00000     0.405000     0.920910      0.00000
      0.00000     0.406000     0.920910      0.00000
      0.00000     0.407000     0.920910      0.00000
      0.00000     0.408000     0.920910      0.00000
      0.00000     0.409000     0.920910      0.00000
      0.00000     0.410000     0.920910      0.00000
      0.00000     0.411000     0.920910      0.00000
      0.00000     0.412000     0.920910      0.00000
      0.00000     0.413000     0.920910      0.00000
      0.00000     0.414000     0.920910      0.00000
      0.00000     0.415000     0.920910      0.00000
      0.00000     0.416000     0.920910      0.00000
      0.00000     0.417000     0.920910      0.00000
      0.00000     0.418000     0.920910      0.00000
      0.00000     0.419000     0.920910      0.00000
      0.00000     0.420000     0.921300      0.00000
      0.00000     0.421000     0.921300      0.00000
      0.00000     0.422000     0.921300      0.00000
      0.00000     0.423000     0.921300      0.00000
      0.00000     0.424000     0.921300      0.00000
      0.00000     0.425000     0.921300      0.00000
      0.00000     0.426000     0.921300      0.00000
      0.00000     0.427000     0.921300      0.00000
      0.00000     0.428000     0.921300      0.00000
      0.00000     0.429000     0.921300      0.00000
      0.00000     0.430000     0.921300      0.00000
      0.00000     0.431000     0.921300      0.00000
      0.00000     0.432000     0.921700      0.00000
      0.00000     0.433000     0.921700      0.00000
      0.00000     0.434000     0.921700      0.00000
      0.00000     0.435000     0.921700      0.00000
      0.00000     0.436000     0.921700      0.00000
      0.00000     0.437000     0.921700      0.00000
      0.00000     0.438000     0.921300      0.00000
      0.00000     0.439000     0.921300      0.00000
      0.00000     0.440000     0.921300      0.00000
      0.00000     0.441000     0.921300      0.00000
      0.00000     0.442000     0.921300      0.00000
      0.00000     0.443000     0.920910      0.00000
      0.00000     0.444000     0.920910      0.00000
      0.00000     0.445000     0.920910      0.00000
      0.00000     0.446000     0.920910      0.00000
      0.00000     0.447000     0.920910      0.00000
      0.00000     0.448000     0.920910      0.00000
      0.00000     0.449000     0.920520      0.00000
      0.00000     0.450000     0.920520      0.00000
      0.00000     0.451000     0.920520      0.00000
      0.00000     0.452000     0.920520      0.00000
      0.00000     0.453000     0.920520      0.00000
      0.00000     0.454000     0.920120      0.00000
      0.00000     0.455000     0.920120      0.00000
      0.00000     0.456000     0.920120      0.00000
      0.00000     0.457000     0.920120      0.00000
      0.00000     0.458000     0.920120      0.00000
      0.00000     0.459000     0.919730      0.00000
      0.00000     0.460000     0.919730      0.00000
      0.00000     0.461000     0.919730      0.00000
      0.00000     0.462000     0.919730      0.00000
      0.00000     0.463000     0.919730      0.00000
      0.00000     0.464000     0.919730      0.00000
      0.00000     0.465000     0.919330      0.00000
      0.00000     0.466000     0.919330      0.00000
      0.00000     0.467000     0.919330      0.00000
      0.00000     0.468000     0.919330      0.00000
      0.00000     0.469000     0.919330      0.00000
      0.00000     0.470000     0.919330      0.00000
      0.00000     0.471000     0.919330      0.00000
      0.00000     0.472000     0.918940      0.00000
      0.00000     0.473000     0.918940      0.00000
      0.00000     0.474000     0.918940      0.00000
      0.00000     0.475000     0.918940      0.00000
      0.00000     0.476000     0.918940      0.00000
      0.00000     0.477000     0.918940      0.00000
      0.00000     0.478000     0.918940      0.00000
      0.00000     0.479000     0.918940      0.00000
      0.00000     0.480000     0.918550      0.00000
      0.00000     0.481000     0.918550      0.00000
      0.00000     0.482000     0.918550      0.00000
      0.00000     0.483000     0.918550      0.00000
      0.00000     0.484000     0.918550      0.00000
      0.00000     0.485000     0.918550      0.00000
      0.00000     0.486000     0.918550      0.00000
      0.00000     0.487000     0.918550      0.00000
      0.00000     0.488000     0.918550      0.00000
      0.00000     0.489000     0.918550      0.00000
      0.00000     0.490000     0.918550      0.00000
      0.00000     0.491000     0.918150      0.00000
      0.00000     0.492000     0.918150      0.00000
      0.00000     0.493000     0.918150      0.00000
      0.00000     0.494000     0.918150      0.00000
      0.00000     0.495000     0.917750      0.00000
      0.00000     0.496000     0.917750      0.00000
      0.00000     0.497000     0.917750      0.00000
      0.00000     0.498000     0.917360      0.00000
      0.00000     0.499000     0.917360      0.00000
      0.00000     0.500000     0.917360      0.00000
      0.00000     0.501000     0.917360      0.00000
      0.00000     0.502000     0.916960      0.00000
      0.00000     0.503000     0.916960      0.00000
      0.00000     0.504000     0.916960      0.00000
      0.00000     0.505000     0.916570      0.00000
      0.00000     0.506000     0.916570      0.00000
      0.00000     0.507000     0.916570      0.00000
      0.00000     0.508000     0.916170      0.00000
      0.00000     0.509000     0.916170      0.00000
      0.00000     0.510000     0.916170      0.00000
      0.00000     0.511000     0.916170      0.00000
      0.00000     0.512000     0.915770      0.00000
      0.00000     0.513000     0.915770      0.00000
      0.00000     0.514000     0.915770      0.00000
      0.00000     0.515000     0.915370      0.00000
      0.00000     0.516000     0.915370      0.00000
      0.00000     0.517000     0.915370      0.00000
      0.00000     0.518000     0.915370      0.00000
      0.00000     0.519000     0.914980      0.00000
      0.00000     0.520000     0.914980      0.00000
      0.00000     0.521000     0.914980      0.00000
      0.00000     0.522000     0.914980      0.00000
      0.00000     0.523000     0.914580      0.00000
      0.00000     0.524000     0.914580      0.00000
      0.00000     0.525000     0.914580      0.00000
      0.00000     0.526000     0.914580      0.00000
      0.00000     0.527000     0.914580      0.00000
      0.00000     0.528000     0.914180      0.00000
      0.00000     0.529000     0.914180      0.00000
      0.00000     0.530000     0.914180      0.00000
      0.00000     0.531000     0.914180      0.00000
      0.00000     0.532000     0.913780      0.00000
      0.00000     0.533000     0.913780      0.00000
      0.00000     0.534000     0.913780      0.00000
      0.00000     0.535000     0.913780      0.00000
      0.00000     0.536000     0.913780      0.00000
      0.00000     0.537000     0.913380      0.00000
      0.00000     0.538000     0.913380      0.00000
      0.00000     0.539000     0.913380      0.00000
      0.00000     0.540000     0.913380      0.00000
      0.00000     0.541000     0.913380      0.00000
      0.00000     0.542000     0.912980      0.00000
      0.00000     0.543000     0.912980      0.00000
      0.00000     0.544000     0.912980      0.00000
      0.00000     0.545000     0.912980      0.00000
      0.00000     0.546000     0.912980      0.00000
      0.00000     0.547000     0.912980      0.00000
      0.00000     0.548000     0.912580      0.00000
      0.00000     0.549000     0.912580      0.00000
      0.00000     0.550000     0.912580      0.00000
      0.00000     0.551000     0.912580      0.00000
      0.00000     0.552000     0.912580      0.00000
      0.00000     0.553000     0.912580      0.00000
      0.00000     0.554000     0.912580      0.00000
      0.00000     0.555000     0.912580      0.00000
      0.00000     0.556000     0.912580      0.00000
      0.00000     0.557000     0.912580      0.00000
      0.00000     0.558000     0.912580      0.00000
      0.00000     0.559000     0.912180      0.00000
      0.00000     0.560000     0.912180      0.00000
      0.00000     0.561000     0.912180      0.00000
      0.00000     0.562000     0.912180      0.00000
      0.00000     0.563000     0.912180      0.00000
      0.00000     0.564000     0.912180      0.00000
      0.00000     0.565000     0.912180      0.00000
      0.00000     0.566000     0.912180      0.00000
      0.00000     0.567000     0.912180      0.00000
      0.00000     0.568000     0.912180      0.00000
      0.00000     0.569000     0.912180      0.00000
      0.00000     0.570000     0.912180      0.00000
      0.00000     0.571000     0.912180      0.00000
      0.00000     0.572000     0.912180      0.00000
      0.00000     0.573000     0.912180      0.00000
      0.00000     0.574000     0.912180      0.00000
      0.00000     0.575000     0.911780      0.00000
      0.00000     0.576000     0.911780      0.00000
      0.00000     0.577000     0.911780      0.00000
      0.00000     0.578000     0.911780      0.00000
      0.00000     0.579000     0.911780      0.00000
      0.00000     0.580000     0.911780      0.00000
      0.00000     0.581000     0.911380      0.00000
      0.00000     0.582000     0.911380      0.00000
      0.00000     0.583000     0.910980      0.00000
      0.00000     0.584000     0.910980      0.00000
      0.00000     0.585000     0.910980      0.00000
      0.00000     0.586000     0.910570      0.00000
      0.00000     0.587000     0.910570      0.00000
      0.00000     0.588000     0.910570      0.00000
      0.00000     0.589000     0.910170      0.00000
      0.00000     0.590000     0.910170      0.00000
      0.00000     0.591000     0.910170      0.00000
      0.00000     0.592000     0.909770      0.00000
      0.00000     0.593000     0.909770      0.00000
      0.00000     0.594000     0.909770      0.00000
      0.00000     0.595000     0.909370      0.00000
      0.00000     0.596000     0.909370      0.00000
      0.00000     0.597000     0.909370      0.00000
      0.00000     0.598000     0.908960      0.00000
      0.00000     0.599000     0.908960      0.00000
      0.00000     0.600000     0.908960      0.00000
      0.00000     0.601000     0.908560      0.00000
      0.00000     0.602000     0.908560      0.00000
      0.00000     0.603000     0.908560      0.00000
      0.00000     0.604000     0.908160      0.00000
      0.00000     0.605000     0.908160      0.00000
      0.00000     0.606000     0.908160      0.00000
      0.00000     0.607000     0.908160      0.00000
      0.00000     0.608000     0.907750      0.00000
      0.00000     0.609000     0.907750      0.00000
      0.00000     0.610000     0.907750      0.00000
      0.00000     0.611000     0.907350      0.00000
      0.00000     0.612000     0.907350      0.00000
      0.00000     0.613000     0.907350      0.00000
      0.00000     0.614000     0.907350      0.00000
      0.00000     0.615000     0.906940      0.00000
      0.00000     0.616000     0.906940      0.00000
      0.00000     0.617000     0.906940      0.00000
      0.00000     0.618000     0.906940      0.00000
      0.00000     0.619000     0.906540      0.00000
      0.00000     0.620000     0.906540      0.00000
      0.00000     0.621000     0.906540      0.00000
      0.00000     0.622000     0.906540      0.00000
      0.00000     0.623000     0.906130      0.00000
      0.00000     0.624000     0.906130      0.00000
      0.00000     0.625000     0.906130      0.00000
      0.00000     0.626000     0.906130      0.00000
      0.00000     0.627000     0.906130      0.00000
      0.00000     0.628000     0.905720      0.00000
      0.00000     0.629000     0.905720      0.00000
      0.00000     0.630000     0.905720      0.00000
      0.00000     0.631000     0.905720      0.00000
      0.00000     0.632000     0.905720      0.00000
      0.00000     0.633000     0.905320      0.00000
      0.00000     0.634000     0.905320      0.00000
      0.00000     0.635000     0.905320      0.00000
      0.00000     0.636000     0.905320      0.00000
      0.00000     0.637000     0.905320      0.00000
      0.00000     0.638000     0.905320      0.00000
      0.00000     0.639000     0.904910      0.00000
      0.00000     0.640000     0.904910      0.00000
      0.00000     0.641000     0.904910      0.00000
      0.00000     0.642000     0.904910      0.00000
      0.00000     0.643000     0.904500      0.00000
      0.00000     0.644000     0.904500      0.00000
      0.00000     0.645000     0.904500      0.00000
      0.00000     0.646000     0.904500      0.00000
      0.00000     0.647000     0.904500      0.00000
      0.00000     0.648000     0.904500      0.00000
      0.00000     0.649000     0.904100      0.00000
      0.00000     0.650000     0.904100      0.00000
      0.00000     0.651000     0.903690      0.00000
      0.00000     0.652000     0.903280      0.00000
      0.00000     0.653000     0.902870      0.00000
      0.00000     0.654000     0.902050      0.00000
      0.00000     0.655000     0.902050      0.00000
      0.00000     0.656000     0.901230      0.00000
      0.00000     0.657000     0.900820      0.00000
      0.00000     0.658000     0.900410      0.00000
      0.00000     0.659000     0.900410      0.00000
      0.00000     0.660000     0.900410      0.00000
      0.00000     0.661000     0.900000      0.00000
      0.00000     0.662000     0.899590      0.00000
      0.00000     0.663000     0.899180      0.00000
      0.00000     0.664000     0.898350      0.00000
      0.00000     0.665000     0.897940      0.00000
      0.00000     0.666000     0.897520      0.00000
      0.00000     0.667000     0.897110      0.00000
      0.00000     0.668000     0.896700      0.00000
      0.00000     0.669000     0.896700      0.00000
      0.00000     0.670000     0.896700      0.00000
      0.00000     0.671000     0.896280      0.00000
      0.00000     0.672000     0.895870      0.00000
      0.00000     0.673000     0.895450      0.00000
      0.00000     0.674000     0.894620      0.00000
      0.00000     0.675000     0.894200      0.00000
      0.00000     0.676000     0.893780      0.00000
      0.00000     0.677000     0.893780      0.00000
      0.00000     0.678000     0.893370      0.00000
      0.00000     0.679000     0.892950      0.00000
      0.00000     0.680000     0.892950      0.00000
      0.00000     0.681000     0.892530      0.00000
      0.00000     0.682000     0.892110      0.00000
      0.00000     0.683000     0.891690      0.00000
      0.00000     0.684000     0.890850      0.00000
      0.00000     0.685000     0.890430      0.00000
      0.00000     0.686000     0.890010      0.00000
      0.00000     0.687000     0.890010      0.00000
      0.00000     0.688000     0.889590      0.00000
      0.00000     0.689000     0.889170      0.00000
      0.00000     0.690000     0.889170      0.00000
      0.00000     0.691000     0.888750      0.00000
      0.00000     0.692000     0.888330      0.00000
      0.00000     0.693000     0.887900      0.00000
      0.00000     0.694000     0.887480      0.00000
      0.00000     0.695000     0.887060      0.00000
      0.00000     0.696000     0.887060      0.00000
      0.00000     0.697000     0.886210      0.00000
      0.00000     0.698000     0.885780      0.00000
      0.00000     0.699000     0.885780      0.00000
      0.00000     0.700000     0.885360      0.00000
      0.00000     0.701000     0.885360      0.00000
      0.00000     0.702000     0.884930      0.00000
      0.00000     0.703000     0.884510      0.00000
      0.00000     0.704000     0.884510      0.00000
      0.00000     0.705000     0.884080      0.00000
      0.00000     0.706000     0.884080      0.00000
      0.00000     0.707000     0.883660      0.00000
      0.00000     0.708000     0.883660      0.00000
      0.00000     0.709000     0.883230      0.00000
      0.00000     0.710000     0.883230      0.00000
      0.00000     0.711000     0.882800      0.00000
      0.00000     0.712000     0.882370      0.00000
      0.00000     0.713000     0.882370      0.00000
      0.00000     0.714000     0.881940      0.00000
      0.00000     0.715000     0.881940      0.00000
      0.00000     0.716000     0.881520      0.00000
      0.00000     0.717000     0.881520      0.00000
      0.00000     0.718000     0.881090      0.00000
      0.00000     0.719000     0.881090      0.00000
      0.00000     0.720000     0.880660      0.00000
      0.00000     0.721000     0.880660      0.00000
      0.00000     0.722000     0.880230      0.00000
      0.00000     0.723000     0.880230      0.00000
      0.00000     0.724000     0.879800      0.00000
      0.00000     0.725000     0.879370      0.00000
      0.00000     0.726000     0.879370      0.00000
      0.00000     0.727000     0.878930      0.00000
      0.00000     0.728000     0.878930      0.00000
      0.00000     0.729000     0.878500      0.00000
      0.00000     0.730000     0.878500      0.00000
      0.00000     0.731000     0.878070      0.00000
      0.00000     0.732000     0.878070      0.00000
      0.00000     0.733000     0.877640      0.00000
      0.00000     0.734000     0.877640      0.00000
      0.00000     0.735000     0.877210      0.00000
      0.00000     0.736000     0.877210      0.00000
      0.00000     0.737000     0.876770      0.00000
      0.00000     0.738000     0.876770      0.00000
      0.00000     0.739000     0.876340      0.00000
      0.00000     0.740000     0.876340      0.00000
      0.00000     0.741000     0.875900      0.00000
      0.00000     0.742000     0.875900      0.00000
      0.00000     0.743000     0.875470      0.00000
      0.00000     0.744000     0.875470      0.00000
      0.00000     0.745000     0.875030      0.00000
      0.00000     0.746000     0.875030      0.00000
      0.00000     0.747000     0.874600      0.00000
      0.00000     0.748000     0.874600      0.00000
      0.00000     0.749000     0.874160      0.00000
      0.00000     0.750000     0.874160      0.00000
      0.00000     0.751000     0.873730      0.00000
      0.00000     0.752000     0.873730      0.00000
      0.00000     0.753000     0.873290      0.00000
      0.00000     0.754000     0.873290      0.00000
      0.00000     0.755000     0.872850      0.00000
      0.00000     0.756000     0.872410      0.00000
      0.00000     0.757000     0.872410      0.00000
      0.00000     0.758000     0.871980      0.00000
      0.00000     0.759000     0.871980      0.00000
      0.00000     0.760000     0.871540      0.00000
      0.00000     0.761000     0.871540      0.00000
      0.00000     0.762000     0.871100      0.00000
      0.00000     0.763000     0.870660      0.00000
      0.00000     0.764000     0.870660      0.00000
      0.00000     0.765000     0.870220      0.00000
      0.00000     0.766000     0.870220      0.00000
      0.00000     0.767000     0.869780      0.00000
      0.00000     0.768000     0.869340      0.00000
      0.00000     0.769000     0.869340      0.00000
      0.00000     0.770000     0.868900      0.00000
      0.00000     0.771000     0.868900      0.00000
      0.00000     0.772000     0.868450      0.00000
      0.00000     0.773000     0.868450      0.00000
      0.00000     0.774000     0.868010      0.00000
      0.00000     0.775000     0.867570      0.00000
      0.00000     0.776000     0.867570      0.00000
      0.00000     0.777000     0.867130      0.00000
      0.00000     0.778000     0.867130      0.00000
      0.00000     0.779000     0.866680      0.00000
      0.00000     0.780000     0.866680      0.00000
      0.00000     0.781000     0.866240      0.00000
      0.00000     0.782000     0.865790      0.00000
      0.00000     0.783000     0.865790      0.00000
      0.00000     0.784000     0.865350      0.00000
      0.00000     0.785000     0.865350      0.00000
      0.00000     0.786000     0.864900      0.00000
      0.00000     0.787000     0.864460      0.00000
      0.00000     0.788000     0.864460      0.00000
      0.00000     0.789000     0.864010      0.00000
      0.00000     0.790000     0.864010      0.00000
      0.00000     0.791000     0.863570      0.00000
      0.00000     0.792000     0.863570      0.00000
      0.00000     0.793000     0.863120      0.00000
      0.00000     0.794000     0.863120      0.00000
      0.00000     0.795000     0.862670      0.00000
      0.00000     0.796000     0.862220      0.00000
      0.00000     0.797000     0.862220      0.00000
      0.00000     0.798000     0.861770      0.00000
      0.00000     0.799000     0.861770      0.00000
      0.00000     0.800000     0.861320      0.00000
      0.00000     0.801000     0.861320      0.00000
      0.00000     0.802000     0.861320      0.00000
      0.00000     0.803000     0.861320      0.00000
      0.00000     0.804000     0.861320      0.00000
      0.00000     0.805000     0.861320      0.00000
      0.00000     0.806000     0.861320      0.00000
      0.00000     0.807000     0.861320      0.00000
      0.00000     0.808000     0.861320      0.00000
      0.00000     0.809000     0.861320      0.00000
      0.00000     0.810000     0.861320      0.00000
      0.00000     0.811000     0.861320      0.00000
      0.00000     0.812000     0.860880      0.00000
      0.00000     0.813000     0.860880      0.00000
      0.00000     0.814000     0.860880      0.00000
      0.00000     0.815000     0.860880      0.00000
      0.00000     0.816000     0.860880      0.00000
      0.00000     0.817000     0.860880      0.00000
      0.00000     0.818000     0.860880      0.00000
      0.00000     0.819000     0.860880      0.00000
      0.00000     0.820000     0.860880      0.00000
      0.00000     0.821000     0.860880      0.00000
      0.00000     0.822000     0.860880      0.00000
      0.00000     0.823000     0.860880      0.00000
      0.00000     0.824000     0.860880      0.00000
      0.00000     0.825000     0.860880      0.00000
      0.00000     0.826000     0.860880      0.00000
      0.00000     0.827000     0.860880      0.00000
      0.00000     0.828000     0.860880      0.00000
      0.00000     0.829000     0.860430      0.00000
      0.00000     0.830000     0.860430      0.00000
      0.00000     0.831000     0.860430      0.00000
      0.00000     0.832000     0.860430      0.00000
      0.00000     0.833000     0.860430      0.00000
      0.00000     0.834000     0.860430      0.00000
      0.00000     0.835000     0.860430      0.00000
      0.00000     0.836000     0.860430      0.00000
      0.00000     0.837000     0.860430      0.00000
      0.00000     0.838000     0.860430      0.00000
      0.00000     0.839000     0.860430      0.00000
      0.00000     0.840000     0.860430      0.00000
      0.00000     0.841000     0.860430      0.00000
      0.00000     0.842000     0.860430      0.00000
      0.00000     0.843000     0.860430      0.00000
      0.00000     0.844000     0.860430      0.00000
      0.00000     0.845000     0.860430      0.00000
      0.00000     0.846000     0.859970      0.00000
      0.00000     0.847000     0.859970      0.00000
      0.00000     0.848000     0.859970      0.00000
      0.00000     0.849000     0.859970      0.00000
      0.00000     0.850000     0.859970      0.00000
      0.00000     0.851000     0.860430      0.00000
      0.00000     0.852000     0.861320      0.00000
      0.00000     0.853000     0.861770      0.00000
      0.00000     0.854000     0.862220      0.00000
      0.00000     0.855000     0.862670      0.00000
      0.00000     0.856000     0.863120      0.00000
      0.00000     0.857000     0.863570      0.00000
      0.00000     0.858000     0.864010      0.00000
      0.00000     0.859000     0.864460      0.00000
      0.00000     0.860000     0.864900      0.00000
      0.00000     0.861000     0.865350      0.00000
      0.00000     0.862000     0.865790      0.00000
      0.00000     0.863000     0.866240      0.00000
      0.00000     0.864000     0.867130      0.00000
      0.00000     0.865000     0.867570      0.00000
      0.00000     0.866000     0.868010      0.00000
      0.00000     0.867000     0.868450      0.00000
      0.00000     0.868000     0.868900      0.00000
      0.00000     0.869000     0.869340      0.00000
      0.00000     0.870000     0.869780      0.00000
      0.00000     0.871000     0.870220      0.00000
      0.00000     0.872000     0.870660      0.00000
      0.00000     0.873000     0.871100      0.00000
      0.00000     0.874000     0.871540      0.00000
      0.00000     0.875000     0.871980      0.00000
      0.00000     0.876000     0.872410      0.00000
      0.00000     0.877000     0.872850      0.00000
      0.00000     0.878000     0.873290      0.00000
      0.00000     0.879000     0.873730      0.00000
      0.00000     0.880000     0.874160      0.00000
      0.00000     0.881000     0.874600      0.00000
      0.00000     0.882000     0.875030      0.00000
      0.00000     0.883000     0.875470      0.00000
      0.00000     0.884000     0.875900      0.00000
      0.00000     0.885000     0.876340      0.00000
      0.00000     0.886000     0.876770      0.00000
      0.00000     0.887000     0.877210      0.00000
      0.00000     0.888000     0.877640      0.00000
      0.00000     0.889000     0.878070      0.00000
      0.00000     0.890000     0.878500      0.00000
      0.00000     0.891000     0.878930      0.00000
      0.00000     0.892000     0.879370      0.00000
      0.00000     0.893000     0.879800      0.00000
      0.00000     0.894000     0.880230      0.00000
      0.00000     0.895000     0.880660      0.00000
      0.00000     0.896000     0.881090      0.00000
      0.00000     0.897000     0.881520      0.00000
      0.00000     0.898000     0.881940      0.00000
      0.00000     0.899000     0.882370      0.00000
      0.00000     0.900000     0.882800      0.00000
      0.00000     0.901000     0.883230      0.00000
      0.00000     0.902000     0.883660      0.00000
      0.00000     0.903000     0.884080      0.00000
      0.00000     0.904000     0.884930      0.00000
      0.00000     0.905000     0.885360      0.00000
      0.00000     0.906000     0.886630      0.00000
      0.00000     0.907000     0.887480      0.00000
      0.00000     0.908000     0.887900      0.00000
      0.00000     0.909000     0.888750      0.00000
      0.00000     0.910000     0.889170      0.00000
      0.00000     0.911000     0.889590      0.00000
      0.00000     0.912000     0.890010      0.00000
      0.00000     0.913000     0.890430      0.00000
      0.00000     0.914000     0.890850      0.00000
      0.00000     0.915000     0.891270      0.00000
      0.00000     0.916000     0.891690      0.00000
      0.00000     0.917000     0.892110      0.00000
      0.00000     0.918000     0.892530      0.00000
      0.00000     0.919000     0.893370      0.00000
      0.00000     0.920000     0.895030      0.00000
      0.00000     0.921000     0.895450      0.00000
      0.00000     0.922000     0.895870      0.00000
      0.00000     0.923000     0.896280      0.00000
      0.00000     0.924000     0.896700      0.00000
      0.00000     0.925000     0.897110      0.00000
      0.00000     0.926000     0.897520      0.00000
      0.00000     0.927000     0.898760      0.00000
      0.00000     0.928000     0.899180      0.00000
      0.00000     0.929000     0.899590      0.00000
      0.00000     0.930000     0.900410      0.00000
      0.00000     0.931000     0.900820      0.00000
      0.00000     0.932000     0.901230      0.00000
      0.00000     0.933000     0.901640      0.00000
      0.00000     0.934000     0.902460      0.00000
      0.00000     0.935000     0.902460      0.00000
      0.00000     0.936000     0.904500      0.00000
      0.00000     0.937000     0.904500      0.00000
      0.00000     0.938000     0.904910      0.00000
      0.00000     0.939000     0.905720      0.00000
      0.00000     0.940000     0.905720      0.00000
      0.00000     0.941000     0.906130      0.00000
      0.00000     0.942000     0.906540      0.00000
      0.00000     0.943000     0.906940      0.00000
      0.00000     0.944000     0.907750      0.00000
      0.00000     0.945000     0.908560      0.00000
      0.00000     0.946000     0.908560      0.00000
      0.00000     0.947000     0.908960      0.00000
      0.00000     0.948000     0.909770      0.00000
      0.00000     0.949000     0.910170      0.00000
      0.00000     0.950000     0.910980      0.00000
      0.00000     0.951000     0.910980      0.00000
      0.00000     0.952000     0.911380      0.00000
      0.00000     0.953000     0.911380      0.00000
      0.00000     0.954000     0.911380      0.00000
      0.00000     0.955000     0.911380      0.00000
      0.00000     0.956000     0.911780      0.00000
      0.00000     0.957000     0.911780      0.00000
      0.00000     0.958000     0.911780      0.00000
      0.00000     0.959000     0.912180      0.00000
      0.00000     0.960000     0.912180      0.00000
      0.00000     0.961000     0.912180      0.00000
      0.00000     0.962000     0.912580      0.00000
      0.00000     0.963000     0.912580      0.00000
      0.00000     0.964000     0.912580      0.00000
      0.00000     0.965000     0.912580      0.00000
      0.00000     0.966000     0.912980      0.00000
      0.00000     0.967000     0.912980      0.00000
      0.00000     0.968000     0.912980      0.00000
      0.00000     0.969000     0.913380      0.00000
      0.00000     0.970000     0.913380      0.00000
      0.00000     0.971000     0.913380      0.00000
      0.00000     0.972000     0.913780      0.00000
      0.00000     0.973000     0.913780      0.00000
      0.00000     0.974000     0.913780      0.00000
      0.00000     0.975000     0.913780      0.00000
      0.00000     0.976000     0.914180      0.00000
      0.00000     0.977000     0.914180      0.00000
      0.00000     0.978000     0.914180      0.00000
      0.00000     0.979000     0.914580      0.00000
      0.00000     0.980000     0.914580      0.00000
      0.00000     0.981000     0.914580      0.00000
      0.00000     0.982000     0.914580      0.00000
      0.00000     0.983000     0.914980      0.00000
      0.00000     0.984000     0.914980      0.00000
      0.00000     0.985000     0.914980      0.00000
      0.00000     0.986000     0.915370      0.00000
      0.00000     0.987000     0.915370      0.00000
      0.00000     0.988000     0.915370      0.00000
      0.00000     0.989000     0.915370      0.00000
      0.00000     0.990000     0.915770      0.00000
      0.00000     0.991000     0.915770      0.00000
      0.00000     0.992000     0.915770      0.00000
      0.00000     0.993000     0.916170      0.00000
      0.00000     0.994000     0.916170      0.00000
      0.00000     0.995000     0.916170      0.00000
      0.00000     0.996000     0.916170      0.00000
      0.00000     0.997000     0.916570      0.00000
      0.00000     0.998000     0.916570      0.00000
      0.00000     0.999000     0.916570      0.00000
      0.00000      1.00000     0.916960      0.00000
      0.00000      1.00100     0.916960      0.00000
      0.00000      1.00200     0.916960      0.00000
      0.00000      1.00300     0.916960      0.00000
      0.00000      1.00400     0.917360      0.00000
      0.00000      1.00500     0.917360      0.00000
      0.00000      1.00600     0.917360      0.00000
      0.00000      1.00700     0.917750      0.00000
      0.00000      1.00800     0.917750      0.00000
      0.00000      1.00900     0.917750      0.00000
      0.00000      1.01000     0.917750      0.00000
      0.00000      1.01100     0.918150      0.00000
      0.00000      1.01200     0.918150      0.00000
      0.00000      1.01300     0.918150      0.00000
      0.00000      1.01400     0.918150      0.00000
      0.00000      1.01500     0.918550      0.00000
      0.00000      1.01600     0.918550      0.00000
      0.00000      1.01700     0.918550      0.00000
      0.00000      1.01800     0.918550      0.00000
      0.00000      1.01900     0.918940      0.00000
      0.00000      1.02000     0.918940      0.00000
      0.00000      1.02100     0.918940      0.00000
      0.00000      1.02200     0.919330      0.00000
      0.00000      1.02300     0.919330      0.00000
      0.00000      1.02400     0.919330      0.00000
      0.00000      1.02500     0.919330      0.00000
      0.00000      1.02600     0.919730      0.00000
      0.00000      1.02700     0.919730      0.00000
      0.00000      1.02800     0.919730      0.00000
      0.00000      1.02900     0.919730      0.00000
      0.00000      1.03000     0.920120      0.00000
      0.00000      1.03100     0.920120      0.00000
      0.00000      1.03200     0.920120      0.00000
      0.00000      1.03300     0.920120      0.00000
      0.00000      1.03400     0.920520      0.00000
      0.00000      1.03500     0.920520      0.00000
      0.00000      1.03600     0.920520      0.00000
      0.00000      1.03700     0.920910      0.00000
      0.00000      1.03800     0.920910      0.00000
      0.00000      1.03900     0.920910      0.00000
      0.00000      1.04000     0.920910      0.00000
      0.00000      1.04100     0.921300      0.00000
      0.00000      1.04200     0.921300      0.00000
      0.00000      1.04300     0.921300      0.00000
      0.00000      1.04400     0.921300      0.00000
      0.00000      1.04500     0.921700      0.00000
      0.00000      1.04600     0.921700      0.00000
      0.00000      1.04700     0.921700      0.00000
      0.00000      1.04800     0.921700      0.00000
      0.00000      1.04900     0.922090      0.00000
      0.00000      1.05000     0.922090      0.00000
      0.00000      1.05100     0.922090      0.00000
      0.00000      1.05200     0.922090      0.00000
      0.00000      1.05300     0.922480      0.00000
      0.00000      1.05400     0.922480      0.00000
      0.00000      1.05500     0.922480      0.00000
      0.00000      1.05600     0.922480      0.00000
      0.00000      1.05700     0.922870      0.00000
      0.00000      1.05800     0.922870      0.00000
      0.00000      1.05900     0.922870      0.00000
      0.00000      1.06000     0.922870      0.00000
      0.00000      1.06100     0.923260      0.00000
      0.00000      1.06200     0.923260      0.00000
      0.00000      1.06300     0.923260      0.00000
      0.00000      1.06400     0.923260      0.00000
      0.00000      1.06500     0.923650      0.00000
      0.00000      1.06600     0.923650      0.00000
      0.00000      1.06700     0.923650      0.00000
      0.00000      1.06800     0.923650      0.00000
      0.00000      1.06900     0.924040      0.00000
      0.00000      1.07000     0.924040      0.00000
      0.00000      1.07100     0.924040      0.00000
      0.00000      1.07200     0.924040      0.00000
      0.00000      1.07300     0.924430      0.00000
      0.00000      1.07400     0.924430      0.00000
      0.00000      1.07500     0.924430      0.00000
      0.00000      1.07600     0.924430      0.00000
      0.00000      1.07700     0.924430      0.00000
      0.00000      1.07800     0.924820      0.00000
      0.00000      1.07900     0.924820      0.00000
      0.00000      1.08000     0.924820      0.00000
      0.00000      1.08100     0.924820      0.00000
      0.00000      1.08200     0.925210      0.00000
      0.00000      1.08300     0.925210      0.00000
      0.00000      1.08400     0.925210      0.00000
      0.00000      1.08500     0.925210      0.00000
      0.00000      1.08600     0.925600      0.00000
      0.00000      1.08700     0.925600      0.00000
      0.00000      1.08800     0.925600      0.00000
      0.00000      1.08900     0.925600      0.00000
      0.00000      1.09000     0.925990      0.00000
      0.00000      1.09100     0.925990      0.00000
      0.00000      1.09200     0.925990      0.00000
      0.00000      1.09300     0.925990      0.00000
      0.00000      1.09400     0.925990      0.00000
      0.00000      1.09500     0.926380      0.00000
      0.00000      1.09600     0.926380      0.00000
      0.00000      1.09700     0.926380      0.00000
      0.00000      1.09800     0.926380      0.00000
      0.00000      1.09900     0.926770      0.00000
      0.00000      1.10000     0.926770      0.00000
      0.00000      1.10100     0.926770      0.00000
      0.00000      1.10200     0.926770      0.00000
      0.00000      1.10300     0.927160      0.00000
      0.00000      1.10400     0.927160      0.00000
      0.00000      1.10500     0.927160      0.00000
      0.00000      1.10600     0.927160      0.00000
      0.00000      1.10700     0.927160      0.00000
      0.00000      1.10800     0.927540      0.00000
      0.00000      1.10900     0.927540      0.00000
      0.00000      1.11000     0.927540      0.00000
      0.00000      1.11100     0.927540      0.00000
      0.00000      1.11200     0.927930      0.00000
      0.00000      1.11300     0.927930      0.00000
      0.00000      1.11400     0.927930      0.00000
      0.00000      1.11500     0.927930      0.00000
      0.00000      1.11600     0.928320      0.00000
      0.00000      1.11700     0.928320      0.00000
      0.00000      1.11800     0.928320      0.00000
      0.00000      1.11900     0.928320      0.00000
      0.00000      1.12000     0.928320      0.00000
      0.00000      1.12100     0.928700      0.00000
      0.00000      1.12200     0.928700      0.00000
      0.00000      1.12300     0.928700      0.00000
      0.00000      1.12400     0.928700      0.00000
      0.00000      1.12500     0.928700      0.00000
      0.00000      1.12600     0.929090      0.00000
      0.00000      1.12700     0.929090      0.00000
      0.00000      1.12800     0.929090      0.00000
      0.00000      1.12900     0.929090      0.00000
      0.00000      1.13000     0.929480      0.00000
      0.00000      1.13100     0.929480      0.00000
      0.00000      1.13200     0.929480      0.00000
      0.00000      1.13300     0.929480      0.00000
      0.00000      1.13400     0.929480      0.00000
      0.00000      1.13500     0.929860      0.00000
      0.00000      1.13600     0.929860      0.00000
      0.00000      1.13700     0.929860      0.00000
      0.00000      1.13800     0.929860      0.00000
      0.00000      1.13900     0.930250      0.00000
      0.00000      1.14000     0.930250      0.00000
      0.00000      1.14100     0.930250      0.00000
      0.00000      1.14200     0.930250      0.00000
      0.00000      1.14300     0.930250      0.00000
      0.00000      1.14400     0.930630      0.00000
      0.00000      1.14500     0.930630      0.00000
      0.00000      1.14600     0.930630      0.00000
      0.00000      1.14700     0.930630      0.00000
      0.00000      1.14800     0.930630      0.00000
      0.00000      1.14900     0.931020      0.00000
      0.00000      1.15000     0.931020      0.00000
      0.00000      1.15100     0.931020      0.00000
      0.00000      1.15200     0.931020      0.00000
      0.00000      1.15300     0.931020      0.00000
      0.00000      1.15400     0.931400      0.00000
      0.00000      1.15500     0.931400      0.00000
      0.00000      1.15600     0.931400      0.00000
      0.00000      1.15700     0.931400      0.00000
      0.00000      1.15800     0.931790      0.00000
      0.00000      1.15900     0.931790      0.00000
      0.00000      1.16000     0.931790      0.00000
      0.00000      1.16100     0.931790      0.00000
      0.00000      1.16200     0.931790      0.00000
      0.00000      1.16300     0.932170      0.00000
      0.00000      1.16400     0.932170      0.00000
      0.00000      1.16500     0.932170      0.00000
      0.00000      1.16600     0.932170      0.00000
      0.00000      1.16700     0.932170      0.00000
      0.00000      1.16800     0.932550      0.00000
      0.00000      1.16900     0.932550      0.00000
      0.00000      1.17000     0.932550      0.00000
      0.00000      1.17100     0.932550      0.00000
      0.00000      1.17200     0.932550      0.00000
      0.00000      1.17300     0.932940      0.00000
      0.00000      1.17400     0.932940      0.00000
      0.00000      1.17500     0.932940      0.00000
      0.00000      1.17600     0.932940      0.00000
      0.00000      1.17700     0.932940      0.00000
      0.00000      1.17800     0.933320      0.00000
      0.00000      1.17900     0.933320      0.00000
      0.00000      1.18000     0.933320      0.00000
      0.00000      1.18100     0.933320      0.00000
      0.00000      1.18200     0.933320      0.00000
      0.00000      1.18300     0.933700      0.00000
      0.00000      1.18400     0.933700      0.00000
      0.00000      1.18500     0.933700      0.00000
      0.00000      1.18600     0.933700      0.00000
      0.00000      1.18700     0.933700      0.00000
      0.00000      1.18800     0.934080      0.00000
      0.00000      1.18900     0.934080      0.00000
      0.00000      1.19000     0.934080      0.00000
      0.00000      1.19100     0.934080      0.00000
      0.00000      1.19200     0.934080      0.00000
      0.00000      1.19300     0.934470      0.00000
      0.00000      1.19400     0.934470      0.00000
      0.00000      1.19500     0.934470      0.00000
      0.00000      1.19600     0.934470      0.00000
      0.00000      1.19700     0.934470      0.00000
      0.00000      1.19800     0.934470      0.00000
      0.00000      1.19900     0.934850      0.00000
      0.00000      1.20000     0.934850      0.00000
