0.50   1.4623264864
0.51   1.46178861738
0.52   1.46128040778
0.53   1.46079945777
0.54   1.46034360282
0.55   1.45991088622
0.56   1.45949953542
0.57   1.45910794139
0.58   1.45873464069
0.59   1.45837829982
0.60   1.45803770148
0.61   1.45771173252
0.62   1.45739937338
0.63   1.45709968869
0.64   1.456811819
0.65   1.45653497346
0.66   1.45626842332
0.67   1.45601149607
0.68   1.45576357034
0.69   1.45552407121
0.70   1.45529246611
0.71   1.4550682611
0.72   1.45485099751
0.73   1.45464024896
0.74   1.45443561865
0.75   1.4542367369
0.76   1.45404325894
0.77   1.45385486293
0.78   1.45367124811
0.79   1.45349213317
0.80   1.45331725474
0.81   1.45314636604
0.82   1.45297923559
0.83   1.45281564614
0.84   1.45265539357
0.85   1.45249828595
0.86   1.4523441427
0.87   1.45219279376
0.88   1.45204407884
0.89   1.45189784678
0.90   1.45175395493
0.91   1.45161226854
0.92   1.45147266025
0.93   1.45133500963
0.94   1.45119920267
0.95   1.45106513144
0.96   1.45093269363
0.97   1.45080179225
0.98   1.45067233526
0.99   1.45054423529
1.00   1.45041740933
1.01   1.45029177851
1.02   1.45016726779
1.03   1.45004380579
1.04   1.44992132453
1.05   1.44979975926
1.06   1.44967904827
1.07   1.4495591327
1.08   1.44943995641
1.09   1.4493214658
1.10   1.44920360966
1.11   1.44908633908
1.12   1.44896960729
1.13   1.44885336957
1.14   1.44873758309
1.15   1.44862220688
1.16   1.44850720168
1.17   1.44839252987
1.18   1.44827815538
1.19   1.44816404362
1.20   1.44805016139
1.21   1.44793647683
1.22   1.44782295932
1.23   1.44770957945
1.24   1.44759630894
1.25   1.44748312062
1.26   1.44736998831
1.27   1.44725688684
1.28   1.44714379196
1.29   1.44703068032
1.30   1.4469175294
1.31   1.44680431751
1.32   1.44669102371
1.33   1.4465776278
1.34   1.44646411029
1.35   1.44635045234
1.36   1.44623663578
1.37   1.44612264301
1.38   1.44600845703
1.39   1.44589406142
1.40   1.44577944025
1.41   1.44566457812
1.42   1.44554946012
1.43   1.4454340718
1.44   1.44531839915
1.45   1.4452024286
1.46   1.44508614697
1.47   1.44496954149
1.48   1.44485259974
1.49   1.44473530969
1.50   1.44461765961
1.51   1.44449963815
1.52   1.44438123424
1.53   1.44426243712
1.54   1.44414323633
1.55   1.44402362167
1.56   1.44390358323
1.57   1.44378311134
1.58   1.44366219658
1.59   1.44354082976
1.60   1.44341900194
1.61   1.44329670436
1.62   1.44317392851
1.63   1.44305066604
1.64   1.44292690883
1.65   1.44280264892
1.66   1.44267787853
1.67   1.44255259007
1.68   1.44242677609
1.69   1.44230042931
1.70   1.44217354261
1.71   1.442046109
1.72   1.44191812163
1.73   1.4417895738
1.74   1.44166045893
1.75   1.44153077056
1.76   1.44140050237
1.77   1.44126964812
1.78   1.44113820172
1.79   1.44100615715
1.80   1.44087350852
1.81   1.44074025003
1.82   1.44060637596
1.83   1.44047188071
1.84   1.44033675874
1.85   1.44020100461
1.86   1.44006461296
1.87   1.43992757849
1.88   1.439789896
1.89   1.43965156035
1.90   1.43951256646
1.91   1.43937290932
1.92   1.43923258401
1.93   1.43909158563
1.94   1.43894990936
1.95   1.43880755044
1.96   1.43866450415
1.97   1.43852076583
1.98   1.43837633088
1.99   1.43823119473
2.00   1.43808535286
2.01   1.43793880079
2.02   1.43779153409
2.03   1.43764354837
2.04   1.43749483928
2.05   1.4373454025
2.06   1.43719523373
2.07   1.43704432874
2.08   1.4368926833
2.09   1.43674029323
2.10   1.43658715437
2.11   1.43643326258
2.12   1.43627861376
2.13   1.43612320382
2.14   1.43596702872
2.15   1.43581008441
2.16   1.43565236688
2.17   1.43549387214
2.18   1.43533459622
2.19   1.43517453514
2.20   1.43501368498
2.21   1.4348520418
2.22   1.4346896017
2.23   1.43452636078
2.24   1.43436231516
2.25   1.43419746095
2.26   1.4340317943
2.27   1.43386531136
2.28   1.43369800828
2.29   1.43352988123
2.30   1.43336092638
2.31   1.43319113991
2.32   1.433020518
2.33   1.43284905684
2.34   1.43267675263
2.35   1.43250360157
2.36   1.43232959984
2.37   1.43215474367
2.38   1.43197902925
2.39   1.43180245279
2.40   1.43162501048
2.41   1.43144669855
2.42   1.43126751318
2.43   1.43108745059
2.44   1.43090650696
2.45   1.43072467851
2.46   1.43054196142
2.47   1.43035835189
2.48   1.43017384609
2.49   1.4299884402
2.50   1.42980213042
2.51   1.42961491289
2.52   1.42942678378
2.53   1.42923773925
2.54   1.42904777545
2.55   1.42885688851
2.56   1.42866507456
2.57   1.42847232973
2.58   1.42827865013
2.59   1.42808403186
2.60   1.427888471
2.61   1.42769196366
2.62   1.42749450588
2.63   1.42729609373
2.64   1.42709672326
2.65   1.4268963905
2.66   1.42669509147
2.67   1.42649282218
2.68   1.42628957861
2.69   1.42608535676
2.70   1.42588015258
2.71   1.42567396202
2.72   1.42546678102
2.73   1.4252586055
2.74   1.42504943136
2.75   1.42483925448
2.76   1.42462807074
2.77   1.42441587598
2.78   1.42420266605
2.79   1.42398843675
2.80   1.42377318389
2.81   1.42355690325
2.82   1.42333959059
2.83   1.42312124164
2.84   1.42290185214
2.85   1.42268141778
2.86   1.42245993424
2.87   1.42223739719
2.88   1.42201380226
2.89   1.42178914507
2.90   1.42156342122
2.91   1.42133662629
2.92   1.42110875582
2.93   1.42087980534
2.94   1.42064977037
2.95   1.42041864637
2.96   1.42018642882
2.97   1.41995311314
2.98   1.41971869475
2.99   1.41948316903
3.00   1.41924653135
3.01   1.41900877703
3.02   1.41876990139
3.03   1.41852989971
3.04   1.41828876724
3.05   1.41804649922
3.06   1.41780309085
3.07   1.41755853731
3.08   1.41731283374
3.09   1.41706597525
3.10   1.41681795696
3.11   1.4165687739
3.12   1.41631842113
3.13   1.41606689364
3.14   1.41581418641
3.15   1.41556029437
3.16   1.41530521245
3.17   1.41504893553
3.18   1.41479145846
3.19   1.41453277606
3.20   1.41427288311
3.21   1.41401177438
3.22   1.41374944459
3.23   1.41348588843
3.24   1.41322110055
3.25   1.41295507558
3.26   1.41268780812
3.27   1.41241929271
3.28   1.41214952389
3.29   1.41187849612
3.30   1.41160620388
3.31   1.41133264157
3.32   1.41105780357
3.33   1.41078168422
3.34   1.41050427784
3.35   1.41022557869
3.36   1.409945581
3.37   1.40966427897
3.38   1.40938166675
3.39   1.40909773846
3.40   1.40881248818
3.41   1.40852590995
3.42   1.40823799776
3.43   1.40794874558
3.44   1.40765814731
3.45   1.40736619685
3.46   1.40707288802
3.47   1.40677821462
3.48   1.4064821704
3.49   1.40618474907
3.50   1.4058859443
3.51   1.40558574971
3.52   1.40528415887
3.53   1.40498116533
3.54   1.40467676257
3.55   1.40437094404
3.56   1.40406370314
3.57   1.40375503322
3.58   1.40344492759
3.59   1.40313337951
3.60   1.40282038219
3.61   1.4025059288
3.62   1.40219001245
3.63   1.40187262622
3.64   1.40155376313
3.65   1.40123341613
3.66   1.40091157816
3.67   1.40058824208
3.68   1.40026340071
3.69   1.39993704683
3.70   1.39960917313
3.71   1.39927977229
3.72   1.39894883691
3.73   1.39861635956
3.74   1.39828233273
3.75   1.39794674887
3.76   1.39760960037
3.77   1.39727087958
3.78   1.39693057876
3.79   1.39658869016
3.80   1.39624520592
3.81   1.39590011818
3.82   1.39555341896
3.83   1.39520510028
3.84   1.39485515406
3.85   1.39450357217
3.86   1.39415034643
3.87   1.39379546859
3.88   1.39343893035
3.89   1.39308072332
3.90   1.39272083908
3.91   1.39235926913
3.92   1.3919960049
3.93   1.39163103777
3.94   1.39126435905
3.95   1.39089595998
3.96   1.39052583173
3.97   1.39015396542
3.98   1.38978035209
3.99   1.3894049827
4.00   1.38902784816
4.01   1.38864893931
4.02   1.38826824691
4.03   1.38788576164
4.04   1.38750147414
4.05   1.38711537494
4.06   1.38672745453
4.07   1.38633770329
4.08   1.38594611157
4.09   1.3855526696
4.10   1.38515736756
4.11   1.38476019556
4.12   1.3843611436
4.13   1.38396020163
4.14   1.38355735952
4.15   1.38315260704
4.16   1.38274593389
4.17   1.38233732969
4.18   1.38192678399
4.19   1.38151428623
4.20   1.38109982579
4.21   1.38068339194
4.22   1.38026497389
4.23   1.37984456076
4.24   1.37942214156
4.25   1.37899770523
4.26   1.37857124062
4.27   1.37814273649
4.28   1.37771218151
4.29   1.37727956424
4.30   1.37684487317
4.31   1.37640809669
4.32   1.37596922309
4.33   1.37552824056
4.34   1.37508513721
4.35   1.37463990104
4.36   1.37419251995
4.37   1.37374298174
4.38   1.37329127413
4.39   1.3728373847
4.40   1.37238130096
4.41   1.37192301031
4.42   1.37146250002
4.43   1.37099975729
4.44   1.3705347692
4.45   1.37006752269
4.46   1.36959800465
4.47   1.3691262018
4.48   1.3686521008
4.49   1.36817568815
4.50   1.36769695027
4.51   1.36721587346
4.52   1.36673244388
4.53   1.36624664759
4.54   1.36575847054
4.55   1.36526789855
4.56   1.3647749173
4.57   1.36427951237
4.58   1.36378166922
4.59   1.36328137317
4.60   1.3627786094
4.61   1.36227336301
4.62   1.36176561891
4.63   1.36125536192
4.64   1.36074257671
4.65   1.36022724782
4.66   1.35970935967
4.67   1.35918889651
4.68   1.35866584247
4.69   1.35814018156
4.70   1.3576118976
4.71   1.35708097431
4.72   1.35654739525
4.73   1.35601114383
4.74   1.35547220332
4.75   1.35493055683
4.76   1.35438618733
4.77   1.35383907762
4.78   1.35328921037
4.79   1.35273656807
4.80   1.35218113306
4.81   1.35162288754
4.82   1.3510618135
4.83   1.35049789283
4.84   1.34993110719
4.85   1.34936143812
4.86   1.34878886696
4.87   1.34821337491
4.88   1.34763494296
4.89   1.34705355196
4.90   1.34646918255
4.91   1.34588181521
4.92   1.34529143025
4.93   1.34469800776
4.94   1.34410152767
4.95   1.34350196972
4.96   1.34289931346
4.97   1.34229353824
4.98   1.34168462322
4.99   1.34107254736
5.00   1.34045728943
5.01   1.33983882798
5.02   1.33921714138
5.03   1.33859220777
5.04   1.3379640051
5.05   1.33733251109
5.06   1.33669770326
5.07   1.3360595589
5.08   1.33541805511
5.09   1.33477316873
5.10   1.33412487639
5.11   1.33347315451
5.12   1.33281797925
5.13   1.33215932656
5.14   1.33149717214
5.15   1.33083149145
5.16   1.33016225973
5.17   1.32948945195
5.18   1.32881304284
5.19   1.32813300688
5.20   1.32744931829
5.21   1.32676195106
5.22   1.32607087887
5.23   1.32537607518
5.24   1.32467751317
5.25   1.32397516573
5.26   1.3232690055
5.27   1.32255900484
5.28   1.32184513581
5.29   1.3211273702
5.30   1.32040567952
5.31   1.31968003496
5.32   1.31895040745
5.33   1.31821676758
5.34   1.31747908567
5.35   1.31673733171
5.36   1.3159914754
5.37   1.31524148611
5.38   1.31448733288
5.39   1.31372898444
5.40   1.31296640919
5.41   1.3121995752
5.42   1.31142845019
5.43   1.31065300156
5.44   1.30987319633
5.45   1.3090890012
5.46   1.30830038249
5.47   1.30750730619
5.48   1.3067097379
5.49   1.30590764284
5.50   1.30510098588
5.51   1.30428973151
5.52   1.3034738438
5.53   1.30265328646
5.54   1.3018280228
5.55   1.30099801571
5.56   1.3001632277
5.57   1.29932362083
5.58   1.29847915677
5.59   1.29762979675
5.60   1.29677550158