# device segmentation data
# 
# (a): device name
# (b): number of amplifiers
# (c): pixels x
# (d): pixels y
#  
# (1): amplifier name
# (2-5): x low, x high, y low, y high (pixels)
# (6): serialread
# (7): parallelread
# (8-9): gain, % variation (electrons/ADU)
# (10-11): bias level, % variation (V)
# (12-13): readnoise , % variation (electrons)
# (14-15): dark current, % variation (electrons/s)
# (16-19): parallel prescan, serial overscan, serial prescan, parallel overscan (pixel)
# (20): hot pixel rate per readout
# (21): hot column rate per readout
# (22): bits per pixel
# (23-35): crosstalk matrix
# 
# (a)    (b)       (c)          (d)
# (1)    (2)   (3)      (4) (5)   (6)(7)(8 9)     (10 11)    (12 13)   (14 15)       (16-19)           (20)(21)    (22) (23-)
B1	   4	    2048         2048
B1_1     0   2039     0     511   -1 1  2.01 20.0 1000.0 9.0 16.65 0.7 0.0022 68.2   0.0 0.0 0.0 0.0   0.0005  0.0 16   1.0 0.0 0.0 0.0
B1_2     0   2039     512   1023  -1 1  2.01 20.0 1000.0 9.0 16.65 0.7 0.0022 68.2   0.0 0.0 0.0 0.0   0.0006  0.0 16   0.0 1.0 0.0 0.0
B1_3     0   2039     1024  1535  -1 1  2.01 20.0 1000.0 9.0 16.65 0.7 0.0022 68.2   0.0 0.0 0.0 0.0   0.0005  0.0 16   0.0 0.0 1.0 0.0
B1_4     0   2039     1536  2047  -1 1  2.01 20.0 1000.0 9.0 16.65 0.7 0.0022 68.2   0.0 0.0 0.0 0.0   0.0006  0.0 16   0.0 0.0 0.0 1.0
B2	   4	    2048         2048
B2_1     0   2039     0     511   -1 1  2.14 20.0 1000.0 9.0 18.06 1.2 0.0008 187.5  0.0 0.0 0.0 0.0   0.00004 0.0 16   1.0 0.0 0.0 0.0
B2_2     0   2039     512   1023  -1 1  2.14 20.0 1000.0 9.0 18.06 1.2 0.0008 187.5  0.0 0.0 0.0 0.0   0.00005 0.0 16   0.0 1.0 0.0 0.0
B2_3     0   2039     1024  1535  -1 1  2.14 20.0 1000.0 9.0 18.06 1.2 0.0008 187.5  0.0 0.0 0.0 0.0   0.00005 0.0 16   0.0 0.0 1.0 0.0
B2_4     0   2039     1536  2047  -1 1  2.14 20.0 1000.0 9.0 18.06 1.2 0.0008 187.5  0.0 0.0 0.0 0.0   0.00003 0.0 16   0.0 0.0 0.0 1.0
B3	   4	    2048         2048
B3_1     0   2039     0     511   -1 1  1.94 20.0 1000.0 9.0 16.76 0.8 0.0017 82.4   0.0 0.0 0.0 0.0   0.0002  0.0 16   1.0 0.0 0.0 0.0
B3_2     0   2039     512   1023  -1 1  1.94 20.0 1000.0 9.0 16.76 0.8 0.0017 82.4   0.0 0.0 0.0 0.0   0.0002  0.0 16   0.0 1.0 0.0 0.0
B3_3     0   2039     1024  1535  -1 1  1.94 20.0 1000.0 9.0 16.76 0.8 0.0017 82.4   0.0 0.0 0.0 0.0   0.0002  0.0 16   0.0 0.0 1.0 0.0
B3_4     0   2039     1536  2047  -1 1  1.94 20.0 1000.0 9.0 16.76 0.8 0.0017 82.4   0.0 0.0 0.0 0.0   0.0002  0.0 16   0.0 0.0 0.0 1.0
B4	   4	    2048         2048
B4_1     0   2039     0     511   -1 1  2.03 20.0 1000.0 9.0 17.70 2.2 0.0011 160.4  0.0 0.0 0.0 0.0   0.00005 0.0 16   1.0 0.0 0.0 0.0
B4_2     0   2039     512   1023  -1 1  2.03 20.0 1000.0 9.0 17.70 2.2 0.0011 160.4  0.0 0.0 0.0 0.0   0.00007 0.0 16   0.0 1.0 0.0 0.0
B4_3     0   2039     1024  1535  -1 1  2.03 20.0 1000.0 9.0 17.70 2.2 0.0011 160.4  0.0 0.0 0.0 0.0   0.00007 0.0 16   0.0 0.0 1.0 0.0
B4_4     0   2039     1536  2047  -1 1  2.03 20.0 1000.0 9.0 17.70 2.2 0.0011 160.4  0.0 0.0 0.0 0.0   0.00006 0.0 16   0.0 0.0 0.0 1.0