#r2
0.0000	0.300000	0.000000	1.000000
0.0000	0.500190	0.009700	0.990300
0.0000	0.500610	0.009800	0.990200
0.0000	0.501030	0.009700	0.990300
0.0000	0.501440	0.009400	0.990600
0.0000	0.501860	0.009500	0.990500
0.0000	0.502280	0.010000	0.990000
0.0000	0.502700	0.009800	0.990200
0.0000	0.503110	0.009400	0.990600
0.0000	0.503530	0.009700	0.990300
0.0000	0.503950	0.009800	0.990200
0.0000	0.504370	0.010000	0.990000
0.0000	0.504790	0.009900	0.990100
0.0000	0.505210	0.009700	0.990300
0.0000	0.505620	0.009600	0.990400
0.0000	0.506040	0.009400	0.990600
0.0000	0.506460	0.009900	0.990100
0.0000	0.506880	0.009900	0.990100
0.0000	0.507300	0.009500	0.990500
0.0000	0.507720	0.009800	0.990200
0.0000	0.508140	0.009700	0.990300
0.0000	0.508550	0.009700	0.990300
0.0000	0.508970	0.009600	0.990400
0.0000	0.509390	0.009900	0.990100
0.0000	0.509810	0.009500	0.990500
0.0000	0.510230	0.010000	0.990000
0.0000	0.510650	0.009800	0.990200
0.0000	0.511070	0.010000	0.990000
0.0000	0.511490	0.010000	0.990000
0.0000	0.511900	0.010100	0.989900
0.0000	0.512320	0.010000	0.990000
0.0000	0.512740	0.009600	0.990400
0.0000	0.513160	0.009800	0.990200
0.0000	0.513580	0.010100	0.989900
0.0000	0.514000	0.010200	0.989800
0.0000	0.514420	0.010100	0.989900
0.0000	0.514840	0.010100	0.989900
0.0000	0.515260	0.010000	0.990000
0.0000	0.515680	0.009900	0.990100
0.0000	0.516100	0.009800	0.990200
0.0000	0.516520	0.010300	0.989700
0.0000	0.516940	0.010200	0.989800
0.0000	0.517360	0.010700	0.989300
0.0000	0.517770	0.010300	0.989700
0.0000	0.518190	0.010100	0.989900
0.0000	0.518610	0.010100	0.989900
0.0000	0.519030	0.009800	0.990200
0.0000	0.519450	0.010000	0.990000
0.0000	0.519870	0.010300	0.989700
0.0000	0.520290	0.009900	0.990100
0.0000	0.520710	0.010500	0.989500
0.0000	0.521130	0.010200	0.989800
0.0000	0.521550	0.010000	0.990000
0.0000	0.521970	0.010300	0.989700
0.0000	0.522390	0.010300	0.989700
0.0000	0.522810	0.010300	0.989700
0.0000	0.523230	0.010400	0.989600
0.0000	0.523650	0.010500	0.989500
0.0000	0.524070	0.010500	0.989500
0.0000	0.524490	0.010600	0.989400
0.0000	0.524910	0.010800	0.989200
0.0000	0.525330	0.010500	0.989500
0.0000	0.525760	0.010800	0.989200
0.0000	0.526180	0.010500	0.989500
0.0000	0.526600	0.010600	0.989400
0.0000	0.527020	0.010900	0.989100
0.0000	0.527440	0.011200	0.988800
0.0000	0.527860	0.011300	0.988700
0.0000	0.528280	0.011400	0.988600
0.0000	0.528700	0.011700	0.988300
0.0000	0.529120	0.011800	0.988200
0.0000	0.529540	0.011600	0.988400
0.0000	0.529960	0.012400	0.987600
0.0000	0.530380	0.012400	0.987600
0.0000	0.530800	0.012700	0.987300
0.0000	0.531220	0.013000	0.987000
0.0000	0.531650	0.013200	0.986800
0.0000	0.532070	0.014400	0.985600
0.0000	0.532490	0.014700	0.985300
0.0000	0.532910	0.015400	0.984600
0.0000	0.533330	0.015800	0.984200
0.0000	0.533750	0.017000	0.983000
0.0000	0.534170	0.017600	0.982400
0.0000	0.534590	0.018200	0.981800
0.0000	0.535020	0.019600	0.980400
0.0000	0.535440	0.020800	0.979200
0.0000	0.535860	0.021600	0.978400
0.0000	0.536280	0.023100	0.976900
0.0000	0.536700	0.024300	0.975700
0.0000	0.537120	0.026200	0.973800
0.0000	0.537540	0.028100	0.971900
0.0000	0.537970	0.030700	0.969300
0.0000	0.538390	0.033400	0.966600
0.0000	0.538810	0.036600	0.963400
0.0000	0.539230	0.041100	0.958900
0.0000	0.539650	0.046000	0.954000
0.0000	0.540080	0.052000	0.948000
0.0000	0.540500	0.059100	0.940900
0.0000	0.540920	0.068200	0.931800
0.0000	0.541340	0.078000	0.922000
0.0000	0.541760	0.089800	0.910200
0.0000	0.542190	0.103500	0.896500
0.0000	0.542610	0.118300	0.881700
0.0000	0.543030	0.135500	0.864500
0.0000	0.543450	0.154900	0.845100
0.0000	0.543870	0.175400	0.824600
0.0000	0.544300	0.199100	0.800900
0.0000	0.544720	0.224400	0.775600
0.0000	0.545140	0.253000	0.747000
0.0000	0.545560	0.284200	0.715800
0.0000	0.545990	0.318700	0.681300
0.0000	0.546410	0.356000	0.644000
0.0000	0.546830	0.397000	0.603000
0.0000	0.547250	0.441700	0.558300
0.0000	0.547680	0.489100	0.510900
0.0000	0.548100	0.538000	0.462000
0.0000	0.548520	0.589300	0.410700
0.0000	0.548940	0.639800	0.360200
0.0000	0.549370	0.689300	0.310700
0.0000	0.549790	0.736600	0.263400
0.0000	0.550210	0.781200	0.218800
0.0000	0.550640	0.820100	0.179900
0.0000	0.551060	0.853700	0.146300
0.0000	0.551480	0.881700	0.118300
0.0000	0.551910	0.904200	0.095800
0.0000	0.552330	0.921400	0.078600
0.0000	0.552750	0.934200	0.065800
0.0000	0.553170	0.943400	0.056600
0.0000	0.553600	0.949200	0.050800
0.0000	0.554020	0.954300	0.045700
0.0000	0.554440	0.958900	0.041100
0.0000	0.554870	0.961700	0.038300
0.0000	0.555290	0.964100	0.035900
0.0000	0.555710	0.965600	0.034400
0.0000	0.556140	0.966700	0.033300
0.0000	0.556560	0.968400	0.031600
0.0000	0.556990	0.968300	0.031700
0.0000	0.557410	0.967400	0.032600
0.0000	0.557830	0.969700	0.030300
0.0000	0.558260	0.969800	0.030200
0.0000	0.558680	0.970500	0.029500
0.0000	0.559100	0.970400	0.029600
0.0000	0.559530	0.970500	0.029500
0.0000	0.559950	0.970100	0.029900
0.0000	0.560380	0.970300	0.029700
0.0000	0.560800	0.971000	0.029000
0.0000	0.561220	0.971800	0.028200
0.0000	0.561650	0.972500	0.027500
0.0000	0.562070	0.972200	0.027800
0.0000	0.562500	0.973300	0.026700
0.0000	0.562920	0.973300	0.026700
0.0000	0.563340	0.972900	0.027100
0.0000	0.563770	0.973800	0.026200
0.0000	0.564190	0.973400	0.026600
0.0000	0.564620	0.973000	0.027000
0.0000	0.565040	0.973400	0.026600
0.0000	0.565470	0.973100	0.026900
0.0000	0.565890	0.972500	0.027500
0.0000	0.566310	0.972300	0.027700
0.0000	0.566740	0.972500	0.027500
0.0000	0.567160	0.972400	0.027600
0.0000	0.567590	0.971300	0.028700
0.0000	0.568010	0.971300	0.028700
0.0000	0.568440	0.970600	0.029400
0.0000	0.568860	0.970500	0.029500
0.0000	0.569290	0.970300	0.029700
0.0000	0.569710	0.969800	0.030200
0.0000	0.570140	0.970900	0.029100
0.0000	0.570560	0.970000	0.030000
0.0000	0.570990	0.970800	0.029200
0.0000	0.571410	0.971000	0.029000
0.0000	0.571840	0.971600	0.028400
0.0000	0.572260	0.972100	0.027900
0.0000	0.572690	0.972500	0.027500
0.0000	0.573110	0.973100	0.026900
0.0000	0.573540	0.973900	0.026100
0.0000	0.573960	0.974900	0.025100
0.0000	0.574390	0.975300	0.024700
0.0000	0.574810	0.975600	0.024400
0.0000	0.575240	0.975700	0.024300
0.0000	0.575660	0.976300	0.023700
0.0000	0.576090	0.975900	0.024100
0.0000	0.576520	0.976400	0.023600
0.0000	0.576940	0.976400	0.023600
0.0000	0.577370	0.975800	0.024200
0.0000	0.577790	0.976200	0.023800
0.0000	0.578220	0.975300	0.024700
0.0000	0.578640	0.975600	0.024400
0.0000	0.579070	0.975600	0.024400
0.0000	0.579490	0.976000	0.024000
0.0000	0.579920	0.975200	0.024800
0.0000	0.580350	0.975700	0.024300
0.0000	0.580770	0.975300	0.024700
0.0000	0.581200	0.975000	0.025000
0.0000	0.581620	0.976000	0.024000
0.0000	0.582050	0.975800	0.024200
0.0000	0.582480	0.976300	0.023700
0.0000	0.582900	0.977000	0.023000
0.0000	0.583330	0.976900	0.023100
0.0000	0.583750	0.976800	0.023200
0.0000	0.584180	0.977400	0.022600
0.0000	0.584610	0.977000	0.023000
0.0000	0.585030	0.977300	0.022700
0.0000	0.585460	0.976700	0.023300
0.0000	0.585890	0.976300	0.023700
0.0000	0.586310	0.974900	0.025100
0.0000	0.586740	0.975600	0.024400
0.0000	0.587170	0.975700	0.024300
0.0000	0.587590	0.974500	0.025500
0.0000	0.588020	0.974900	0.025100
0.0000	0.588450	0.975000	0.025000
0.0000	0.588870	0.975200	0.024800
0.0000	0.589300	0.974100	0.025900
0.0000	0.589730	0.974600	0.025400
0.0000	0.590150	0.974800	0.025200
0.0000	0.590580	0.974500	0.025500
0.0000	0.591010	0.975100	0.024900
0.0000	0.591430	0.975500	0.024500
0.0000	0.591860	0.975500	0.024500
0.0000	0.592290	0.975500	0.024500
0.0000	0.592710	0.975800	0.024200
0.0000	0.593140	0.975700	0.024300
0.0000	0.593570	0.975800	0.024200
0.0000	0.594000	0.975900	0.024100
0.0000	0.594420	0.976100	0.023900
0.0000	0.594850	0.974900	0.025100
0.0000	0.595280	0.975200	0.024800
0.0000	0.595700	0.975100	0.024900
0.0000	0.596130	0.974600	0.025400
0.0000	0.596560	0.974400	0.025600
0.0000	0.596990	0.974500	0.025500
0.0000	0.597410	0.974500	0.025500
0.0000	0.597840	0.974100	0.025900
0.0000	0.598270	0.974200	0.025800
0.0000	0.598700	0.974800	0.025200
0.0000	0.599130	0.974200	0.025800
0.0000	0.599550	0.974400	0.025600
0.0000	0.599980	0.974800	0.025200
0.0000	0.600410	0.975400	0.024600
0.0000	0.600840	0.976300	0.023700
0.0000	0.601260	0.975800	0.024200
0.0000	0.601690	0.976800	0.023200
0.0000	0.602120	0.976600	0.023400
0.0000	0.602550	0.976600	0.023400
0.0000	0.602980	0.975900	0.024100
0.0000	0.603400	0.975700	0.024300
0.0000	0.603830	0.974800	0.025200
0.0000	0.604260	0.975700	0.024300
0.0000	0.604690	0.974100	0.025900
0.0000	0.605120	0.973700	0.026300
0.0000	0.605540	0.974200	0.025800
0.0000	0.605970	0.973000	0.027000
0.0000	0.606400	0.973100	0.026900
0.0000	0.606830	0.972900	0.027100
0.0000	0.607260	0.973300	0.026700
0.0000	0.607690	0.973200	0.026800
0.0000	0.608120	0.973200	0.026800
0.0000	0.608540	0.974100	0.025900
0.0000	0.608970	0.974600	0.025400
0.0000	0.609400	0.975500	0.024500
0.0000	0.609830	0.975700	0.024300
0.0000	0.610260	0.976000	0.024000
0.0000	0.610690	0.976400	0.023600
0.0000	0.611120	0.976500	0.023500
0.0000	0.611540	0.976800	0.023200
0.0000	0.611970	0.976300	0.023700
0.0000	0.612400	0.975700	0.024300
0.0000	0.612830	0.976300	0.023700
0.0000	0.613260	0.975500	0.024500
0.0000	0.613690	0.975300	0.024700
0.0000	0.614120	0.975100	0.024900
0.0000	0.614550	0.974400	0.025600
0.0000	0.614980	0.974800	0.025200
0.0000	0.615410	0.974800	0.025200
0.0000	0.615840	0.974600	0.025400
0.0000	0.616260	0.974800	0.025200
0.0000	0.616690	0.975100	0.024900
0.0000	0.617120	0.975700	0.024300
0.0000	0.617550	0.976400	0.023600
0.0000	0.617980	0.977600	0.022400
0.0000	0.618410	0.977300	0.022700
0.0000	0.618840	0.977600	0.022400
0.0000	0.619270	0.977700	0.022300
0.0000	0.619700	0.978100	0.021900
0.0000	0.620130	0.977500	0.022500
0.0000	0.620560	0.978700	0.021300
0.0000	0.620990	0.978000	0.022000
0.0000	0.621420	0.977000	0.023000
0.0000	0.621850	0.977700	0.022300
0.0000	0.622280	0.977300	0.022700
0.0000	0.622710	0.976700	0.023300
0.0000	0.623140	0.976800	0.023200
0.0000	0.623570	0.976600	0.023400
0.0000	0.624000	0.977700	0.022300
0.0000	0.624430	0.977800	0.022200
0.0000	0.624860	0.976500	0.023500
0.0000	0.625290	0.977400	0.022600
0.0000	0.625720	0.977000	0.023000
0.0000	0.626150	0.976900	0.023100
0.0000	0.626580	0.977700	0.022300
0.0000	0.627010	0.976400	0.023600
0.0000	0.627440	0.976700	0.023300
0.0000	0.627870	0.975900	0.024100
0.0000	0.628300	0.976500	0.023500
0.0000	0.628730	0.975900	0.024100
0.0000	0.629160	0.975000	0.025000
0.0000	0.629590	0.975500	0.024500
0.0000	0.630020	0.974800	0.025200
0.0000	0.630450	0.975100	0.024900
0.0000	0.630880	0.975500	0.024500
0.0000	0.631310	0.975400	0.024600
0.0000	0.631740	0.976800	0.023200
0.0000	0.632170	0.975900	0.024100
0.0000	0.632610	0.976100	0.023900
0.0000	0.633040	0.976400	0.023600
0.0000	0.633470	0.976700	0.023300
0.0000	0.633900	0.976400	0.023600
0.0000	0.634330	0.976700	0.023300
0.0000	0.634760	0.976600	0.023400
0.0000	0.635190	0.976700	0.023300
0.0000	0.635620	0.975000	0.025000
0.0000	0.636050	0.975600	0.024400
0.0000	0.636480	0.974600	0.025400
0.0000	0.636920	0.974500	0.025500
0.0000	0.637350	0.975000	0.025000
0.0000	0.637780	0.974100	0.025900
0.0000	0.638210	0.974300	0.025700
0.0000	0.638640	0.974000	0.026000
0.0000	0.639070	0.974400	0.025600
0.0000	0.639500	0.975400	0.024600
0.0000	0.639930	0.975100	0.024900
0.0000	0.640370	0.974900	0.025100
0.0000	0.640800	0.975700	0.024300
0.0000	0.641230	0.976800	0.023200
0.0000	0.641660	0.977000	0.023000
0.0000	0.642090	0.977000	0.023000
0.0000	0.642520	0.977000	0.023000
0.0000	0.642960	0.977200	0.022800
0.0000	0.643390	0.976500	0.023500
0.0000	0.643820	0.977100	0.022900
0.0000	0.644250	0.976300	0.023700
0.0000	0.644680	0.976300	0.023700
0.0000	0.645110	0.976600	0.023400
0.0000	0.645550	0.976400	0.023600
0.0000	0.645980	0.976300	0.023700
0.0000	0.646410	0.976500	0.023500
0.0000	0.646840	0.976300	0.023700
0.0000	0.647270	0.976100	0.023900
0.0000	0.647710	0.976700	0.023300
0.0000	0.648140	0.977500	0.022500
0.0000	0.648570	0.977000	0.023000
0.0000	0.649000	0.977900	0.022100
0.0000	0.649440	0.978500	0.021500
0.0000	0.649870	0.978900	0.021100
0.0000	0.650300	0.979000	0.021000
0.0000	0.650730	0.978900	0.021100
0.0000	0.651160	0.979600	0.020400
0.0000	0.651600	0.979700	0.020300
0.0000	0.652030	0.979500	0.020500
0.0000	0.652460	0.980700	0.019300
0.0000	0.652890	0.980000	0.020000
0.0000	0.653330	0.980300	0.019700
0.0000	0.653760	0.980100	0.019900
0.0000	0.654190	0.981100	0.018900
0.0000	0.654630	0.980500	0.019500
0.0000	0.655060	0.980400	0.019600
0.0000	0.655490	0.980600	0.019400
0.0000	0.655920	0.979900	0.020100
0.0000	0.656360	0.980700	0.019300
0.0000	0.656790	0.980000	0.020000
0.0000	0.657220	0.979600	0.020400
0.0000	0.657660	0.979600	0.020400
0.0000	0.658090	0.979500	0.020500
0.0000	0.658520	0.979300	0.020700
0.0000	0.658950	0.979000	0.021000
0.0000	0.659390	0.978700	0.021300
0.0000	0.659820	0.979700	0.020300
0.0000	0.660250	0.979300	0.020700
0.0000	0.660690	0.980000	0.020000
0.0000	0.661120	0.979300	0.020700
0.0000	0.661550	0.980000	0.020000
0.0000	0.661990	0.978900	0.021100
0.0000	0.662420	0.979800	0.020200
0.0000	0.662850	0.980000	0.020000
0.0000	0.663290	0.979900	0.020100
0.0000	0.663720	0.980400	0.019600
0.0000	0.664150	0.980500	0.019500
0.0000	0.664590	0.979900	0.020100
0.0000	0.665020	0.979700	0.020300
0.0000	0.665460	0.980000	0.020000
0.0000	0.665890	0.979000	0.021000
0.0000	0.666320	0.979600	0.020400
0.0000	0.666760	0.979000	0.021000
0.0000	0.667190	0.977800	0.022200
0.0000	0.667620	0.977500	0.022500
0.0000	0.668060	0.977800	0.022200
0.0000	0.668490	0.976700	0.023300
0.0000	0.668930	0.977400	0.022600
0.0000	0.669360	0.977400	0.022600
0.0000	0.669790	0.977000	0.023000
0.0000	0.670230	0.976800	0.023200
0.0000	0.670660	0.978100	0.021900
0.0000	0.671100	0.977600	0.022400
0.0000	0.671530	0.978400	0.021600
0.0000	0.671960	0.978800	0.021200
0.0000	0.672400	0.978500	0.021500
0.0000	0.672830	0.979000	0.021000
0.0000	0.673270	0.978800	0.021200
0.0000	0.673700	0.979400	0.020600
0.0000	0.674140	0.978600	0.021400
0.0000	0.674570	0.979000	0.021000
0.0000	0.675000	0.978300	0.021700
0.0000	0.675440	0.978400	0.021600
0.0000	0.675870	0.978400	0.021600
0.0000	0.676310	0.978500	0.021500
0.0000	0.676740	0.978000	0.022000
0.0000	0.677180	0.978300	0.021700
0.0000	0.677610	0.979100	0.020900
0.0000	0.678050	0.978600	0.021400
0.0000	0.678480	0.978700	0.021300
0.0000	0.678920	0.979100	0.020900
0.0000	0.679350	0.980100	0.019900
0.0000	0.679790	0.979200	0.020800
0.0000	0.680220	0.979700	0.020300
0.0000	0.680660	0.980100	0.019900
0.0000	0.681090	0.979900	0.020100
0.0000	0.681530	0.979600	0.020400
0.0000	0.681960	0.979800	0.020200
0.0000	0.682400	0.979500	0.020500
0.0000	0.682830	0.979000	0.021000
0.0000	0.683270	0.978900	0.021100
0.0000	0.683700	0.980000	0.020000
0.0000	0.684140	0.979800	0.020200
0.0000	0.684570	0.979800	0.020200
0.0000	0.685010	0.979500	0.020500
0.0000	0.685440	0.979700	0.020300
0.0000	0.685880	0.979500	0.020500
0.0000	0.686310	0.979800	0.020200
0.0000	0.686750	0.979600	0.020400
0.0000	0.687180	0.980000	0.020000
0.0000	0.687620	0.979100	0.020900
0.0000	0.688060	0.979000	0.021000
0.0000	0.688490	0.977600	0.022400
0.0000	0.688930	0.977200	0.022800
0.0000	0.689360	0.975100	0.024900
0.0000	0.689800	0.972300	0.027700
0.0000	0.690230	0.968100	0.031900
0.0000	0.690670	0.963600	0.036400
0.0000	0.691110	0.956100	0.043900
0.0000	0.691540	0.946700	0.053300
0.0000	0.691980	0.935500	0.064500
0.0000	0.692410	0.922000	0.078000
0.0000	0.692850	0.905200	0.094800
0.0000	0.693290	0.885500	0.114500
0.0000	0.693720	0.863700	0.136300
0.0000	0.694160	0.838600	0.161400
0.0000	0.694590	0.810400	0.189600
0.0000	0.695030	0.780200	0.219800
0.0000	0.695470	0.746700	0.253300
0.0000	0.695900	0.713400	0.286600
0.0000	0.696340	0.677400	0.322600
0.0000	0.696770	0.641100	0.358900
0.0000	0.697210	0.604200	0.395800
0.0000	0.697650	0.567000	0.433000
0.0000	0.698080	0.529800	0.470200
0.0000	0.698520	0.492900	0.507100
0.0000	0.698960	0.457000	0.543000
0.0000	0.699390	0.420900	0.579100
0.0000	0.699830	0.385900	0.614100
0.0000	0.700270	0.351500	0.648500
0.0000	0.700700	0.317700	0.682300
0.0000	0.701140	0.284600	0.715400
0.0000	0.701580	0.253800	0.746200
0.0000	0.702010	0.224100	0.775900
0.0000	0.702450	0.196300	0.803700
0.0000	0.702890	0.171300	0.828700
0.0000	0.703320	0.148600	0.851400
0.0000	0.703760	0.128600	0.871400
0.0000	0.704200	0.111500	0.888500
0.0000	0.704630	0.097000	0.903000
0.0000	0.705070	0.084900	0.915100
0.0000	0.705510	0.074800	0.925200
0.0000	0.705940	0.066600	0.933400
0.0000	0.706380	0.059200	0.940800
0.0000	0.706820	0.053400	0.946600
0.0000	0.707260	0.048400	0.951600
0.0000	0.707690	0.044100	0.955900
0.0000	0.708130	0.040700	0.959300
0.0000	0.708570	0.037800	0.962200
0.0000	0.709000	0.034900	0.965100
0.0000	0.709440	0.032900	0.967100
0.0000	0.709880	0.030700	0.969300
0.0000	0.710320	0.028900	0.971100
0.0000	0.710750	0.027300	0.972700
0.0000	0.711190	0.025800	0.974200
0.0000	0.711630	0.024400	0.975600
0.0000	0.712070	0.023000	0.977000
0.0000	0.712500	0.021900	0.978100
0.0000	0.712940	0.021100	0.978900
0.0000	0.713380	0.019700	0.980300
0.0000	0.713820	0.018700	0.981300
0.0000	0.714250	0.017800	0.982200
0.0000	0.714690	0.016800	0.983200
0.0000	0.715130	0.016100	0.983900
0.0000	0.715570	0.015300	0.984700
0.0000	0.716010	0.014700	0.985300
0.0000	0.716440	0.013800	0.986200
0.0000	0.716880	0.013100	0.986900
0.0000	0.717320	0.012900	0.987100
0.0000	0.717760	0.012100	0.987900
0.0000	0.718200	0.011900	0.988100
0.0000	0.718630	0.011500	0.988500
0.0000	0.719070	0.011000	0.989000
0.0000	0.719510	0.010800	0.989200
0.0000	0.719950	0.010500	0.989500
0.0000	0.720390	0.010300	0.989700
0.0000	0.720820	0.010200	0.989800
0.0000	0.721260	0.010000	0.990000
0.0000	0.721700	0.009800	0.990200
0.0000	0.722140	0.009600	0.990400
0.0000	0.722580	0.009400	0.990600
0.0000	0.723020	0.009100	0.990900
0.0000	0.723450	0.008900	0.991100
0.0000	0.723890	0.008900	0.991100
0.0000	0.724330	0.008800	0.991200
0.0000	0.724770	0.008800	0.991200
0.0000	0.725210	0.008600	0.991400
0.0000	0.725650	0.008600	0.991400
0.0000	0.726080	0.008500	0.991500
0.0000	0.726520	0.008400	0.991600
0.0000	0.726960	0.008200	0.991800
0.0000	0.727400	0.008200	0.991800
0.0000	0.727840	0.008100	0.991900
0.0000	0.728280	0.008000	0.992000
0.0000	0.728720	0.007700	0.992300
0.0000	0.729160	0.007800	0.992200
0.0000	0.729600	0.007800	0.992200
0.0000	0.730030	0.007400	0.992600
0.0000	0.730470	0.007500	0.992500
0.0000	0.730910	0.007300	0.992700
0.0000	0.731350	0.007400	0.992600
0.0000	0.731790	0.007300	0.992700
0.0000	0.732230	0.007400	0.992600
0.0000	0.732670	0.007200	0.992800
0.0000	0.733110	0.007200	0.992800
0.0000	0.733550	0.007200	0.992800
0.0000	0.733990	0.007100	0.992900
0.0000	0.734420	0.007000	0.993000
0.0000	0.734860	0.007000	0.993000
0.0000	0.735300	0.007000	0.993000
0.0000	0.735740	0.007000	0.993000
0.0000	0.736180	0.006900	0.993100
0.0000	0.736620	0.006800	0.993200
0.0000	0.737060	0.006900	0.993100
0.0000	0.737500	0.006800	0.993200
0.0000	0.737940	0.006700	0.993300
0.0000	0.738380	0.006800	0.993200
0.0000	0.738820	0.006700	0.993300
0.0000	0.739260	0.006500	0.993500
0.0000	0.739700	0.006600	0.993400
0.0000	0.740140	0.006600	0.993400
0.0000	0.740580	0.006500	0.993500
0.0000	0.741020	0.006600	0.993400
0.0000	0.741460	0.006500	0.993500
0.0000	0.741900	0.006400	0.993600
0.0000	0.742340	0.006500	0.993500
0.0000	0.742780	0.006400	0.993600
0.0000	0.743220	0.006600	0.993400
0.0000	0.743660	0.006400	0.993600
0.0000	0.744100	0.006500	0.993500
0.0000	0.744540	0.006200	0.993800
0.0000	0.744980	0.006200	0.993800
0.0000	0.745420	0.006300	0.993700
0.0000	0.745860	0.006200	0.993800
0.0000	0.746300	0.006300	0.993700
0.0000	0.746740	0.006300	0.993700
0.0000	0.747180	0.006300	0.993700
0.0000	0.747620	0.006300	0.993700
0.0000	0.748060	0.006100	0.993900
0.0000	0.748500	0.006200	0.993800
0.0000	0.748940	0.006100	0.993900
0.0000	0.749380	0.006200	0.993800
0.0000	0.749820	0.006000	0.994000
0.0000	1.200000	0.000000	1.000000