      0.00000     0.300000     0.000000     1.000000
      0.00000     0.567580     0.000000     1.000000
      0.00000     0.568600     0.000000     1.000000
      0.00000     0.569610     0.000020     0.999980
      0.00000     0.570630     0.000080     0.999920
      0.00000     0.571650     0.000230     0.999770
      0.00000     0.572670     0.000600     0.999400
      0.00000     0.573680     0.001390     0.998610
      0.00000     0.574700     0.002920     0.997080
      0.00000     0.575720     0.005700     0.994300
      0.00000     0.576730     0.010350     0.989650
      0.00000     0.577750     0.017630     0.982370
      0.00000     0.578770     0.028390     0.971610
      0.00000     0.579790     0.043410     0.956590
      0.00000     0.580800     0.063220     0.936780
      0.00000     0.581820     0.088230     0.911770
      0.00000     0.582840     0.118590     0.881410
      0.00000     0.583850     0.154040     0.845960
      0.00000     0.584870     0.194040     0.805960
      0.00000     0.585890     0.237710     0.762290
      0.00000     0.586910     0.284060     0.715940
      0.00000     0.587920     0.331940     0.668060
      0.00000     0.588940     0.380190     0.619810
      0.00000     0.589960     0.427640     0.572360
      0.00000     0.590970     0.473100     0.526900
      0.00000     0.591990     0.515870     0.484130
      0.00000     0.593010     0.555720     0.444280
      0.00000     0.594030     0.592390     0.407610
      0.00000     0.595040     0.625650     0.374350
      0.00000     0.596060     0.655550     0.344450
      0.00000     0.597080     0.682500     0.317500
      0.00000     0.598100     0.706820     0.293180
      0.00000     0.599110     0.728540     0.271460
      0.00000     0.600130     0.747670     0.252330
      0.00000     0.601150     0.764650     0.235350
      0.00000     0.602160     0.779940     0.220060
      0.00000     0.603180     0.793650     0.206350
      0.00000     0.604200     0.805950     0.194050
      0.00000     0.605220     0.817200     0.182800
      0.00000     0.606230     0.827780     0.172220
      0.00000     0.607250     0.837910     0.162090
      0.00000     0.608270     0.847630     0.152370
      0.00000     0.609280     0.857080     0.142920
      0.00000     0.610300     0.866220     0.133780
      0.00000     0.611320     0.874830     0.125170
      0.00000     0.612340     0.882810     0.117190
      0.00000     0.613350     0.889910     0.110090
      0.00000     0.614370     0.896110     0.103890
      0.00000     0.615390     0.901320     0.098680
      0.00000     0.616400     0.905450     0.094550
      0.00000     0.617420     0.909120     0.090880
      0.00000     0.618440     0.912430     0.087570
      0.00000     0.619460     0.915180     0.084820
      0.00000     0.620470     0.917590     0.082410
      0.00000     0.621490     0.919570     0.080430
      0.00000     0.622510     0.921230     0.078770
      0.00000     0.623520     0.922680     0.077320
      0.00000     0.624540     0.923650     0.076350
      0.00000     0.625560     0.924270     0.075730
      0.00000     0.626580     0.924710     0.075290
      0.00000     0.627590     0.925400     0.074600
      0.00000     0.628610     0.926810     0.073190
      0.00000     0.629630     0.928530     0.071470
      0.00000     0.630650     0.930400     0.069600
      0.00000     0.631660     0.932380     0.067620
      0.00000     0.632680     0.934320     0.065680
      0.00000     0.633700     0.936130     0.063870
      0.00000     0.634710     0.937330     0.062670
      0.00000     0.635730     0.937700     0.062300
      0.00000     0.636750     0.937940     0.062060
      0.00000     0.637770     0.938410     0.061590
      0.00000     0.638780     0.938900     0.061100
      0.00000     0.639800     0.939540     0.060460
      0.00000     0.640820     0.940550     0.059450
      0.00000     0.641830     0.942000     0.058000
      0.00000     0.642850     0.943790     0.056210
      0.00000     0.643870     0.945270     0.054730
      0.00000     0.644890     0.946120     0.053880
      0.00000     0.645900     0.946630     0.053370
      0.00000     0.646920     0.946800     0.053200
      0.00000     0.647940     0.946390     0.053610
      0.00000     0.648950     0.945290     0.054710
      0.00000     0.649970     0.943380     0.056620
      0.00000     0.650990     0.941160     0.058840
      0.00000     0.652010     0.938840     0.061160
      0.00000     0.653020     0.936160     0.063840
      0.00000     0.654040     0.933310     0.066690
      0.00000     0.655060     0.930190     0.069810
      0.00000     0.656070     0.926820     0.073180
      0.00000     0.657090     0.923480     0.076520
      0.00000     0.658110     0.920230     0.079770
      0.00000     0.659130     0.917170     0.082830
      0.00000     0.660140     0.914610     0.085390
      0.00000     0.661160     0.912550     0.087450
      0.00000     0.662180     0.911460     0.088540
      0.00000     0.663200     0.911770     0.088230
      0.00000     0.664210     0.913390     0.086610
      0.00000     0.665230     0.916140     0.083860
      0.00000     0.666250     0.919720     0.080280
      0.00000     0.667260     0.923610     0.076390
      0.00000     0.668280     0.927460     0.072540
      0.00000     0.669300     0.931190     0.068810
      0.00000     0.670320     0.934300     0.065700
      0.00000     0.671330     0.936510     0.063490
      0.00000     0.672350     0.937570     0.062430
      0.00000     0.673370     0.937080     0.062920
      0.00000     0.674380     0.935070     0.064930
      0.00000     0.675400     0.932100     0.067900
      0.00000     0.676420     0.927890     0.072110
      0.00000     0.677440     0.922690     0.077310
      0.00000     0.678450     0.916890     0.083110
      0.00000     0.679470     0.910750     0.089250
      0.00000     0.680490     0.905430     0.094570
      0.00000     0.681500     0.901490     0.098510
      0.00000     0.682520     0.898540     0.101460
      0.00000     0.683540     0.896610     0.103390
      0.00000     0.684560     0.896050     0.103950
      0.00000     0.685570     0.896930     0.103070
      0.00000     0.686590     0.899370     0.100630
      0.00000     0.687610     0.902880     0.097120
      0.00000     0.688620     0.907100     0.092900
      0.00000     0.689640     0.911590     0.088410
      0.00000     0.690660     0.915840     0.084160
      0.00000     0.691680     0.918470     0.081530
      0.00000     0.692690     0.918810     0.081190
      0.00000     0.693710     0.915700     0.084300
      0.00000     0.694730     0.908830     0.091170
      0.00000     0.695750     0.898070     0.101930
      0.00000     0.696760     0.882300     0.117700
      0.00000     0.697780     0.861790     0.138210
      0.00000     0.698800     0.837470     0.162530
      0.00000     0.699810     0.809360     0.190640
      0.00000     0.700830     0.777600     0.222400
      0.00000     0.701850     0.743830     0.256170
      0.00000     0.702870     0.708110     0.291890
      0.00000     0.703880     0.670210     0.329790
      0.00000     0.704900     0.630630     0.369370
      0.00000     0.705920     0.589290     0.410710
      0.00000     0.706930     0.546400     0.453600
      0.00000     0.707950     0.503070     0.496930
      0.00000     0.708970     0.459410     0.540590
      0.00000     0.709990     0.414950     0.585050
      0.00000     0.711000     0.370350     0.629650
      0.00000     0.712020     0.326930     0.673070
      0.00000     0.713040     0.285800     0.714200
      0.00000     0.714050     0.247430     0.752570
      0.00000     0.715070     0.212160     0.787840
      0.00000     0.716090     0.180340     0.819660
      0.00000     0.717110     0.152210     0.847790
      0.00000     0.718120     0.127970     0.872030
      0.00000     0.719140     0.107510     0.892490
      0.00000     0.720160     0.090280     0.909720
      0.00000     0.721170     0.075700     0.924300
      0.00000     0.722190     0.063610     0.936390
      0.00000     0.723210     0.053720     0.946280
      0.00000     0.724230     0.045570     0.954430
      0.00000     0.725240     0.038860     0.961140
      0.00000     0.726260     0.033310     0.966690
      0.00000     0.727280     0.028690     0.971310
      0.00000     0.728300     0.024870     0.975130
      0.00000     0.729310     0.021720     0.978280
      0.00000     0.730330     0.019100     0.980900
      0.00000     0.731350     0.016900     0.983100
      0.00000     0.732360     0.015050     0.984950
      0.00000     0.733380     0.013390     0.986610
      0.00000     0.734400     0.011990     0.988010
      0.00000     0.735420     0.010800     0.989200
      0.00000     0.736430     0.009780     0.990220
      0.00000     0.737450     0.008930     0.991070
      0.00000     0.738470     0.008170     0.991830
      0.00000     0.739480     0.007440     0.992560
      0.00000     0.740500     0.006770     0.993230
      0.00000     0.741520     0.006220     0.993780
      0.00000     0.742540     0.005750     0.994250
      0.00000     0.743550     0.005340     0.994660
      0.00000     0.744570     0.004950     0.995050
      0.00000     0.745590     0.004480     0.995520
      0.00000     0.746600     0.004060     0.995940
      0.00000     0.747620     0.003650     0.996350
      0.00000     0.748640     0.003350     0.996650
      0.00000     0.749660     0.003150     0.996850
      0.00000     0.750670     0.002910     0.997090
      0.00000     0.751690     0.002650     0.997350
      0.00000     0.752710     0.002350     0.997650
      0.00000     0.753720     0.002100     0.997900
      0.00000     0.754740     0.001900     0.998100
      0.00000     0.755760     0.001730     0.998270
      0.00000     0.756780     0.001500     0.998500
      0.00000     0.757790     0.001220     0.998780
      0.00000     0.758810     0.001070     0.998930
      0.00000     0.759830     0.000970     0.999030
      0.00000     0.760850     0.000890     0.999110
      0.00000     0.761860     0.000760     0.999240
      0.00000     0.762880     0.000620     0.999380
      0.00000     0.763900     0.000500     0.999500
      0.00000     0.764910     0.000440     0.999560
      0.00000     0.765930     0.000420     0.999580
      0.00000     0.766950     0.000320     0.999680
      0.00000     0.767970     0.000190     0.999810
      0.00000     0.768980     0.000070     0.999930
      0.00000     0.770000     0.000000     1.000000
      0.00000     1.200000     0.000000     1.000000
