      0.00000     0.300000     0.894000     0.106000
      0.00000     0.305000     0.897600     0.102400
      0.00000     0.310000     0.899200     0.100800
      0.00000     0.315000     0.902000     0.098000
      0.00000     0.320000     0.902800     0.097200
      0.00000     0.325000     0.904000     0.096000
      0.00000     0.330000     0.903700     0.096300
      0.00000     0.335000     0.903000     0.097000
      0.00000     0.340000     0.903400     0.096600
      0.00000     0.345000     0.904800     0.095200
      0.00000     0.350000     0.906700     0.093300
      0.00000     0.355000     0.908100     0.091900
      0.00000     0.360000     0.908600     0.091400
      0.00000     0.365000     0.907700     0.092300
      0.00000     0.370000     0.907700     0.092300
      0.00000     0.375000     0.908500     0.091500
      0.00000     0.380000     0.907900     0.092100
      0.00000     0.385000     0.908900     0.091100
      0.00000     0.390000     0.908500     0.091500
      0.00000     0.395000     0.909900     0.090100
      0.00000     0.400000     0.910400     0.089600
      0.00000     0.405000     0.910100     0.089900
      0.00000     0.410000     0.910000     0.090000
      0.00000     0.415000     0.909800     0.090200
      0.00000     0.420000     0.909100     0.090900
      0.00000     0.425000     0.909400     0.090600
      0.00000     0.430000     0.909800     0.090200
      0.00000     0.435000     0.909900     0.090100
      0.00000     0.440000     0.909900     0.090100
      0.00000     0.445000     0.909800     0.090200
      0.00000     0.450000     0.909600     0.090400
      0.00000     0.455000     0.909600     0.090400
      0.00000     0.460000     0.909200     0.090800
      0.00000     0.465000     0.909300     0.090700
      0.00000     0.470000     0.909300     0.090700
      0.00000     0.475000     0.909300     0.090700
      0.00000     0.480000     0.908700     0.091300
      0.00000     0.485000     0.908400     0.091600
      0.00000     0.490000     0.907800     0.092200
      0.00000     0.495000     0.907400     0.092600
      0.00000     0.500000     0.907200     0.092800
      0.00000     0.505000     0.907100     0.092900
      0.00000     0.510000     0.907000     0.093000
      0.00000     0.515000     0.907000     0.093000
      0.00000     0.520000     0.906700     0.093300
      0.00000     0.525000     0.906200     0.093800
      0.00000     0.530000     0.906100     0.093900
      0.00000     0.535000     0.905800     0.094200
      0.00000     0.540000     0.905400     0.094600
      0.00000     0.545000     0.905400     0.094600
      0.00000     0.550000     0.904700     0.095300
      0.00000     0.555000     0.904300     0.095700
      0.00000     0.560000     0.903900     0.096100
      0.00000     0.565000     0.903400     0.096600
      0.00000     0.570000     0.903100     0.096900
      0.00000     0.575000     0.902600     0.097400
      0.00000     0.580000     0.902400     0.097600
      0.00000     0.585000     0.901800     0.098200
      0.00000     0.590000     0.901400     0.098600
      0.00000     0.595000     0.900600     0.099400
      0.00000     0.600000     0.900300     0.099700
      0.00000     0.605000     0.899700     0.100300
      0.00000     0.610000     0.899300     0.100700
      0.00000     0.615000     0.899000     0.101000
      0.00000     0.620000     0.898200     0.101800
      0.00000     0.625000     0.897700     0.102300
      0.00000     0.630000     0.897100     0.102900
      0.00000     0.635000     0.896300     0.103700
      0.00000     0.640000     0.895600     0.104400
      0.00000     0.645000     0.894800     0.105200
      0.00000     0.650000     0.894200     0.105800
      0.00000     0.655000     0.893000     0.107000
      0.00000     0.660000     0.892200     0.107800
      0.00000     0.665000     0.891500     0.108500
      0.00000     0.670000     0.890600     0.109400
      0.00000     0.675000     0.889600     0.110400
      0.00000     0.680000     0.888800     0.111200
      0.00000     0.685000     0.887900     0.112100
      0.00000     0.690000     0.886900     0.113100
      0.00000     0.695000     0.885600     0.114400
      0.00000     0.700000     0.884500     0.115500
      0.00000     0.705000     0.883200     0.116800
      0.00000     0.710000     0.882000     0.118000
      0.00000     0.715000     0.880700     0.119300
      0.00000     0.720000     0.879500     0.120500
      0.00000     0.725000     0.878200     0.121800
      0.00000     0.730000     0.877100     0.122900
      0.00000     0.735000     0.876500     0.123500
      0.00000     0.740000     0.874600     0.125400
      0.00000     0.745000     0.873400     0.126600
      0.00000     0.750000     0.871900     0.128100
      0.00000     0.755000     0.869800     0.130200
      0.00000     0.760000     0.868000     0.132000
      0.00000     0.765000     0.866000     0.134000
      0.00000     0.770000     0.864400     0.135600
      0.00000     0.775000     0.863400     0.136600
      0.00000     0.780000     0.861100     0.138900
      0.00000     0.785000     0.859500     0.140500
      0.00000     0.790000     0.857300     0.142700
      0.00000     0.795000     0.855500     0.144500
      0.00000     0.800000     0.854400     0.145600
      0.00000     0.805000     0.853400     0.146600
      0.00000     0.810000     0.852900     0.147100
      0.00000     0.815000     0.853300     0.146700
      0.00000     0.820000     0.853000     0.147000
      0.00000     0.825000     0.852400     0.147600
      0.00000     0.830000     0.852500     0.147500
      0.00000     0.835000     0.854200     0.145800
      0.00000     0.840000     0.857500     0.142500
      0.00000     0.845000     0.862800     0.137200
      0.00000     0.850000     0.867500     0.132500
      0.00000     0.855000     0.873200     0.126800
      0.00000     0.860000     0.878000     0.122000
      0.00000     0.865000     0.882100     0.117900
      0.00000     0.870000     0.885300     0.114700
      0.00000     0.875000     0.887000     0.113000
      0.00000     0.880000     0.889500     0.110500
      0.00000     0.885000     0.892900     0.107100
      0.00000     0.890000     0.896100     0.103900
      0.00000     0.895000     0.899500     0.100500
      0.00000     0.900000     0.902400     0.097600
      0.00000     0.905000     0.905200     0.094800
      0.00000     0.910000     0.907900     0.092100
      0.00000     0.915000     0.910700     0.089300
      0.00000     0.920000     0.913200     0.086800
      0.00000     0.925000     0.915700     0.084300
      0.00000     0.930000     0.918500     0.081500
      0.00000     0.935000     0.921000     0.079000
      0.00000     0.940000     0.923600     0.076400
      0.00000     0.945000     0.925400     0.074600
      0.00000     0.950000     0.927100     0.072900
      0.00000     0.955000     0.928500     0.071500
      0.00000     0.960000     0.929900     0.070100
      0.00000     0.965000     0.931500     0.068500
      0.00000     0.970000     0.932900     0.067100
      0.00000     0.975000     0.934300     0.065700
      0.00000     0.980000     0.935500     0.064500
      0.00000     0.985000     0.936900     0.063100
      0.00000     0.990000     0.938000     0.062000
      0.00000     0.995000     0.939000     0.061000
      0.00000     1.000000     0.940000     0.060000
      0.00000     1.005000     0.941000     0.059000
      0.00000     1.010000     0.942200     0.057800
      0.00000     1.015000     0.942900     0.057100
      0.00000     1.020000     0.943800     0.056200
      0.00000     1.025000     0.944600     0.055400
      0.00000     1.030000     0.945400     0.054600
      0.00000     1.035000     0.946200     0.053800
      0.00000     1.040000     0.947000     0.053000
      0.00000     1.045000     0.947800     0.052200
      0.00000     1.050000     0.948500     0.051500
      0.00000     1.055000     0.949100     0.050900
      0.00000     1.060000     0.949700     0.050300
      0.00000     1.065000     0.950300     0.049700
      0.00000     1.070000     0.951100     0.048900
      0.00000     1.075000     0.951700     0.048300
      0.00000     1.080000     0.952300     0.047700
      0.00000     1.085000     0.952700     0.047300
      0.00000     1.090000     0.953200     0.046800
      0.00000     1.095000     0.953800     0.046200
      0.00000     1.100000     0.954200     0.045800
      0.00000     1.105000     0.954700     0.045300
      0.00000     1.110000     0.955300     0.044700
      0.00000     1.115000     0.955700     0.044300
      0.00000     1.120000     0.956100     0.043900
      0.00000     1.125000     0.956500     0.043500
      0.00000     1.130000     0.956800     0.043200
      0.00000     1.135000     0.957100     0.042900
      0.00000     1.140000     0.957500     0.042500
      0.00000     1.145000     0.958000     0.042000
      0.00000     1.150000     0.958400     0.041600
      0.00000     1.155000     0.958700     0.041300
      0.00000     1.160000     0.959100     0.040900
      0.00000     1.165000     0.959400     0.040600
      0.00000     1.170000     0.959600     0.040400
      0.00000     1.175000     0.959900     0.040100
      0.00000     1.180000     0.960300     0.039700
      0.00000     1.185000     0.960500     0.039500
      0.00000     1.190000     0.960600     0.039400
      0.00000     1.195000     0.960800     0.039200
      0.00000     1.200000     0.961000     0.039000
      0.00000     1.205000     0.961300     0.038700
      0.00000     1.210000     0.961500     0.038500
      0.00000     1.215000     0.961800     0.038200
      0.00000     1.220000     0.962100     0.037900
      0.00000     1.225000     0.962400     0.037600
      0.00000     1.230000     0.962700     0.037300
      0.00000     1.235000     0.962900     0.037100
      0.00000     1.240000     0.963100     0.036900
      0.00000     1.245000     0.963400     0.036600
      0.00000     1.250000     0.963700     0.036300
      0.00000     1.255000     0.963900     0.036100
      0.00000     1.260000     0.963900     0.036100
      0.00000     1.265000     0.964200     0.035800
      0.00000     1.270000     0.964400     0.035600
      0.00000     1.275000     0.964500     0.035500
      0.00000     1.280000     0.964600     0.035400
      0.00000     1.285000     0.964700     0.035300
      0.00000     1.290000     0.965000     0.035000
      0.00000     1.295000     0.965300     0.034700
      0.00000     1.300000     0.965400     0.034600
      0.00000     1.305000     0.965500     0.034500
      0.00000     1.310000     0.965700     0.034300
      0.00000     1.315000     0.965500     0.034500
      0.00000     1.320000     0.965400     0.034600
      0.00000     1.325000     0.965300     0.034700
      0.00000     1.330000     0.965300     0.034700
      0.00000     1.335000     0.965600     0.034400
      0.00000     1.340000     0.966300     0.033700
      0.00000     1.345000     0.966800     0.033200
      0.00000     1.350000     0.967300     0.032700
      0.00000     1.355000     0.967500     0.032500
      0.00000     1.360000     0.967700     0.032300
      0.00000     1.365000     0.967800     0.032200
      0.00000     1.370000     0.967800     0.032200
      0.00000     1.375000     0.968000     0.032000
      0.00000     1.380000     0.968600     0.031400
      0.00000     1.385000     0.969000     0.031000
      0.00000     1.390000     0.969300     0.030700
      0.00000     1.395000     0.969600     0.030400
      0.00000     1.400000     0.969700     0.030300
      0.00000     1.405000     0.969600     0.030400
      0.00000     1.410000     0.969600     0.030400
      0.00000     1.415000     0.969400     0.030600
      0.00000     1.420000     0.969300     0.030700
      0.00000     1.425000     0.969300     0.030700
      0.00000     1.430000     0.969400     0.030600
      0.00000     1.435000     0.969500     0.030500
      0.00000     1.440000     0.969400     0.030600
      0.00000     1.445000     0.969300     0.030700
      0.00000     1.450000     0.969400     0.030600
      0.00000     1.455000     0.969300     0.030700
      0.00000     1.460000     0.969400     0.030600
      0.00000     1.465000     0.969500     0.030500
      0.00000     1.470000     0.969700     0.030300
      0.00000     1.475000     0.970000     0.030000
      0.00000     1.480000     0.970200     0.029800
      0.00000     1.485000     0.970400     0.029600
      0.00000     1.490000     0.970200     0.029800
      0.00000     1.495000     0.970300     0.029700
      0.00000     1.500000     0.970500     0.029500
      0.00000     1.505000     0.970600     0.029400
      0.00000     1.510000     0.970800     0.029200
      0.00000     1.515000     0.970900     0.029100
      0.00000     1.520000     0.970800     0.029200
      0.00000     1.525000     0.970500     0.029500
      0.00000     1.530000     0.970200     0.029800
      0.00000     1.535000     0.970000     0.030000
      0.00000     1.540000     0.969700     0.030300
      0.00000     1.545000     0.969800     0.030200
      0.00000     1.550000     0.969900     0.030100
      0.00000     1.555000     0.970200     0.029800
      0.00000     1.560000     0.970300     0.029700
      0.00000     1.565000     0.970400     0.029600
      0.00000     1.570000     0.970400     0.029600
      0.00000     1.575000     0.970300     0.029700
      0.00000     1.580000     0.970200     0.029800
      0.00000     1.585000     0.970200     0.029800
      0.00000     1.590000     0.970200     0.029800
      0.00000     1.595000     0.970300     0.029700
      0.00000     1.600000     0.970400     0.029600
      0.00000     1.605000     0.970600     0.029400
      0.00000     1.610000     0.970600     0.029400
      0.00000     1.615000     0.970800     0.029200
      0.00000     1.620000     0.970800     0.029200
      0.00000     1.625000     0.970700     0.029300
      0.00000     1.630000     0.970800     0.029200
      0.00000     1.635000     0.970800     0.029200
      0.00000     1.640000     0.970900     0.029100
      0.00000     1.645000     0.971100     0.028900
      0.00000     1.650000     0.971100     0.028900
      0.00000     1.655000     0.971100     0.028900
      0.00000     1.660000     0.971100     0.028900
      0.00000     1.665000     0.971200     0.028800
      0.00000     1.670000     0.971300     0.028700
      0.00000     1.675000     0.971400     0.028600
      0.00000     1.680000     0.971500     0.028500
      0.00000     1.685000     0.971500     0.028500
      0.00000     1.690000     0.971600     0.028400
      0.00000     1.695000     0.971600     0.028400
      0.00000     1.700000     0.971400     0.028600
      0.00000     1.705000     0.971400     0.028600
      0.00000     1.710000     0.971300     0.028700
      0.00000     1.715000     0.971300     0.028700
      0.00000     1.720000     0.971400     0.028600
      0.00000     1.725000     0.971400     0.028600
      0.00000     1.730000     0.971400     0.028600
      0.00000     1.735000     0.971600     0.028400
      0.00000     1.740000     0.971700     0.028300
      0.00000     1.745000     0.971800     0.028200
      0.00000     1.750000     0.971900     0.028100
      0.00000     1.755000     0.972000     0.028000
      0.00000     1.760000     0.972000     0.028000
      0.00000     1.765000     0.972000     0.028000
      0.00000     1.770000     0.971900     0.028100
      0.00000     1.775000     0.971900     0.028100
      0.00000     1.780000     0.971900     0.028100
      0.00000     1.785000     0.972000     0.028000
      0.00000     1.790000     0.972000     0.028000
      0.00000     1.795000     0.972000     0.028000
      0.00000     1.800000     0.971900     0.028100
      0.00000     1.805000     0.971800     0.028200
      0.00000     1.810000     0.971800     0.028200
      0.00000     1.815000     0.971700     0.028300
      0.00000     1.820000     0.971400     0.028600
      0.00000     1.825000     0.971500     0.028500
      0.00000     1.830000     0.971600     0.028400
      0.00000     1.835000     0.971700     0.028300
      0.00000     1.840000     0.971800     0.028200
      0.00000     1.845000     0.971900     0.028100
      0.00000     1.850000     0.972100     0.027900
      0.00000     1.855000     0.972400     0.027600
      0.00000     1.860000     0.972600     0.027400
      0.00000     1.865000     0.972600     0.027400
      0.00000     1.870000     0.972500     0.027500
      0.00000     1.875000     0.972600     0.027400
      0.00000     1.880000     0.972600     0.027400
      0.00000     1.885000     0.972600     0.027400
      0.00000     1.890000     0.972600     0.027400
      0.00000     1.895000     0.972400     0.027600
      0.00000     1.900000     0.972400     0.027600
      0.00000     1.905000     0.972600     0.027400
      0.00000     1.910000     0.972800     0.027200
      0.00000     1.915000     0.973100     0.026900
      0.00000     1.920000     0.973500     0.026500
      0.00000     1.925000     0.973800     0.026200
      0.00000     1.930000     0.974100     0.025900
      0.00000     1.935000     0.974200     0.025800
      0.00000     1.940000     0.974100     0.025900
      0.00000     1.945000     0.973700     0.026300
      0.00000     1.950000     0.973200     0.026800
      0.00000     1.955000     0.972900     0.027100
      0.00000     1.960000     0.973100     0.026900
      0.00000     1.965000     0.972900     0.027100
      0.00000     1.970000     0.972800     0.027200
      0.00000     1.975000     0.972800     0.027200
      0.00000     1.980000     0.972800     0.027200
      0.00000     1.985000     0.972900     0.027100
      0.00000     1.990000     0.973200     0.026800
      0.00000     1.995000     0.973100     0.026900
      0.00000     2.000000     0.972900     0.027100
      0.00000     2.005000     0.972800     0.027200
      0.00000     2.010000     0.972900     0.027100
      0.00000     2.015000     0.973000     0.027000
      0.00000     2.020000     0.973200     0.026800
      0.00000     2.025000     0.973200     0.026800
      0.00000     2.030000     0.973300     0.026700
      0.00000     2.035000     0.973500     0.026500
      0.00000     2.040000     0.973400     0.026600
      0.00000     2.045000     0.973400     0.026600
      0.00000     2.050000     0.973100     0.026900
      0.00000     2.055000     0.973000     0.027000
      0.00000     2.060000     0.972800     0.027200
      0.00000     2.065000     0.972800     0.027200
      0.00000     2.070000     0.973100     0.026900
      0.00000     2.075000     0.973500     0.026500
      0.00000     2.080000     0.973500     0.026500
      0.00000     2.085000     0.973600     0.026400
      0.00000     2.090000     0.973700     0.026300
      0.00000     2.095000     0.973700     0.026300
      0.00000     2.100000     0.973300     0.026700
      0.00000     2.105000     0.973200     0.026800
      0.00000     2.110000     0.973300     0.026700
      0.00000     2.115000     0.973600     0.026400
      0.00000     2.120000     0.973800     0.026200
      0.00000     2.125000     0.974400     0.025600
      0.00000     2.130000     0.974600     0.025400
      0.00000     2.135000     0.974300     0.025700
      0.00000     2.140000     0.974100     0.025900
      0.00000     2.145000     0.973700     0.026300
      0.00000     2.150000     0.973500     0.026500
      0.00000     2.155000     0.973600     0.026400
      0.00000     2.160000     0.973900     0.026100
      0.00000     2.165000     0.974800     0.025200
      0.00000     2.170000     0.975300     0.024700
      0.00000     2.175000     0.975800     0.024200
      0.00000     2.180000     0.976100     0.023900
      0.00000     2.185000     0.975900     0.024100
      0.00000     2.190000     0.975300     0.024700
      0.00000     2.195000     0.974500     0.025500
      0.00000     2.200000     0.974000     0.026000
      0.00000     2.205000     0.973400     0.026600
      0.00000     2.210000     0.973000     0.027000
      0.00000     2.215000     0.973100     0.026900
      0.00000     2.220000     0.973100     0.026900
      0.00000     2.225000     0.973400     0.026600
      0.00000     2.230000     0.973500     0.026500
      0.00000     2.235000     0.973600     0.026400
      0.00000     2.240000     0.973400     0.026600
      0.00000     2.245000     0.973100     0.026900
      0.00000     2.250000     0.972800     0.027200
      0.00000     2.255000     0.972600     0.027400
      0.00000     2.260000     0.972600     0.027400
      0.00000     2.265000     0.972100     0.027900
      0.00000     2.270000     0.972500     0.027500
      0.00000     2.275000     0.972200     0.027800
      0.00000     2.280000     0.972100     0.027900
      0.00000     2.285000     0.972500     0.027500
      0.00000     2.290000     0.972400     0.027600
      0.00000     2.295000     0.972900     0.027100
      0.00000     2.300000     0.973200     0.026800
      0.00000     2.305000     0.973800     0.026200
      0.00000     2.310000     0.974100     0.025900
      0.00000     2.315000     0.974200     0.025800
      0.00000     2.320000     0.973800     0.026200
      0.00000     2.325000     0.973600     0.026400
      0.00000     2.330000     0.973500     0.026500
      0.00000     2.335000     0.972600     0.027400
      0.00000     2.340000     0.972900     0.027100
      0.00000     2.345000     0.972800     0.027200
      0.00000     2.350000     0.973200     0.026800
      0.00000     2.355000     0.973500     0.026500
      0.00000     2.360000     0.973700     0.026300
      0.00000     2.365000     0.974000     0.026000
      0.00000     2.370000     0.973400     0.026600
      0.00000     2.375000     0.973200     0.026800
      0.00000     2.380000     0.973100     0.026900
      0.00000     2.385000     0.972800     0.027200
      0.00000     2.390000     0.972500     0.027500
      0.00000     2.395000     0.973000     0.027000
      0.00000     2.400000     0.973700     0.026300
      0.00000     2.405000     0.973400     0.026600
      0.00000     2.410000     0.973200     0.026800
      0.00000     2.415000     0.973600     0.026400
      0.00000     2.420000     0.973900     0.026100
      0.00000     2.425000     0.972900     0.027100
      0.00000     2.430000     0.973000     0.027000
      0.00000     2.435000     0.972900     0.027100
      0.00000     2.440000     0.973000     0.027000
      0.00000     2.445000     0.973300     0.026700
      0.00000     2.450000     0.974000     0.026000
      0.00000     2.455000     0.974300     0.025700
      0.00000     2.460000     0.974100     0.025900
      0.00000     2.465000     0.973700     0.026300
      0.00000     2.470000     0.973500     0.026500
      0.00000     2.475000     0.972500     0.027500
      0.00000     2.480000     0.971200     0.028800
      0.00000     2.485000     0.972200     0.027800
      0.00000     2.490000     0.972500     0.027500
      0.00000     2.495000     0.972900     0.027100
      0.00000     2.500000     0.973500     0.026500
      0.00000     2.505000     0.973600     0.026400
      0.00000     2.510000     0.972900     0.027100
      0.00000     2.515000     0.972700     0.027300
      0.00000     2.520000     0.972500     0.027500
      0.00000     2.525000     0.971700     0.028300
      0.00000     2.530000     0.972600     0.027400
      0.00000     2.535000     0.974600     0.025400
      0.00000     2.540000     0.975800     0.024200
      0.00000     2.545000     0.976000     0.024000
      0.00000     2.550000     0.973100     0.026900
      0.00000     2.555000     0.973700     0.026300
      0.00000     2.560000     0.969800     0.030200
      0.00000     2.565000     0.969100     0.030900
      0.00000     2.570000     0.966800     0.033200
      0.00000     2.575000     0.964800     0.035200
      0.00000     2.580000     0.963400     0.036600
      0.00000     2.585000     0.964100     0.035900
      0.00000     2.590000     0.965900     0.034100
      0.00000     2.595000     0.966600     0.033400
      0.00000     2.600000     0.968300     0.031700
