1_53	 4 	 2048 	 4096 
1_53_ch1	 0 511 0     4095  1 1 1.7  3  1000  2  7  3 0.02  0 48 48 0 8  0.00025  0.00025  18 1.0 0.0 0.0 0.0 
1_53_ch2	 512 1023 0  4095 -1 1 1.7  3  1000  2  7  3 0.02  0 48 48 0 8  0.00025  0.00025  18 0.0 1.0 0.0 0.0 
1_53_ch3	 1024 1535 0 4095 -1 1 1.7  3  1000  2  7  3 0.02  0 48 48 0 8  0.00025  0.00025  18 0.0 0.0 1.0 0.0 
1_53_ch4	 1536 2047 0 4095  1 1 1.7  3  1000  2  7  3 0.02  0 48 48 0 8  0.00025  0.00025  18 0.0 0.0 0.0 1.0 
1_54	 4 	 2048 	 4096 
1_54_ch1	 0 511 0     4095  1 1 1.7  3  1000  2  7  3 0.02  0 48 48 0 8  0.00025  0.00025  18 1.0 0.0 0.0 0.0 
1_54_ch2	 512 1023 0  4095 -1 1 1.7  3  1000  2  7  3 0.02  0 48 48 0 8  0.00025  0.00025  18 0.0 1.0 0.0 0.0 
1_54_ch3	 1024 1535 0 4095 -1 1 1.7  3  1000  2  7  3 0.02  0 48 48 0 8  0.00025  0.00025  18 0.0 0.0 1.0 0.0 
1_54_ch4	 1536 2047 0 4095  1 1 1.7  3  1000  2  7  3 0.02  0 48 48 0 8  0.00025  0.00025  18 0.0 0.0 0.0 1.0 
1_55	 4 	 2048 	 4096 
1_55_ch1	 0 511 0     4095  1 1 1.7  3  1000  2  7  3 0.02  0 48 48 0 8  0.00025  0.00025  18 1.0 0.0 0.0 0.0 
1_55_ch2	 512 1023 0  4095 -1 1 1.7  3  1000  2  7  3 0.02  0 48 48 0 8  0.00025  0.00025  18 0.0 1.0 0.0 0.0 
1_55_ch3	 1024 1535 0 4095 -1 1 1.7  3  1000  2  7  3 0.02  0 48 48 0 8  0.00025  0.00025  18 0.0 0.0 1.0 0.0 
1_55_ch4	 1536 2047 0 4095  1 1 1.7  3  1000  2  7  3 0.02  0 48 48 0 8  0.00025  0.00025  18 0.0 0.0 0.0 1.0 
1_56	 4 	 2048 	 4096 
1_56_ch1	 0 511 0     4095  1 1 1.7  3  1000  2  7  3 0.02  0 48 48 0 8  0.00025  0.00025  18 1.0 0.0 0.0 0.0 
1_56_ch2	 512 1023 0  4095 -1 1 1.7  3  1000  2  7  3 0.02  0 48 48 0 8  0.00025  0.00025  18 0.0 1.0 0.0 0.0 
1_56_ch3	 1024 1535 0 4095 -1 1 1.7  3  1000  2  7  3 0.02  0 48 48 0 8  0.00025  0.00025  18 0.0 0.0 1.0 0.0 
1_56_ch4	 1536 2047 0 4095  1 1 1.7  3  1000  2  7  3 0.02  0 48 48 0 8  0.00025  0.00025  18 0.0 0.0 0.0 1.0 
1_42	 4 	 2048 	 4096 
1_42_ch1	 0 511 0     4095  1 1 1.7  3  1000  2  7  3 0.02  0 48 48 0 8  0.00025  0.00025  18 1.0 0.0 0.0 0.0 
1_42_ch2	 512 1023 0  4095 -1 1 1.7  3  1000  2  7  3 0.02  0 48 48 0 8  0.00025  0.00025  18 0.0 1.0 0.0 0.0 
1_42_ch3	 1024 1535 0 4095 -1 1 1.7  3  1000  2  7  3 0.02  0 48 48 0 8  0.00025  0.00025  18 0.0 0.0 1.0 0.0 
1_42_ch4	 1536 2047 0 4095  1 1 1.7  3  1000  2  7  3 0.02  0 48 48 0 8  0.00025  0.00025  18 0.0 0.0 0.0 1.0 
1_43	 4 	 2048 	 4096 
1_43_ch1	 0 511 0     4095  1 1 1.7  3  1000  2  7  3 0.02  0 48 48 0 8  0.00025  0.00025  18 1.0 0.0 0.0 0.0 
1_43_ch2	 512 1023 0  4095 -1 1 1.7  3  1000  2  7  3 0.02  0 48 48 0 8  0.00025  0.00025  18 0.0 1.0 0.0 0.0 
1_43_ch3	 1024 1535 0 4095 -1 1 1.7  3  1000  2  7  3 0.02  0 48 48 0 8  0.00025  0.00025  18 0.0 0.0 1.0 0.0 
1_43_ch4	 1536 2047 0 4095  1 1 1.7  3  1000  2  7  3 0.02  0 48 48 0 8  0.00025  0.00025  18 0.0 0.0 0.0 1.0 
1_44	 4 	 2048 	 4096 
1_44_ch1	 0 511 0     4095  1 1 1.7  3  1000  2  7  3 0.02  0 48 48 0 8  0.00025  0.00025  18 1.0 0.0 0.0 0.0 
1_44_ch2	 512 1023 0  4095 -1 1 1.7  3  1000  2  7  3 0.02  0 48 48 0 8  0.00025  0.00025  18 0.0 1.0 0.0 0.0 
1_44_ch3	 1024 1535 0 4095 -1 1 1.7  3  1000  2  7  3 0.02  0 48 48 0 8  0.00025  0.00025  18 0.0 0.0 1.0 0.0 
1_44_ch4	 1536 2047 0 4095  1 1 1.7  3  1000  2  7  3 0.02  0 48 48 0 8  0.00025  0.00025  18 0.0 0.0 0.0 1.0 
1_45	 4 	 2048 	 4096 
1_45_ch1	 0 511 0     4095  1 1 1.7  3  1000  2  7  3 0.02  0 48 48 0 8  0.00025  0.00025  18 1.0 0.0 0.0 0.0 
1_45_ch2	 512 1023 0  4095 -1 1 1.7  3  1000  2  7  3 0.02  0 48 48 0 8  0.00025  0.00025  18 0.0 1.0 0.0 0.0 
1_45_ch3	 1024 1535 0 4095 -1 1 1.7  3  1000  2  7  3 0.02  0 48 48 0 8  0.00025  0.00025  18 0.0 0.0 1.0 0.0 
1_45_ch4	 1536 2047 0 4095  1 1 1.7  3  1000  2  7  3 0.02  0 48 48 0 8  0.00025  0.00025  18 0.0 0.0 0.0 1.0 
1_46	 4 	 2048 	 4096 
1_46_ch1	 0 511 0     4095  1 1 1.7  3  1000  2  7  3 0.02  0 48 48 0 8  0.00025  0.00025  18 1.0 0.0 0.0 0.0 
1_46_ch2	 512 1023 0  4095 -1 1 1.7  3  1000  2  7  3 0.02  0 48 48 0 8  0.00025  0.00025  18 0.0 1.0 0.0 0.0 
1_46_ch3	 1024 1535 0 4095 -1 1 1.7  3  1000  2  7  3 0.02  0 48 48 0 8  0.00025  0.00025  18 0.0 0.0 1.0 0.0 
1_46_ch4	 1536 2047 0 4095  1 1 1.7  3  1000  2  7  3 0.02  0 48 48 0 8  0.00025  0.00025  18 0.0 0.0 0.0 1.0 
1_47	 4 	 2048 	 4096 
1_47_ch1	 0 511 0     4095  1 1 1.7  3  1000  2  7  3 0.02  0 48 48 0 8  0.00025  0.00025  18 1.0 0.0 0.0 0.0 
1_47_ch2	 512 1023 0  4095 -1 1 1.7  3  1000  2  7  3 0.02  0 48 48 0 8  0.00025  0.00025  18 0.0 1.0 0.0 0.0 
1_47_ch3	 1024 1535 0 4095 -1 1 1.7  3  1000  2  7  3 0.02  0 48 48 0 8  0.00025  0.00025  18 0.0 0.0 1.0 0.0 
1_47_ch4	 1536 2047 0 4095  1 1 1.7  3  1000  2  7  3 0.02  0 48 48 0 8  0.00025  0.00025  18 0.0 0.0 0.0 1.0 
1_36	 4 	 2048 	 4096 
1_36_ch1	 0 511 0     4095  1 1 1.7  3  1000  2  7  3 0.02  0 48 48 0 8  0.00025  0.00025  18 1.0 0.0 0.0 0.0 
1_36_ch2	 512 1023 0  4095 -1 1 1.7  3  1000  2  7  3 0.02  0 48 48 0 8  0.00025  0.00025  18 0.0 1.0 0.0 0.0 
1_36_ch3	 1024 1535 0 4095 -1 1 1.7  3  1000  2  7  3 0.02  0 48 48 0 8  0.00025  0.00025  18 0.0 0.0 1.0 0.0 
1_36_ch4	 1536 2047 0 4095  1 1 1.7  3  1000  2  7  3 0.02  0 48 48 0 8  0.00025  0.00025  18 0.0 0.0 0.0 1.0 
1_37	 4 	 2048 	 4096 
1_37_ch1	 0 511 0     4095  1 1 1.7  3  1000  2  7  3 0.02  0 48 48 0 8  0.00025  0.00025  18 1.0 0.0 0.0 0.0 
1_37_ch2	 512 1023 0  4095 -1 1 1.7  3  1000  2  7  3 0.02  0 48 48 0 8  0.00025  0.00025  18 0.0 1.0 0.0 0.0 
1_37_ch3	 1024 1535 0 4095 -1 1 1.7  3  1000  2  7  3 0.02  0 48 48 0 8  0.00025  0.00025  18 0.0 0.0 1.0 0.0 
1_37_ch4	 1536 2047 0 4095  1 1 1.7  3  1000  2  7  3 0.02  0 48 48 0 8  0.00025  0.00025  18 0.0 0.0 0.0 1.0 
1_38	 4 	 2048 	 4096 
1_38_ch1	 0 511 0     4095  1 1 1.7  3  1000  2  7  3 0.02  0 48 48 0 8  0.00025  0.00025  18 1.0 0.0 0.0 0.0 
1_38_ch2	 512 1023 0  4095 -1 1 1.7  3  1000  2  7  3 0.02  0 48 48 0 8  0.00025  0.00025  18 0.0 1.0 0.0 0.0 
1_38_ch3	 1024 1535 0 4095 -1 1 1.7  3  1000  2  7  3 0.02  0 48 48 0 8  0.00025  0.00025  18 0.0 0.0 1.0 0.0 
1_38_ch4	 1536 2047 0 4095  1 1 1.7  3  1000  2  7  3 0.02  0 48 48 0 8  0.00025  0.00025  18 0.0 0.0 0.0 1.0 
1_39	 4 	 2048 	 4096 
1_39_ch1	 0 511 0     4095  1 1 1.7  3  1000  2  7  3 0.02  0 48 48 0 8  0.00025  0.00025  18 1.0 0.0 0.0 0.0 
1_39_ch2	 512 1023 0  4095 -1 1 1.7  3  1000  2  7  3 0.02  0 48 48 0 8  0.00025  0.00025  18 0.0 1.0 0.0 0.0 
1_39_ch3	 1024 1535 0 4095 -1 1 1.7  3  1000  2  7  3 0.02  0 48 48 0 8  0.00025  0.00025  18 0.0 0.0 1.0 0.0 
1_39_ch4	 1536 2047 0 4095  1 1 1.7  3  1000  2  7  3 0.02  0 48 48 0 8  0.00025  0.00025  18 0.0 0.0 0.0 1.0 
1_40	 4 	 2048 	 4096 
1_40_ch1	 0 511 0     4095  1 1 1.7  3  1000  2  7  3 0.02  0 48 48 0 8  0.00025  0.00025  18 1.0 0.0 0.0 0.0 
1_40_ch2	 512 1023 0  4095 -1 1 1.7  3  1000  2  7  3 0.02  0 48 48 0 8  0.00025  0.00025  18 0.0 1.0 0.0 0.0 
1_40_ch3	 1024 1535 0 4095 -1 1 1.7  3  1000  2  7  3 0.02  0 48 48 0 8  0.00025  0.00025  18 0.0 0.0 1.0 0.0 
1_40_ch4	 1536 2047 0 4095  1 1 1.7  3  1000  2  7  3 0.02  0 48 48 0 8  0.00025  0.00025  18 0.0 0.0 0.0 1.0 
1_41	 4 	 2048 	 4096 
1_41_ch1	 0 511 0     4095  1 1 1.7  3  1000  2  7  3 0.02  0 48 48 0 8  0.00025  0.00025  18 1.0 0.0 0.0 0.0 
1_41_ch2	 512 1023 0  4095 -1 1 1.7  3  1000  2  7  3 0.02  0 48 48 0 8  0.00025  0.00025  18 0.0 1.0 0.0 0.0 
1_41_ch3	 1024 1535 0 4095 -1 1 1.7  3  1000  2  7  3 0.02  0 48 48 0 8  0.00025  0.00025  18 0.0 0.0 1.0 0.0 
1_41_ch4	 1536 2047 0 4095  1 1 1.7  3  1000  2  7  3 0.02  0 48 48 0 8  0.00025  0.00025  18 0.0 0.0 0.0 1.0 
0_30	 4 	 2048 	 4096 
0_30_ch1	 0 511 0     4095  1 1 1.7  3  1000  2  7  3 0.02  0 48 48 0 8  0.00025  0.00025  18 1.0 0.0 0.0 0.0 
0_30_ch2	 512 1023 0  4095 -1 1 1.7  3  1000  2  7  3 0.02  0 48 48 0 8  0.00025  0.00025  18 0.0 1.0 0.0 0.0 
0_30_ch3	 1024 1535 0 4095 -1 1 1.7  3  1000  2  7  3 0.02  0 48 48 0 8  0.00025  0.00025  18 0.0 0.0 1.0 0.0 
0_30_ch4	 1536 2047 0 4095  1 1 1.7  3  1000  2  7  3 0.02  0 48 48 0 8  0.00025  0.00025  18 0.0 0.0 0.0 1.0 
0_29	 4 	 2048 	 4096 
0_29_ch1	 0 511 0     4095  1 1 1.7  3  1000  2  7  3 0.02  0 48 48 0 8  0.00025  0.00025  18 1.0 0.0 0.0 0.0 
0_29_ch2	 512 1023 0  4095 -1 1 1.7  3  1000  2  7  3 0.02  0 48 48 0 8  0.00025  0.00025  18 0.0 1.0 0.0 0.0 
0_29_ch3	 1024 1535 0 4095 -1 1 1.7  3  1000  2  7  3 0.02  0 48 48 0 8  0.00025  0.00025  18 0.0 0.0 1.0 0.0 
0_29_ch4	 1536 2047 0 4095  1 1 1.7  3  1000  2  7  3 0.02  0 48 48 0 8  0.00025  0.00025  18 0.0 0.0 0.0 1.0 
0_28	 4 	 2048 	 4096 
0_28_ch1	 0 511 0     4095  1 1 1.7  3  1000  2  7  3 0.02  0 48 48 0 8  0.00025  0.00025  18 1.0 0.0 0.0 0.0 
0_28_ch2	 512 1023 0  4095 -1 1 1.7  3  1000  2  7  3 0.02  0 48 48 0 8  0.00025  0.00025  18 0.0 1.0 0.0 0.0 
0_28_ch3	 1024 1535 0 4095 -1 1 1.7  3  1000  2  7  3 0.02  0 48 48 0 8  0.00025  0.00025  18 0.0 0.0 1.0 0.0 
0_28_ch4	 1536 2047 0 4095  1 1 1.7  3  1000  2  7  3 0.02  0 48 48 0 8  0.00025  0.00025  18 0.0 0.0 0.0 1.0 
1_32	 4 	 2048 	 4096 
1_32_ch1	 0 511 0     4095  1 1 1.7  3  1000  2  7  3 0.02  0 48 48 0 8  0.00025  0.00025  18 1.0 0.0 0.0 0.0 
1_32_ch2	 512 1023 0  4095 -1 1 1.7  3  1000  2  7  3 0.02  0 48 48 0 8  0.00025  0.00025  18 0.0 1.0 0.0 0.0 
1_32_ch3	 1024 1535 0 4095 -1 1 1.7  3  1000  2  7  3 0.02  0 48 48 0 8  0.00025  0.00025  18 0.0 0.0 1.0 0.0 
1_32_ch4	 1536 2047 0 4095  1 1 1.7  3  1000  2  7  3 0.02  0 48 48 0 8  0.00025  0.00025  18 0.0 0.0 0.0 1.0 
1_33	 4 	 2048 	 4096 
1_33_ch1	 0 511 0     4095  1 1 1.7  3  1000  2  7  3 0.02  0 48 48 0 8  0.00025  0.00025  18 1.0 0.0 0.0 0.0 
1_33_ch2	 512 1023 0  4095 -1 1 1.7  3  1000  2  7  3 0.02  0 48 48 0 8  0.00025  0.00025  18 0.0 1.0 0.0 0.0 
1_33_ch3	 1024 1535 0 4095 -1 1 1.7  3  1000  2  7  3 0.02  0 48 48 0 8  0.00025  0.00025  18 0.0 0.0 1.0 0.0 
1_33_ch4	 1536 2047 0 4095  1 1 1.7  3  1000  2  7  3 0.02  0 48 48 0 8  0.00025  0.00025  18 0.0 0.0 0.0 1.0 
1_34	 4 	 2048 	 4096 
1_34_ch1	 0 511 0     4095  1 1 1.7  3  1000  2  7  3 0.02  0 48 48 0 8  0.00025  0.00025  18 1.0 0.0 0.0 0.0 
1_34_ch2	 512 1023 0  4095 -1 1 1.7  3  1000  2  7  3 0.02  0 48 48 0 8  0.00025  0.00025  18 0.0 1.0 0.0 0.0 
1_34_ch3	 1024 1535 0 4095 -1 1 1.7  3  1000  2  7  3 0.02  0 48 48 0 8  0.00025  0.00025  18 0.0 0.0 1.0 0.0 
1_34_ch4	 1536 2047 0 4095  1 1 1.7  3  1000  2  7  3 0.02  0 48 48 0 8  0.00025  0.00025  18 0.0 0.0 0.0 1.0 
0_27	 4 	 2048 	 4096 
0_27_ch1	 0 511 0     4095  1 1 1.7  3  1000  2  7  3 0.02  0 48 48 0 8  0.00025  0.00025  18 1.0 0.0 0.0 0.0 
0_27_ch2	 512 1023 0  4095 -1 1 1.7  3  1000  2  7  3 0.02  0 48 48 0 8  0.00025  0.00025  18 0.0 1.0 0.0 0.0 
0_27_ch3	 1024 1535 0 4095 -1 1 1.7  3  1000  2  7  3 0.02  0 48 48 0 8  0.00025  0.00025  18 0.0 0.0 1.0 0.0 
0_27_ch4	 1536 2047 0 4095  1 1 1.7  3  1000  2  7  3 0.02  0 48 48 0 8  0.00025  0.00025  18 0.0 0.0 0.0 1.0 
0_26	 4 	 2048 	 4096 
0_26_ch1	 0 511 0     4095  1 1 1.7  3  1000  2  7  3 0.02  0 48 48 0 8  0.00025  0.00025  18 1.0 0.0 0.0 0.0 
0_26_ch2	 512 1023 0  4095 -1 1 1.7  3  1000  2  7  3 0.02  0 48 48 0 8  0.00025  0.00025  18 0.0 1.0 0.0 0.0 
0_26_ch3	 1024 1535 0 4095 -1 1 1.7  3  1000  2  7  3 0.02  0 48 48 0 8  0.00025  0.00025  18 0.0 0.0 1.0 0.0 
0_26_ch4	 1536 2047 0 4095  1 1 1.7  3  1000  2  7  3 0.02  0 48 48 0 8  0.00025  0.00025  18 0.0 0.0 0.0 1.0 
0_25	 4 	 2048 	 4096 
0_25_ch1	 0 511 0     4095  1 1 1.7  3  1000  2  7  3 0.02  0 48 48 0 8  0.00025  0.00025  18 1.0 0.0 0.0 0.0 
0_25_ch2	 512 1023 0  4095 -1 1 1.7  3  1000  2  7  3 0.02  0 48 48 0 8  0.00025  0.00025  18 0.0 1.0 0.0 0.0 
0_25_ch3	 1024 1535 0 4095 -1 1 1.7  3  1000  2  7  3 0.02  0 48 48 0 8  0.00025  0.00025  18 0.0 0.0 1.0 0.0 
0_25_ch4	 1536 2047 0 4095  1 1 1.7  3  1000  2  7  3 0.02  0 48 48 0 8  0.00025  0.00025  18 0.0 0.0 0.0 1.0 
0_24	 4 	 2048 	 4096 
0_24_ch1	 0 511 0     4095  1 1 1.7  3  1000  2  7  3 0.02  0 48 48 0 8  0.00025  0.00025  18 1.0 0.0 0.0 0.0 
0_24_ch2	 512 1023 0  4095 -1 1 1.7  3  1000  2  7  3 0.02  0 48 48 0 8  0.00025  0.00025  18 0.0 1.0 0.0 0.0 
0_24_ch3	 1024 1535 0 4095 -1 1 1.7  3  1000  2  7  3 0.02  0 48 48 0 8  0.00025  0.00025  18 0.0 0.0 1.0 0.0 
0_24_ch4	 1536 2047 0 4095  1 1 1.7  3  1000  2  7  3 0.02  0 48 48 0 8  0.00025  0.00025  18 0.0 0.0 0.0 1.0 
1_00	 4 	 2048 	 4096 
1_00_ch1	 0 511 0     4095  1 1 1.7  3  1000  2  7  3 0.02  0 48 48 0 8  0.00025  0.00025  18 1.0 0.0 0.0 0.0 
1_00_ch2	 512 1023 0  4095 -1 1 1.7  3  1000  2  7  3 0.02  0 48 48 0 8  0.00025  0.00025  18 0.0 1.0 0.0 0.0 
1_00_ch3	 1024 1535 0 4095 -1 1 1.7  3  1000  2  7  3 0.02  0 48 48 0 8  0.00025  0.00025  18 0.0 0.0 1.0 0.0 
1_00_ch4	 1536 2047 0 4095  1 1 1.7  3  1000  2  7  3 0.02  0 48 48 0 8  0.00025  0.00025  18 0.0 0.0 0.0 1.0 
1_01	 4 	 2048 	 4096 
1_01_ch1	 0 511 0     4095  1 1 1.7  3  1000  2  7  3 0.02  0 48 48 0 8  0.00025  0.00025  18 1.0 0.0 0.0 0.0 
1_01_ch2	 512 1023 0  4095 -1 1 1.7  3  1000  2  7  3 0.02  0 48 48 0 8  0.00025  0.00025  18 0.0 1.0 0.0 0.0 
1_01_ch3	 1024 1535 0 4095 -1 1 1.7  3  1000  2  7  3 0.02  0 48 48 0 8  0.00025  0.00025  18 0.0 0.0 1.0 0.0 
1_01_ch4	 1536 2047 0 4095  1 1 1.7  3  1000  2  7  3 0.02  0 48 48 0 8  0.00025  0.00025  18 0.0 0.0 0.0 1.0 
1_02	 4 	 2048 	 4096 
1_02_ch1	 0 511 0     4095  1 1 1.7  3  1000  2  7  3 0.02  0 48 48 0 8  0.00025  0.00025  18 1.0 0.0 0.0 0.0 
1_02_ch2	 512 1023 0  4095 -1 1 1.7  3  1000  2  7  3 0.02  0 48 48 0 8  0.00025  0.00025  18 0.0 1.0 0.0 0.0 
1_02_ch3	 1024 1535 0 4095 -1 1 1.7  3  1000  2  7  3 0.02  0 48 48 0 8  0.00025  0.00025  18 0.0 0.0 1.0 0.0 
1_02_ch4	 1536 2047 0 4095  1 1 1.7  3  1000  2  7  3 0.02  0 48 48 0 8  0.00025  0.00025  18 0.0 0.0 0.0 1.0 
1_03	 4 	 2048 	 4096 
1_03_ch1	 0 511 0     4095  1 1 1.7  3  1000  2  7  3 0.02  0 48 48 0 8  0.00025  0.00025  18 1.0 0.0 0.0 0.0 
1_03_ch2	 512 1023 0  4095 -1 1 1.7  3  1000  2  7  3 0.02  0 48 48 0 8  0.00025  0.00025  18 0.0 1.0 0.0 0.0 
1_03_ch3	 1024 1535 0 4095 -1 1 1.7  3  1000  2  7  3 0.02  0 48 48 0 8  0.00025  0.00025  18 0.0 0.0 1.0 0.0 
1_03_ch4	 1536 2047 0 4095  1 1 1.7  3  1000  2  7  3 0.02  0 48 48 0 8  0.00025  0.00025  18 0.0 0.0 0.0 1.0 
0_23	 4 	 2048 	 4096 
0_23_ch1	 0 511 0     4095  1 1 1.7  3  1000  2  7  3 0.02  0 48 48 0 8  0.00025  0.00025  18 1.0 0.0 0.0 0.0 
0_23_ch2	 512 1023 0  4095 -1 1 1.7  3  1000  2  7  3 0.02  0 48 48 0 8  0.00025  0.00025  18 0.0 1.0 0.0 0.0 
0_23_ch3	 1024 1535 0 4095 -1 1 1.7  3  1000  2  7  3 0.02  0 48 48 0 8  0.00025  0.00025  18 0.0 0.0 1.0 0.0 
0_23_ch4	 1536 2047 0 4095  1 1 1.7  3  1000  2  7  3 0.02  0 48 48 0 8  0.00025  0.00025  18 0.0 0.0 0.0 1.0 
0_22	 4 	 2048 	 4096 
0_22_ch1	 0 511 0     4095  1 1 1.7  3  1000  2  7  3 0.02  0 48 48 0 8  0.00025  0.00025  18 1.0 0.0 0.0 0.0 
0_22_ch2	 512 1023 0  4095 -1 1 1.7  3  1000  2  7  3 0.02  0 48 48 0 8  0.00025  0.00025  18 0.0 1.0 0.0 0.0 
0_22_ch3	 1024 1535 0 4095 -1 1 1.7  3  1000  2  7  3 0.02  0 48 48 0 8  0.00025  0.00025  18 0.0 0.0 1.0 0.0 
0_22_ch4	 1536 2047 0 4095  1 1 1.7  3  1000  2  7  3 0.02  0 48 48 0 8  0.00025  0.00025  18 0.0 0.0 0.0 1.0 
0_21	 4 	 2048 	 4096 
0_21_ch1	 0 511 0     4095  1 1 1.7  3  1000  2  7  3 0.02  0 48 48 0 8  0.00025  0.00025  18 1.0 0.0 0.0 0.0 
0_21_ch2	 512 1023 0  4095 -1 1 1.7  3  1000  2  7  3 0.02  0 48 48 0 8  0.00025  0.00025  18 0.0 1.0 0.0 0.0 
0_21_ch3	 1024 1535 0 4095 -1 1 1.7  3  1000  2  7  3 0.02  0 48 48 0 8  0.00025  0.00025  18 0.0 0.0 1.0 0.0 
0_21_ch4	 1536 2047 0 4095  1 1 1.7  3  1000  2  7  3 0.02  0 48 48 0 8  0.00025  0.00025  18 0.0 0.0 0.0 1.0 
0_20	 4 	 2048 	 4096 
0_20_ch1	 0 511 0     4095  1 1 1.7  3  1000  2  7  3 0.02  0 48 48 0 8  0.00025  0.00025  18 1.0 0.0 0.0 0.0 
0_20_ch2	 512 1023 0  4095 -1 1 1.7  3  1000  2  7  3 0.02  0 48 48 0 8  0.00025  0.00025  18 0.0 1.0 0.0 0.0 
0_20_ch3	 1024 1535 0 4095 -1 1 1.7  3  1000  2  7  3 0.02  0 48 48 0 8  0.00025  0.00025  18 0.0 0.0 1.0 0.0 
0_20_ch4	 1536 2047 0 4095  1 1 1.7  3  1000  2  7  3 0.02  0 48 48 0 8  0.00025  0.00025  18 0.0 0.0 0.0 1.0 
1_04	 4 	 2048 	 4096 
1_04_ch1	 0 511 0     4095  1 1 1.7  3  1000  2  7  3 0.02  0 48 48 0 8  0.00025  0.00025  18 1.0 0.0 0.0 0.0 
1_04_ch2	 512 1023 0  4095 -1 1 1.7  3  1000  2  7  3 0.02  0 48 48 0 8  0.00025  0.00025  18 0.0 1.0 0.0 0.0 
1_04_ch3	 1024 1535 0 4095 -1 1 1.7  3  1000  2  7  3 0.02  0 48 48 0 8  0.00025  0.00025  18 0.0 0.0 1.0 0.0 
1_04_ch4	 1536 2047 0 4095  1 1 1.7  3  1000  2  7  3 0.02  0 48 48 0 8  0.00025  0.00025  18 0.0 0.0 0.0 1.0 
1_05	 4 	 2048 	 4096 
1_05_ch1	 0 511 0     4095  1 1 1.7  3  1000  2  7  3 0.02  0 48 48 0 8  0.00025  0.00025  18 1.0 0.0 0.0 0.0 
1_05_ch2	 512 1023 0  4095 -1 1 1.7  3  1000  2  7  3 0.02  0 48 48 0 8  0.00025  0.00025  18 0.0 1.0 0.0 0.0 
1_05_ch3	 1024 1535 0 4095 -1 1 1.7  3  1000  2  7  3 0.02  0 48 48 0 8  0.00025  0.00025  18 0.0 0.0 1.0 0.0 
1_05_ch4	 1536 2047 0 4095  1 1 1.7  3  1000  2  7  3 0.02  0 48 48 0 8  0.00025  0.00025  18 0.0 0.0 0.0 1.0 
1_06	 4 	 2048 	 4096 
1_06_ch1	 0 511 0     4095  1 1 1.7  3  1000  2  7  3 0.02  0 48 48 0 8  0.00025  0.00025  18 1.0 0.0 0.0 0.0 
1_06_ch2	 512 1023 0  4095 -1 1 1.7  3  1000  2  7  3 0.02  0 48 48 0 8  0.00025  0.00025  18 0.0 1.0 0.0 0.0 
1_06_ch3	 1024 1535 0 4095 -1 1 1.7  3  1000  2  7  3 0.02  0 48 48 0 8  0.00025  0.00025  18 0.0 0.0 1.0 0.0 
1_06_ch4	 1536 2047 0 4095  1 1 1.7  3  1000  2  7  3 0.02  0 48 48 0 8  0.00025  0.00025  18 0.0 0.0 0.0 1.0 
1_07	 4 	 2048 	 4096 
1_07_ch1	 0 511 0     4095  1 1 1.7  3  1000  2  7  3 0.02  0 48 48 0 8  0.00025  0.00025  18 1.0 0.0 0.0 0.0 
1_07_ch2	 512 1023 0  4095 -1 1 1.7  3  1000  2  7  3 0.02  0 48 48 0 8  0.00025  0.00025  18 0.0 1.0 0.0 0.0 
1_07_ch3	 1024 1535 0 4095 -1 1 1.7  3  1000  2  7  3 0.02  0 48 48 0 8  0.00025  0.00025  18 0.0 0.0 1.0 0.0 
1_07_ch4	 1536 2047 0 4095  1 1 1.7  3  1000  2  7  3 0.02  0 48 48 0 8  0.00025  0.00025  18 0.0 0.0 0.0 1.0 
0_19	 4 	 2048 	 4096 
0_19_ch1	 0 511 0     4095  1 1 1.7  3  1000  2  7  3 0.02  0 48 48 0 8  0.00025  0.00025  18 1.0 0.0 0.0 0.0 
0_19_ch2	 512 1023 0  4095 -1 1 1.7  3  1000  2  7  3 0.02  0 48 48 0 8  0.00025  0.00025  18 0.0 1.0 0.0 0.0 
0_19_ch3	 1024 1535 0 4095 -1 1 1.7  3  1000  2  7  3 0.02  0 48 48 0 8  0.00025  0.00025  18 0.0 0.0 1.0 0.0 
0_19_ch4	 1536 2047 0 4095  1 1 1.7  3  1000  2  7  3 0.02  0 48 48 0 8  0.00025  0.00025  18 0.0 0.0 0.0 1.0 
0_18	 4 	 2048 	 4096 
0_18_ch1	 0 511 0     4095  1 1 1.7  3  1000  2  7  3 0.02  0 48 48 0 8  0.00025  0.00025  18 1.0 0.0 0.0 0.0 
0_18_ch2	 512 1023 0  4095 -1 1 1.7  3  1000  2  7  3 0.02  0 48 48 0 8  0.00025  0.00025  18 0.0 1.0 0.0 0.0 
0_18_ch3	 1024 1535 0 4095 -1 1 1.7  3  1000  2  7  3 0.02  0 48 48 0 8  0.00025  0.00025  18 0.0 0.0 1.0 0.0 
0_18_ch4	 1536 2047 0 4095  1 1 1.7  3  1000  2  7  3 0.02  0 48 48 0 8  0.00025  0.00025  18 0.0 0.0 0.0 1.0 
0_17	 4 	 2048 	 4096 
0_17_ch1	 0 511 0     4095  1 1 1.7  3  1000  2  7  3 0.02  0 48 48 0 8  0.00025  0.00025  18 1.0 0.0 0.0 0.0 
0_17_ch2	 512 1023 0  4095 -1 1 1.7  3  1000  2  7  3 0.02  0 48 48 0 8  0.00025  0.00025  18 0.0 1.0 0.0 0.0 
0_17_ch3	 1024 1535 0 4095 -1 1 1.7  3  1000  2  7  3 0.02  0 48 48 0 8  0.00025  0.00025  18 0.0 0.0 1.0 0.0 
0_17_ch4	 1536 2047 0 4095  1 1 1.7  3  1000  2  7  3 0.02  0 48 48 0 8  0.00025  0.00025  18 0.0 0.0 0.0 1.0 
0_16	 4 	 2048 	 4096 
0_16_ch1	 0 511 0     4095  1 1 1.7  3  1000  2  7  3 0.02  0 48 48 0 8  0.00025  0.00025  18 1.0 0.0 0.0 0.0 
0_16_ch2	 512 1023 0  4095 -1 1 1.7  3  1000  2  7  3 0.02  0 48 48 0 8  0.00025  0.00025  18 0.0 1.0 0.0 0.0 
0_16_ch3	 1024 1535 0 4095 -1 1 1.7  3  1000  2  7  3 0.02  0 48 48 0 8  0.00025  0.00025  18 0.0 0.0 1.0 0.0 
0_16_ch4	 1536 2047 0 4095  1 1 1.7  3  1000  2  7  3 0.02  0 48 48 0 8  0.00025  0.00025  18 0.0 0.0 0.0 1.0 
1_08	 4 	 2048 	 4096 
1_08_ch1	 0 511 0     4095  1 1 1.7  3  1000  2  7  3 0.02  0 48 48 0 8  0.00025  0.00025  18 1.0 0.0 0.0 0.0 
1_08_ch2	 512 1023 0  4095 -1 1 1.7  3  1000  2  7  3 0.02  0 48 48 0 8  0.00025  0.00025  18 0.0 1.0 0.0 0.0 
1_08_ch3	 1024 1535 0 4095 -1 1 1.7  3  1000  2  7  3 0.02  0 48 48 0 8  0.00025  0.00025  18 0.0 0.0 1.0 0.0 
1_08_ch4	 1536 2047 0 4095  1 1 1.7  3  1000  2  7  3 0.02  0 48 48 0 8  0.00025  0.00025  18 0.0 0.0 0.0 1.0 
1_09	 4 	 2048 	 4096 
1_09_ch1	 0 511 0     4095  1 1 1.7  3  1000  2  7  3 0.02  0 48 48 0 8  0.00025  0.00025  18 1.0 0.0 0.0 0.0 
1_09_ch2	 512 1023 0  4095 -1 1 1.7  3  1000  2  7  3 0.02  0 48 48 0 8  0.00025  0.00025  18 0.0 1.0 0.0 0.0 
1_09_ch3	 1024 1535 0 4095 -1 1 1.7  3  1000  2  7  3 0.02  0 48 48 0 8  0.00025  0.00025  18 0.0 0.0 1.0 0.0 
1_09_ch4	 1536 2047 0 4095  1 1 1.7  3  1000  2  7  3 0.02  0 48 48 0 8  0.00025  0.00025  18 0.0 0.0 0.0 1.0 
1_10	 4 	 2048 	 4096 
1_10_ch1	 0 511 0     4095  1 1 1.7  3  1000  2  7  3 0.02  0 48 48 0 8  0.00025  0.00025  18 1.0 0.0 0.0 0.0 
1_10_ch2	 512 1023 0  4095 -1 1 1.7  3  1000  2  7  3 0.02  0 48 48 0 8  0.00025  0.00025  18 0.0 1.0 0.0 0.0 
1_10_ch3	 1024 1535 0 4095 -1 1 1.7  3  1000  2  7  3 0.02  0 48 48 0 8  0.00025  0.00025  18 0.0 0.0 1.0 0.0 
1_10_ch4	 1536 2047 0 4095  1 1 1.7  3  1000  2  7  3 0.02  0 48 48 0 8  0.00025  0.00025  18 0.0 0.0 0.0 1.0 
1_11	 4 	 2048 	 4096 
1_11_ch1	 0 511 0     4095  1 1 1.7  3  1000  2  7  3 0.02  0 48 48 0 8  0.00025  0.00025  18 1.0 0.0 0.0 0.0 
1_11_ch2	 512 1023 0  4095 -1 1 1.7  3  1000  2  7  3 0.02  0 48 48 0 8  0.00025  0.00025  18 0.0 1.0 0.0 0.0 
1_11_ch3	 1024 1535 0 4095 -1 1 1.7  3  1000  2  7  3 0.02  0 48 48 0 8  0.00025  0.00025  18 0.0 0.0 1.0 0.0 
1_11_ch4	 1536 2047 0 4095  1 1 1.7  3  1000  2  7  3 0.02  0 48 48 0 8  0.00025  0.00025  18 0.0 0.0 0.0 1.0 
0_15	 4 	 2048 	 4096 
0_15_ch1	 0 511 0     4095  1 1 1.7  3  1000  2  7  3 0.02  0 48 48 0 8  0.00025  0.00025  18 1.0 0.0 0.0 0.0 
0_15_ch2	 512 1023 0  4095 -1 1 1.7  3  1000  2  7  3 0.02  0 48 48 0 8  0.00025  0.00025  18 0.0 1.0 0.0 0.0 
0_15_ch3	 1024 1535 0 4095 -1 1 1.7  3  1000  2  7  3 0.02  0 48 48 0 8  0.00025  0.00025  18 0.0 0.0 1.0 0.0 
0_15_ch4	 1536 2047 0 4095  1 1 1.7  3  1000  2  7  3 0.02  0 48 48 0 8  0.00025  0.00025  18 0.0 0.0 0.0 1.0 
0_14	 4 	 2048 	 4096 
0_14_ch1	 0 511 0     4095  1 1 1.7  3  1000  2  7  3 0.02  0 48 48 0 8  0.00025  0.00025  18 1.0 0.0 0.0 0.0 
0_14_ch2	 512 1023 0  4095 -1 1 1.7  3  1000  2  7  3 0.02  0 48 48 0 8  0.00025  0.00025  18 0.0 1.0 0.0 0.0 
0_14_ch3	 1024 1535 0 4095 -1 1 1.7  3  1000  2  7  3 0.02  0 48 48 0 8  0.00025  0.00025  18 0.0 0.0 1.0 0.0 
0_14_ch4	 1536 2047 0 4095  1 1 1.7  3  1000  2  7  3 0.02  0 48 48 0 8  0.00025  0.00025  18 0.0 0.0 0.0 1.0 
0_13	 4 	 2048 	 4096 
0_13_ch1	 0 511 0     4095  1 1 1.7  3  1000  2  7  3 0.02  0 48 48 0 8  0.00025  0.00025  18 1.0 0.0 0.0 0.0 
0_13_ch2	 512 1023 0  4095 -1 1 1.7  3  1000  2  7  3 0.02  0 48 48 0 8  0.00025  0.00025  18 0.0 1.0 0.0 0.0 
0_13_ch3	 1024 1535 0 4095 -1 1 1.7  3  1000  2  7  3 0.02  0 48 48 0 8  0.00025  0.00025  18 0.0 0.0 1.0 0.0 
0_13_ch4	 1536 2047 0 4095  1 1 1.7  3  1000  2  7  3 0.02  0 48 48 0 8  0.00025  0.00025  18 0.0 0.0 0.0 1.0 
0_12	 4 	 2048 	 4096 
0_12_ch1	 0 511 0     4095  1 1 1.7  3  1000  2  7  3 0.02  0 48 48 0 8  0.00025  0.00025  18 1.0 0.0 0.0 0.0 
0_12_ch2	 512 1023 0  4095 -1 1 1.7  3  1000  2  7  3 0.02  0 48 48 0 8  0.00025  0.00025  18 0.0 1.0 0.0 0.0 
0_12_ch3	 1024 1535 0 4095 -1 1 1.7  3  1000  2  7  3 0.02  0 48 48 0 8  0.00025  0.00025  18 0.0 0.0 1.0 0.0 
0_12_ch4	 1536 2047 0 4095  1 1 1.7  3  1000  2  7  3 0.02  0 48 48 0 8  0.00025  0.00025  18 0.0 0.0 0.0 1.0 
1_12	 4 	 2048 	 4096 
1_12_ch1	 0 511 0     4095  1 1 1.7  3  1000  2  7  3 0.02  0 48 48 0 8  0.00025  0.00025  18 1.0 0.0 0.0 0.0 
1_12_ch2	 512 1023 0  4095 -1 1 1.7  3  1000  2  7  3 0.02  0 48 48 0 8  0.00025  0.00025  18 0.0 1.0 0.0 0.0 
1_12_ch3	 1024 1535 0 4095 -1 1 1.7  3  1000  2  7  3 0.02  0 48 48 0 8  0.00025  0.00025  18 0.0 0.0 1.0 0.0 
1_12_ch4	 1536 2047 0 4095  1 1 1.7  3  1000  2  7  3 0.02  0 48 48 0 8  0.00025  0.00025  18 0.0 0.0 0.0 1.0 
1_13	 4 	 2048 	 4096 
1_13_ch1	 0 511 0     4095  1 1 1.7  3  1000  2  7  3 0.02  0 48 48 0 8  0.00025  0.00025  18 1.0 0.0 0.0 0.0 
1_13_ch2	 512 1023 0  4095 -1 1 1.7  3  1000  2  7  3 0.02  0 48 48 0 8  0.00025  0.00025  18 0.0 1.0 0.0 0.0 
1_13_ch3	 1024 1535 0 4095 -1 1 1.7  3  1000  2  7  3 0.02  0 48 48 0 8  0.00025  0.00025  18 0.0 0.0 1.0 0.0 
1_13_ch4	 1536 2047 0 4095  1 1 1.7  3  1000  2  7  3 0.02  0 48 48 0 8  0.00025  0.00025  18 0.0 0.0 0.0 1.0 
1_14	 4 	 2048 	 4096 
1_14_ch1	 0 511 0     4095  1 1 1.7  3  1000  2  7  3 0.02  0 48 48 0 8  0.00025  0.00025  18 1.0 0.0 0.0 0.0 
1_14_ch2	 512 1023 0  4095 -1 1 1.7  3  1000  2  7  3 0.02  0 48 48 0 8  0.00025  0.00025  18 0.0 1.0 0.0 0.0 
1_14_ch3	 1024 1535 0 4095 -1 1 1.7  3  1000  2  7  3 0.02  0 48 48 0 8  0.00025  0.00025  18 0.0 0.0 1.0 0.0 
1_14_ch4	 1536 2047 0 4095  1 1 1.7  3  1000  2  7  3 0.02  0 48 48 0 8  0.00025  0.00025  18 0.0 0.0 0.0 1.0 
1_15	 4 	 2048 	 4096 
1_15_ch1	 0 511 0     4095  1 1 1.7  3  1000  2  7  3 0.02  0 48 48 0 8  0.00025  0.00025  18 1.0 0.0 0.0 0.0 
1_15_ch2	 512 1023 0  4095 -1 1 1.7  3  1000  2  7  3 0.02  0 48 48 0 8  0.00025  0.00025  18 0.0 1.0 0.0 0.0 
1_15_ch3	 1024 1535 0 4095 -1 1 1.7  3  1000  2  7  3 0.02  0 48 48 0 8  0.00025  0.00025  18 0.0 0.0 1.0 0.0 
1_15_ch4	 1536 2047 0 4095  1 1 1.7  3  1000  2  7  3 0.02  0 48 48 0 8  0.00025  0.00025  18 0.0 0.0 0.0 1.0 
0_11	 4 	 2048 	 4096 
0_11_ch1	 0 511 0     4095  1 1 1.7  3  1000  2  7  3 0.02  0 48 48 0 8  0.00025  0.00025  18 1.0 0.0 0.0 0.0 
0_11_ch2	 512 1023 0  4095 -1 1 1.7  3  1000  2  7  3 0.02  0 48 48 0 8  0.00025  0.00025  18 0.0 1.0 0.0 0.0 
0_11_ch3	 1024 1535 0 4095 -1 1 1.7  3  1000  2  7  3 0.02  0 48 48 0 8  0.00025  0.00025  18 0.0 0.0 1.0 0.0 
0_11_ch4	 1536 2047 0 4095  1 1 1.7  3  1000  2  7  3 0.02  0 48 48 0 8  0.00025  0.00025  18 0.0 0.0 0.0 1.0 
0_10	 4 	 2048 	 4096 
0_10_ch1	 0 511 0     4095  1 1 1.7  3  1000  2  7  3 0.02  0 48 48 0 8  0.00025  0.00025  18 1.0 0.0 0.0 0.0 
0_10_ch2	 512 1023 0  4095 -1 1 1.7  3  1000  2  7  3 0.02  0 48 48 0 8  0.00025  0.00025  18 0.0 1.0 0.0 0.0 
0_10_ch3	 1024 1535 0 4095 -1 1 1.7  3  1000  2  7  3 0.02  0 48 48 0 8  0.00025  0.00025  18 0.0 0.0 1.0 0.0 
0_10_ch4	 1536 2047 0 4095  1 1 1.7  3  1000  2  7  3 0.02  0 48 48 0 8  0.00025  0.00025  18 0.0 0.0 0.0 1.0 
0_09	 4 	 2048 	 4096 
0_09_ch1	 0 511 0     4095  1 1 1.7  3  1000  2  7  3 0.02  0 48 48 0 8  0.00025  0.00025  18 1.0 0.0 0.0 0.0 
0_09_ch2	 512 1023 0  4095 -1 1 1.7  3  1000  2  7  3 0.02  0 48 48 0 8  0.00025  0.00025  18 0.0 1.0 0.0 0.0 
0_09_ch3	 1024 1535 0 4095 -1 1 1.7  3  1000  2  7  3 0.02  0 48 48 0 8  0.00025  0.00025  18 0.0 0.0 1.0 0.0 
0_09_ch4	 1536 2047 0 4095  1 1 1.7  3  1000  2  7  3 0.02  0 48 48 0 8  0.00025  0.00025  18 0.0 0.0 0.0 1.0 
0_08	 4 	 2048 	 4096 
0_08_ch1	 0 511 0     4095  1 1 1.7  3  1000  2  7  3 0.02  0 48 48 0 8  0.00025  0.00025  18 1.0 0.0 0.0 0.0 
0_08_ch2	 512 1023 0  4095 -1 1 1.7  3  1000  2  7  3 0.02  0 48 48 0 8  0.00025  0.00025  18 0.0 1.0 0.0 0.0 
0_08_ch3	 1024 1535 0 4095 -1 1 1.7  3  1000  2  7  3 0.02  0 48 48 0 8  0.00025  0.00025  18 0.0 0.0 1.0 0.0 
0_08_ch4	 1536 2047 0 4095  1 1 1.7  3  1000  2  7  3 0.02  0 48 48 0 8  0.00025  0.00025  18 0.0 0.0 0.0 1.0 
1_16	 4 	 2048 	 4096 
1_16_ch1	 0 511 0     4095  1 1 1.7  3  1000  2  7  3 0.02  0 48 48 0 8  0.00025  0.00025  18 1.0 0.0 0.0 0.0 
1_16_ch2	 512 1023 0  4095 -1 1 1.7  3  1000  2  7  3 0.02  0 48 48 0 8  0.00025  0.00025  18 0.0 1.0 0.0 0.0 
1_16_ch3	 1024 1535 0 4095 -1 1 1.7  3  1000  2  7  3 0.02  0 48 48 0 8  0.00025  0.00025  18 0.0 0.0 1.0 0.0 
1_16_ch4	 1536 2047 0 4095  1 1 1.7  3  1000  2  7  3 0.02  0 48 48 0 8  0.00025  0.00025  18 0.0 0.0 0.0 1.0 
1_17	 4 	 2048 	 4096 
1_17_ch1	 0 511 0     4095  1 1 1.7  3  1000  2  7  3 0.02  0 48 48 0 8  0.00025  0.00025  18 1.0 0.0 0.0 0.0 
1_17_ch2	 512 1023 0  4095 -1 1 1.7  3  1000  2  7  3 0.02  0 48 48 0 8  0.00025  0.00025  18 0.0 1.0 0.0 0.0 
1_17_ch3	 1024 1535 0 4095 -1 1 1.7  3  1000  2  7  3 0.02  0 48 48 0 8  0.00025  0.00025  18 0.0 0.0 1.0 0.0 
1_17_ch4	 1536 2047 0 4095  1 1 1.7  3  1000  2  7  3 0.02  0 48 48 0 8  0.00025  0.00025  18 0.0 0.0 0.0 1.0 
1_18	 4 	 2048 	 4096 
1_18_ch1	 0 511 0     4095  1 1 1.7  3  1000  2  7  3 0.02  0 48 48 0 8  0.00025  0.00025  18 1.0 0.0 0.0 0.0 
1_18_ch2	 512 1023 0  4095 -1 1 1.7  3  1000  2  7  3 0.02  0 48 48 0 8  0.00025  0.00025  18 0.0 1.0 0.0 0.0 
1_18_ch3	 1024 1535 0 4095 -1 1 1.7  3  1000  2  7  3 0.02  0 48 48 0 8  0.00025  0.00025  18 0.0 0.0 1.0 0.0 
1_18_ch4	 1536 2047 0 4095  1 1 1.7  3  1000  2  7  3 0.02  0 48 48 0 8  0.00025  0.00025  18 0.0 0.0 0.0 1.0 
1_19	 4 	 2048 	 4096 
1_19_ch1	 0 511 0     4095  1 1 1.7  3  1000  2  7  3 0.02  0 48 48 0 8  0.00025  0.00025  18 1.0 0.0 0.0 0.0 
1_19_ch2	 512 1023 0  4095 -1 1 1.7  3  1000  2  7  3 0.02  0 48 48 0 8  0.00025  0.00025  18 0.0 1.0 0.0 0.0 
1_19_ch3	 1024 1535 0 4095 -1 1 1.7  3  1000  2  7  3 0.02  0 48 48 0 8  0.00025  0.00025  18 0.0 0.0 1.0 0.0 
1_19_ch4	 1536 2047 0 4095  1 1 1.7  3  1000  2  7  3 0.02  0 48 48 0 8  0.00025  0.00025  18 0.0 0.0 0.0 1.0 
0_07	 4 	 2048 	 4096 
0_07_ch1	 0 511 0     4095  1 1 1.7  3  1000  2  7  3 0.02  0 48 48 0 8  0.00025  0.00025  18 1.0 0.0 0.0 0.0 
0_07_ch2	 512 1023 0  4095 -1 1 1.7  3  1000  2  7  3 0.02  0 48 48 0 8  0.00025  0.00025  18 0.0 1.0 0.0 0.0 
0_07_ch3	 1024 1535 0 4095 -1 1 1.7  3  1000  2  7  3 0.02  0 48 48 0 8  0.00025  0.00025  18 0.0 0.0 1.0 0.0 
0_07_ch4	 1536 2047 0 4095  1 1 1.7  3  1000  2  7  3 0.02  0 48 48 0 8  0.00025  0.00025  18 0.0 0.0 0.0 1.0 
0_06	 4 	 2048 	 4096 
0_06_ch1	 0 511 0     4095  1 1 1.7  3  1000  2  7  3 0.02  0 48 48 0 8  0.00025  0.00025  18 1.0 0.0 0.0 0.0 
0_06_ch2	 512 1023 0  4095 -1 1 1.7  3  1000  2  7  3 0.02  0 48 48 0 8  0.00025  0.00025  18 0.0 1.0 0.0 0.0 
0_06_ch3	 1024 1535 0 4095 -1 1 1.7  3  1000  2  7  3 0.02  0 48 48 0 8  0.00025  0.00025  18 0.0 0.0 1.0 0.0 
0_06_ch4	 1536 2047 0 4095  1 1 1.7  3  1000  2  7  3 0.02  0 48 48 0 8  0.00025  0.00025  18 0.0 0.0 0.0 1.0 
0_05	 4 	 2048 	 4096 
0_05_ch1	 0 511 0     4095  1 1 1.7  3  1000  2  7  3 0.02  0 48 48 0 8  0.00025  0.00025  18 1.0 0.0 0.0 0.0 
0_05_ch2	 512 1023 0  4095 -1 1 1.7  3  1000  2  7  3 0.02  0 48 48 0 8  0.00025  0.00025  18 0.0 1.0 0.0 0.0 
0_05_ch3	 1024 1535 0 4095 -1 1 1.7  3  1000  2  7  3 0.02  0 48 48 0 8  0.00025  0.00025  18 0.0 0.0 1.0 0.0 
0_05_ch4	 1536 2047 0 4095  1 1 1.7  3  1000  2  7  3 0.02  0 48 48 0 8  0.00025  0.00025  18 0.0 0.0 0.0 1.0 
0_04	 4 	 2048 	 4096 
0_04_ch1	 0 511 0     4095  1 1 1.7  3  1000  2  7  3 0.02  0 48 48 0 8  0.00025  0.00025  18 1.0 0.0 0.0 0.0 
0_04_ch2	 512 1023 0  4095 -1 1 1.7  3  1000  2  7  3 0.02  0 48 48 0 8  0.00025  0.00025  18 0.0 1.0 0.0 0.0 
0_04_ch3	 1024 1535 0 4095 -1 1 1.7  3  1000  2  7  3 0.02  0 48 48 0 8  0.00025  0.00025  18 0.0 0.0 1.0 0.0 
0_04_ch4	 1536 2047 0 4095  1 1 1.7  3  1000  2  7  3 0.02  0 48 48 0 8  0.00025  0.00025  18 0.0 0.0 0.0 1.0 
1_20	 4 	 2048 	 4096 
1_20_ch1	 0 511 0     4095  1 1 1.7  3  1000  2  7  3 0.02  0 48 48 0 8  0.00025  0.00025  18 1.0 0.0 0.0 0.0 
1_20_ch2	 512 1023 0  4095 -1 1 1.7  3  1000  2  7  3 0.02  0 48 48 0 8  0.00025  0.00025  18 0.0 1.0 0.0 0.0 
1_20_ch3	 1024 1535 0 4095 -1 1 1.7  3  1000  2  7  3 0.02  0 48 48 0 8  0.00025  0.00025  18 0.0 0.0 1.0 0.0 
1_20_ch4	 1536 2047 0 4095  1 1 1.7  3  1000  2  7  3 0.02  0 48 48 0 8  0.00025  0.00025  18 0.0 0.0 0.0 1.0 
1_21	 4 	 2048 	 4096 
1_21_ch1	 0 511 0     4095  1 1 1.7  3  1000  2  7  3 0.02  0 48 48 0 8  0.00025  0.00025  18 1.0 0.0 0.0 0.0 
1_21_ch2	 512 1023 0  4095 -1 1 1.7  3  1000  2  7  3 0.02  0 48 48 0 8  0.00025  0.00025  18 0.0 1.0 0.0 0.0 
1_21_ch3	 1024 1535 0 4095 -1 1 1.7  3  1000  2  7  3 0.02  0 48 48 0 8  0.00025  0.00025  18 0.0 0.0 1.0 0.0 
1_21_ch4	 1536 2047 0 4095  1 1 1.7  3  1000  2  7  3 0.02  0 48 48 0 8  0.00025  0.00025  18 0.0 0.0 0.0 1.0 
1_22	 4 	 2048 	 4096 
1_22_ch1	 0 511 0     4095  1 1 1.7  3  1000  2  7  3 0.02  0 48 48 0 8  0.00025  0.00025  18 1.0 0.0 0.0 0.0 
1_22_ch2	 512 1023 0  4095 -1 1 1.7  3  1000  2  7  3 0.02  0 48 48 0 8  0.00025  0.00025  18 0.0 1.0 0.0 0.0 
1_22_ch3	 1024 1535 0 4095 -1 1 1.7  3  1000  2  7  3 0.02  0 48 48 0 8  0.00025  0.00025  18 0.0 0.0 1.0 0.0 
1_22_ch4	 1536 2047 0 4095  1 1 1.7  3  1000  2  7  3 0.02  0 48 48 0 8  0.00025  0.00025  18 0.0 0.0 0.0 1.0 
1_23	 4 	 2048 	 4096 
1_23_ch1	 0 511 0     4095  1 1 1.7  3  1000  2  7  3 0.02  0 48 48 0 8  0.00025  0.00025  18 1.0 0.0 0.0 0.0 
1_23_ch2	 512 1023 0  4095 -1 1 1.7  3  1000  2  7  3 0.02  0 48 48 0 8  0.00025  0.00025  18 0.0 1.0 0.0 0.0 
1_23_ch3	 1024 1535 0 4095 -1 1 1.7  3  1000  2  7  3 0.02  0 48 48 0 8  0.00025  0.00025  18 0.0 0.0 1.0 0.0 
1_23_ch4	 1536 2047 0 4095  1 1 1.7  3  1000  2  7  3 0.02  0 48 48 0 8  0.00025  0.00025  18 0.0 0.0 0.0 1.0 
0_03	 4 	 2048 	 4096 
0_03_ch1	 0 511 0     4095  1 1 1.7  3  1000  2  7  3 0.02  0 48 48 0 8  0.00025  0.00025  18 1.0 0.0 0.0 0.0 
0_03_ch2	 512 1023 0  4095 -1 1 1.7  3  1000  2  7  3 0.02  0 48 48 0 8  0.00025  0.00025  18 0.0 1.0 0.0 0.0 
0_03_ch3	 1024 1535 0 4095 -1 1 1.7  3  1000  2  7  3 0.02  0 48 48 0 8  0.00025  0.00025  18 0.0 0.0 1.0 0.0 
0_03_ch4	 1536 2047 0 4095  1 1 1.7  3  1000  2  7  3 0.02  0 48 48 0 8  0.00025  0.00025  18 0.0 0.0 0.0 1.0 
0_02	 4 	 2048 	 4096 
0_02_ch1	 0 511 0     4095  1 1 1.7  3  1000  2  7  3 0.02  0 48 48 0 8  0.00025  0.00025  18 1.0 0.0 0.0 0.0 
0_02_ch2	 512 1023 0  4095 -1 1 1.7  3  1000  2  7  3 0.02  0 48 48 0 8  0.00025  0.00025  18 0.0 1.0 0.0 0.0 
0_02_ch3	 1024 1535 0 4095 -1 1 1.7  3  1000  2  7  3 0.02  0 48 48 0 8  0.00025  0.00025  18 0.0 0.0 1.0 0.0 
0_02_ch4	 1536 2047 0 4095  1 1 1.7  3  1000  2  7  3 0.02  0 48 48 0 8  0.00025  0.00025  18 0.0 0.0 0.0 1.0 
0_01	 4 	 2048 	 4096 
0_01_ch1	 0 511 0     4095  1 1 1.7  3  1000  2  7  3 0.02  0 48 48 0 8  0.00025  0.00025  18 1.0 0.0 0.0 0.0 
0_01_ch2	 512 1023 0  4095 -1 1 1.7  3  1000  2  7  3 0.02  0 48 48 0 8  0.00025  0.00025  18 0.0 1.0 0.0 0.0 
0_01_ch3	 1024 1535 0 4095 -1 1 1.7  3  1000  2  7  3 0.02  0 48 48 0 8  0.00025  0.00025  18 0.0 0.0 1.0 0.0 
0_01_ch4	 1536 2047 0 4095  1 1 1.7  3  1000  2  7  3 0.02  0 48 48 0 8  0.00025  0.00025  18 0.0 0.0 0.0 1.0 
0_00	 4 	 2048 	 4096 
0_00_ch1	 0 511 0     4095  1 1 1.7  3  1000  2  7  3 0.02  0 48 48 0 8  0.00025  0.00025  18 1.0 0.0 0.0 0.0 
0_00_ch2	 512 1023 0  4095 -1 1 1.7  3  1000  2  7  3 0.02  0 48 48 0 8  0.00025  0.00025  18 0.0 1.0 0.0 0.0 
0_00_ch3	 1024 1535 0 4095 -1 1 1.7  3  1000  2  7  3 0.02  0 48 48 0 8  0.00025  0.00025  18 0.0 0.0 1.0 0.0 
0_00_ch4	 1536 2047 0 4095  1 1 1.7  3  1000  2  7  3 0.02  0 48 48 0 8  0.00025  0.00025  18 0.0 0.0 0.0 1.0 
1_24	 4 	 2048 	 4096 
1_24_ch1	 0 511 0     4095  1 1 1.7  3  1000  2  7  3 0.02  0 48 48 0 8  0.00025  0.00025  18 1.0 0.0 0.0 0.0 
1_24_ch2	 512 1023 0  4095 -1 1 1.7  3  1000  2  7  3 0.02  0 48 48 0 8  0.00025  0.00025  18 0.0 1.0 0.0 0.0 
1_24_ch3	 1024 1535 0 4095 -1 1 1.7  3  1000  2  7  3 0.02  0 48 48 0 8  0.00025  0.00025  18 0.0 0.0 1.0 0.0 
1_24_ch4	 1536 2047 0 4095  1 1 1.7  3  1000  2  7  3 0.02  0 48 48 0 8  0.00025  0.00025  18 0.0 0.0 0.0 1.0 
1_25	 4 	 2048 	 4096 
1_25_ch1	 0 511 0     4095  1 1 1.7  3  1000  2  7  3 0.02  0 48 48 0 8  0.00025  0.00025  18 1.0 0.0 0.0 0.0 
1_25_ch2	 512 1023 0  4095 -1 1 1.7  3  1000  2  7  3 0.02  0 48 48 0 8  0.00025  0.00025  18 0.0 1.0 0.0 0.0 
1_25_ch3	 1024 1535 0 4095 -1 1 1.7  3  1000  2  7  3 0.02  0 48 48 0 8  0.00025  0.00025  18 0.0 0.0 1.0 0.0 
1_25_ch4	 1536 2047 0 4095  1 1 1.7  3  1000  2  7  3 0.02  0 48 48 0 8  0.00025  0.00025  18 0.0 0.0 0.0 1.0 
1_26	 4 	 2048 	 4096 
1_26_ch1	 0 511 0     4095  1 1 1.7  3  1000  2  7  3 0.02  0 48 48 0 8  0.00025  0.00025  18 1.0 0.0 0.0 0.0 
1_26_ch2	 512 1023 0  4095 -1 1 1.7  3  1000  2  7  3 0.02  0 48 48 0 8  0.00025  0.00025  18 0.0 1.0 0.0 0.0 
1_26_ch3	 1024 1535 0 4095 -1 1 1.7  3  1000  2  7  3 0.02  0 48 48 0 8  0.00025  0.00025  18 0.0 0.0 1.0 0.0 
1_26_ch4	 1536 2047 0 4095  1 1 1.7  3  1000  2  7  3 0.02  0 48 48 0 8  0.00025  0.00025  18 0.0 0.0 0.0 1.0 
1_27	 4 	 2048 	 4096 
1_27_ch1	 0 511 0     4095  1 1 1.7  3  1000  2  7  3 0.02  0 48 48 0 8  0.00025  0.00025  18 1.0 0.0 0.0 0.0 
1_27_ch2	 512 1023 0  4095 -1 1 1.7  3  1000  2  7  3 0.02  0 48 48 0 8  0.00025  0.00025  18 0.0 1.0 0.0 0.0 
1_27_ch3	 1024 1535 0 4095 -1 1 1.7  3  1000  2  7  3 0.02  0 48 48 0 8  0.00025  0.00025  18 0.0 0.0 1.0 0.0 
1_27_ch4	 1536 2047 0 4095  1 1 1.7  3  1000  2  7  3 0.02  0 48 48 0 8  0.00025  0.00025  18 0.0 0.0 0.0 1.0 
0_34	 4 	 2048 	 4096 
0_34_ch1	 0 511 0     4095  1 1 1.7  3  1000  2  7  3 0.02  0 48 48 0 8  0.00025  0.00025  18 1.0 0.0 0.0 0.0 
0_34_ch2	 512 1023 0  4095 -1 1 1.7  3  1000  2  7  3 0.02  0 48 48 0 8  0.00025  0.00025  18 0.0 1.0 0.0 0.0 
0_34_ch3	 1024 1535 0 4095 -1 1 1.7  3  1000  2  7  3 0.02  0 48 48 0 8  0.00025  0.00025  18 0.0 0.0 1.0 0.0 
0_34_ch4	 1536 2047 0 4095  1 1 1.7  3  1000  2  7  3 0.02  0 48 48 0 8  0.00025  0.00025  18 0.0 0.0 0.0 1.0 
0_33	 4 	 2048 	 4096 
0_33_ch1	 0 511 0     4095  1 1 1.7  3  1000  2  7  3 0.02  0 48 48 0 8  0.00025  0.00025  18 1.0 0.0 0.0 0.0 
0_33_ch2	 512 1023 0  4095 -1 1 1.7  3  1000  2  7  3 0.02  0 48 48 0 8  0.00025  0.00025  18 0.0 1.0 0.0 0.0 
0_33_ch3	 1024 1535 0 4095 -1 1 1.7  3  1000  2  7  3 0.02  0 48 48 0 8  0.00025  0.00025  18 0.0 0.0 1.0 0.0 
0_33_ch4	 1536 2047 0 4095  1 1 1.7  3  1000  2  7  3 0.02  0 48 48 0 8  0.00025  0.00025  18 0.0 0.0 0.0 1.0 
0_32	 4 	 2048 	 4096 
0_32_ch1	 0 511 0     4095  1 1 1.7  3  1000  2  7  3 0.02  0 48 48 0 8  0.00025  0.00025  18 1.0 0.0 0.0 0.0 
0_32_ch2	 512 1023 0  4095 -1 1 1.7  3  1000  2  7  3 0.02  0 48 48 0 8  0.00025  0.00025  18 0.0 1.0 0.0 0.0 
0_32_ch3	 1024 1535 0 4095 -1 1 1.7  3  1000  2  7  3 0.02  0 48 48 0 8  0.00025  0.00025  18 0.0 0.0 1.0 0.0 
0_32_ch4	 1536 2047 0 4095  1 1 1.7  3  1000  2  7  3 0.02  0 48 48 0 8  0.00025  0.00025  18 0.0 0.0 0.0 1.0 
1_28	 4 	 2048 	 4096 
1_28_ch1	 0 511 0     4095  1 1 1.7  3  1000  2  7  3 0.02  0 48 48 0 8  0.00025  0.00025  18 1.0 0.0 0.0 0.0 
1_28_ch2	 512 1023 0  4095 -1 1 1.7  3  1000  2  7  3 0.02  0 48 48 0 8  0.00025  0.00025  18 0.0 1.0 0.0 0.0 
1_28_ch3	 1024 1535 0 4095 -1 1 1.7  3  1000  2  7  3 0.02  0 48 48 0 8  0.00025  0.00025  18 0.0 0.0 1.0 0.0 
1_28_ch4	 1536 2047 0 4095  1 1 1.7  3  1000  2  7  3 0.02  0 48 48 0 8  0.00025  0.00025  18 0.0 0.0 0.0 1.0 
1_29	 4 	 2048 	 4096 
1_29_ch1	 0 511 0     4095  1 1 1.7  3  1000  2  7  3 0.02  0 48 48 0 8  0.00025  0.00025  18 1.0 0.0 0.0 0.0 
1_29_ch2	 512 1023 0  4095 -1 1 1.7  3  1000  2  7  3 0.02  0 48 48 0 8  0.00025  0.00025  18 0.0 1.0 0.0 0.0 
1_29_ch3	 1024 1535 0 4095 -1 1 1.7  3  1000  2  7  3 0.02  0 48 48 0 8  0.00025  0.00025  18 0.0 0.0 1.0 0.0 
1_29_ch4	 1536 2047 0 4095  1 1 1.7  3  1000  2  7  3 0.02  0 48 48 0 8  0.00025  0.00025  18 0.0 0.0 0.0 1.0 
1_30	 4 	 2048 	 4096 
1_30_ch1	 0 511 0     4095  1 1 1.7  3  1000  2  7  3 0.02  0 48 48 0 8  0.00025  0.00025  18 1.0 0.0 0.0 0.0 
1_30_ch2	 512 1023 0  4095 -1 1 1.7  3  1000  2  7  3 0.02  0 48 48 0 8  0.00025  0.00025  18 0.0 1.0 0.0 0.0 
1_30_ch3	 1024 1535 0 4095 -1 1 1.7  3  1000  2  7  3 0.02  0 48 48 0 8  0.00025  0.00025  18 0.0 0.0 1.0 0.0 
1_30_ch4	 1536 2047 0 4095  1 1 1.7  3  1000  2  7  3 0.02  0 48 48 0 8  0.00025  0.00025  18 0.0 0.0 0.0 1.0 
0_41	 4 	 2048 	 4096 
0_41_ch1	 0 511 0     4095  1 1 1.7  3  1000  2  7  3 0.02  0 48 48 0 8  0.00025  0.00025  18 1.0 0.0 0.0 0.0 
0_41_ch2	 512 1023 0  4095 -1 1 1.7  3  1000  2  7  3 0.02  0 48 48 0 8  0.00025  0.00025  18 0.0 1.0 0.0 0.0 
0_41_ch3	 1024 1535 0 4095 -1 1 1.7  3  1000  2  7  3 0.02  0 48 48 0 8  0.00025  0.00025  18 0.0 0.0 1.0 0.0 
0_41_ch4	 1536 2047 0 4095  1 1 1.7  3  1000  2  7  3 0.02  0 48 48 0 8  0.00025  0.00025  18 0.0 0.0 0.0 1.0 
0_40	 4 	 2048 	 4096 
0_40_ch1	 0 511 0     4095  1 1 1.7  3  1000  2  7  3 0.02  0 48 48 0 8  0.00025  0.00025  18 1.0 0.0 0.0 0.0 
0_40_ch2	 512 1023 0  4095 -1 1 1.7  3  1000  2  7  3 0.02  0 48 48 0 8  0.00025  0.00025  18 0.0 1.0 0.0 0.0 
0_40_ch3	 1024 1535 0 4095 -1 1 1.7  3  1000  2  7  3 0.02  0 48 48 0 8  0.00025  0.00025  18 0.0 0.0 1.0 0.0 
0_40_ch4	 1536 2047 0 4095  1 1 1.7  3  1000  2  7  3 0.02  0 48 48 0 8  0.00025  0.00025  18 0.0 0.0 0.0 1.0 
0_39	 4 	 2048 	 4096 
0_39_ch1	 0 511 0     4095  1 1 1.7  3  1000  2  7  3 0.02  0 48 48 0 8  0.00025  0.00025  18 1.0 0.0 0.0 0.0 
0_39_ch2	 512 1023 0  4095 -1 1 1.7  3  1000  2  7  3 0.02  0 48 48 0 8  0.00025  0.00025  18 0.0 1.0 0.0 0.0 
0_39_ch3	 1024 1535 0 4095 -1 1 1.7  3  1000  2  7  3 0.02  0 48 48 0 8  0.00025  0.00025  18 0.0 0.0 1.0 0.0 
0_39_ch4	 1536 2047 0 4095  1 1 1.7  3  1000  2  7  3 0.02  0 48 48 0 8  0.00025  0.00025  18 0.0 0.0 0.0 1.0 
0_38	 4 	 2048 	 4096 
0_38_ch1	 0 511 0     4095  1 1 1.7  3  1000  2  7  3 0.02  0 48 48 0 8  0.00025  0.00025  18 1.0 0.0 0.0 0.0 
0_38_ch2	 512 1023 0  4095 -1 1 1.7  3  1000  2  7  3 0.02  0 48 48 0 8  0.00025  0.00025  18 0.0 1.0 0.0 0.0 
0_38_ch3	 1024 1535 0 4095 -1 1 1.7  3  1000  2  7  3 0.02  0 48 48 0 8  0.00025  0.00025  18 0.0 0.0 1.0 0.0 
0_38_ch4	 1536 2047 0 4095  1 1 1.7  3  1000  2  7  3 0.02  0 48 48 0 8  0.00025  0.00025  18 0.0 0.0 0.0 1.0 
0_37	 4 	 2048 	 4096 
0_37_ch1	 0 511 0     4095  1 1 1.7  3  1000  2  7  3 0.02  0 48 48 0 8  0.00025  0.00025  18 1.0 0.0 0.0 0.0 
0_37_ch2	 512 1023 0  4095 -1 1 1.7  3  1000  2  7  3 0.02  0 48 48 0 8  0.00025  0.00025  18 0.0 1.0 0.0 0.0 
0_37_ch3	 1024 1535 0 4095 -1 1 1.7  3  1000  2  7  3 0.02  0 48 48 0 8  0.00025  0.00025  18 0.0 0.0 1.0 0.0 
0_37_ch4	 1536 2047 0 4095  1 1 1.7  3  1000  2  7  3 0.02  0 48 48 0 8  0.00025  0.00025  18 0.0 0.0 0.0 1.0 
0_36	 4 	 2048 	 4096 
0_36_ch1	 0 511 0     4095  1 1 1.7  3  1000  2  7  3 0.02  0 48 48 0 8  0.00025  0.00025  18 1.0 0.0 0.0 0.0 
0_36_ch2	 512 1023 0  4095 -1 1 1.7  3  1000  2  7  3 0.02  0 48 48 0 8  0.00025  0.00025  18 0.0 1.0 0.0 0.0 
0_36_ch3	 1024 1535 0 4095 -1 1 1.7  3  1000  2  7  3 0.02  0 48 48 0 8  0.00025  0.00025  18 0.0 0.0 1.0 0.0 
0_36_ch4	 1536 2047 0 4095  1 1 1.7  3  1000  2  7  3 0.02  0 48 48 0 8  0.00025  0.00025  18 0.0 0.0 0.0 1.0 
0_47	 4 	 2048 	 4096 
0_47_ch1	 0 511 0     4095  1 1 1.7  3  1000  2  7  3 0.02  0 48 48 0 8  0.00025  0.00025  18 1.0 0.0 0.0 0.0 
0_47_ch2	 512 1023 0  4095 -1 1 1.7  3  1000  2  7  3 0.02  0 48 48 0 8  0.00025  0.00025  18 0.0 1.0 0.0 0.0 
0_47_ch3	 1024 1535 0 4095 -1 1 1.7  3  1000  2  7  3 0.02  0 48 48 0 8  0.00025  0.00025  18 0.0 0.0 1.0 0.0 
0_47_ch4	 1536 2047 0 4095  1 1 1.7  3  1000  2  7  3 0.02  0 48 48 0 8  0.00025  0.00025  18 0.0 0.0 0.0 1.0 
0_46	 4 	 2048 	 4096 
0_46_ch1	 0 511 0     4095  1 1 1.7  3  1000  2  7  3 0.02  0 48 48 0 8  0.00025  0.00025  18 1.0 0.0 0.0 0.0 
0_46_ch2	 512 1023 0  4095 -1 1 1.7  3  1000  2  7  3 0.02  0 48 48 0 8  0.00025  0.00025  18 0.0 1.0 0.0 0.0 
0_46_ch3	 1024 1535 0 4095 -1 1 1.7  3  1000  2  7  3 0.02  0 48 48 0 8  0.00025  0.00025  18 0.0 0.0 1.0 0.0 
0_46_ch4	 1536 2047 0 4095  1 1 1.7  3  1000  2  7  3 0.02  0 48 48 0 8  0.00025  0.00025  18 0.0 0.0 0.0 1.0 
0_45	 4 	 2048 	 4096 
0_45_ch1	 0 511 0     4095  1 1 1.7  3  1000  2  7  3 0.02  0 48 48 0 8  0.00025  0.00025  18 1.0 0.0 0.0 0.0 
0_45_ch2	 512 1023 0  4095 -1 1 1.7  3  1000  2  7  3 0.02  0 48 48 0 8  0.00025  0.00025  18 0.0 1.0 0.0 0.0 
0_45_ch3	 1024 1535 0 4095 -1 1 1.7  3  1000  2  7  3 0.02  0 48 48 0 8  0.00025  0.00025  18 0.0 0.0 1.0 0.0 
0_45_ch4	 1536 2047 0 4095  1 1 1.7  3  1000  2  7  3 0.02  0 48 48 0 8  0.00025  0.00025  18 0.0 0.0 0.0 1.0 
0_44	 4 	 2048 	 4096 
0_44_ch1	 0 511 0     4095  1 1 1.7  3  1000  2  7  3 0.02  0 48 48 0 8  0.00025  0.00025  18 1.0 0.0 0.0 0.0 
0_44_ch2	 512 1023 0  4095 -1 1 1.7  3  1000  2  7  3 0.02  0 48 48 0 8  0.00025  0.00025  18 0.0 1.0 0.0 0.0 
0_44_ch3	 1024 1535 0 4095 -1 1 1.7  3  1000  2  7  3 0.02  0 48 48 0 8  0.00025  0.00025  18 0.0 0.0 1.0 0.0 
0_44_ch4	 1536 2047 0 4095  1 1 1.7  3  1000  2  7  3 0.02  0 48 48 0 8  0.00025  0.00025  18 0.0 0.0 0.0 1.0 
0_43	 4 	 2048 	 4096 
0_43_ch1	 0 511 0     4095  1 1 1.7  3  1000  2  7  3 0.02  0 48 48 0 8  0.00025  0.00025  18 1.0 0.0 0.0 0.0 
0_43_ch2	 512 1023 0  4095 -1 1 1.7  3  1000  2  7  3 0.02  0 48 48 0 8  0.00025  0.00025  18 0.0 1.0 0.0 0.0 
0_43_ch3	 1024 1535 0 4095 -1 1 1.7  3  1000  2  7  3 0.02  0 48 48 0 8  0.00025  0.00025  18 0.0 0.0 1.0 0.0 
0_43_ch4	 1536 2047 0 4095  1 1 1.7  3  1000  2  7  3 0.02  0 48 48 0 8  0.00025  0.00025  18 0.0 0.0 0.0 1.0 
0_42	 4 	 2048 	 4096 
0_42_ch1	 0 511 0     4095  1 1 1.7  3  1000  2  7  3 0.02  0 48 48 0 8  0.00025  0.00025  18 1.0 0.0 0.0 0.0 
0_42_ch2	 512 1023 0  4095 -1 1 1.7  3  1000  2  7  3 0.02  0 48 48 0 8  0.00025  0.00025  18 0.0 1.0 0.0 0.0 
0_42_ch3	 1024 1535 0 4095 -1 1 1.7  3  1000  2  7  3 0.02  0 48 48 0 8  0.00025  0.00025  18 0.0 0.0 1.0 0.0 
0_42_ch4	 1536 2047 0 4095  1 1 1.7  3  1000  2  7  3 0.02  0 48 48 0 8  0.00025  0.00025  18 0.0 0.0 0.0 1.0 
0_56	 4 	 2048 	 4096 
0_56_ch1	 0 511 0     4095  1 1 1.7  3  1000  2  7  3 0.02  0 48 48 0 8  0.00025  0.00025  18 1.0 0.0 0.0 0.0 
0_56_ch2	 512 1023 0  4095 -1 1 1.7  3  1000  2  7  3 0.02  0 48 48 0 8  0.00025  0.00025  18 0.0 1.0 0.0 0.0 
0_56_ch3	 1024 1535 0 4095 -1 1 1.7  3  1000  2  7  3 0.02  0 48 48 0 8  0.00025  0.00025  18 0.0 0.0 1.0 0.0 
0_56_ch4	 1536 2047 0 4095  1 1 1.7  3  1000  2  7  3 0.02  0 48 48 0 8  0.00025  0.00025  18 0.0 0.0 0.0 1.0 
0_55	 4 	 2048 	 4096 
0_55_ch1	 0 511 0     4095  1 1 1.7  3  1000  2  7  3 0.02  0 48 48 0 8  0.00025  0.00025  18 1.0 0.0 0.0 0.0 
0_55_ch2	 512 1023 0  4095 -1 1 1.7  3  1000  2  7  3 0.02  0 48 48 0 8  0.00025  0.00025  18 0.0 1.0 0.0 0.0 
0_55_ch3	 1024 1535 0 4095 -1 1 1.7  3  1000  2  7  3 0.02  0 48 48 0 8  0.00025  0.00025  18 0.0 0.0 1.0 0.0 
0_55_ch4	 1536 2047 0 4095  1 1 1.7  3  1000  2  7  3 0.02  0 48 48 0 8  0.00025  0.00025  18 0.0 0.0 0.0 1.0 
0_54	 4 	 2048 	 4096 
0_54_ch1	 0 511 0     4095  1 1 1.7  3  1000  2  7  3 0.02  0 48 48 0 8  0.00025  0.00025  18 1.0 0.0 0.0 0.0 
0_54_ch2	 512 1023 0  4095 -1 1 1.7  3  1000  2  7  3 0.02  0 48 48 0 8  0.00025  0.00025  18 0.0 1.0 0.0 0.0 
0_54_ch3	 1024 1535 0 4095 -1 1 1.7  3  1000  2  7  3 0.02  0 48 48 0 8  0.00025  0.00025  18 0.0 0.0 1.0 0.0 
0_54_ch4	 1536 2047 0 4095  1 1 1.7  3  1000  2  7  3 0.02  0 48 48 0 8  0.00025  0.00025  18 0.0 0.0 0.0 1.0 
0_53	 4 	 2048 	 4096 
0_53_ch1	 0 511 0     4095  1 1 1.7  3  1000  2  7  3 0.02  0 48 48 0 8  0.00025  0.00025  18 1.0 0.0 0.0 0.0 
0_53_ch2	 512 1023 0  4095 -1 1 1.7  3  1000  2  7  3 0.02  0 48 48 0 8  0.00025  0.00025  18 0.0 1.0 0.0 0.0 
0_53_ch3	 1024 1535 0 4095 -1 1 1.7  3  1000  2  7  3 0.02  0 48 48 0 8  0.00025  0.00025  18 0.0 0.0 1.0 0.0 
0_53_ch4	 1536 2047 0 4095  1 1 1.7  3  1000  2  7  3 0.02  0 48 48 0 8  0.00025  0.00025  18 0.0 0.0 0.0 1.0 
0_31	 4 	 2048 	 4096 
0_31_ch1	 0 511 0     4095  1 1 1.7  3  1000  2  7  3 0.02  0 48 48 0 8  0.00025  0.00025  18 1.0 0.0 0.0 0.0 
0_31_ch2	 512 1023 0  4095 -1 1 1.7  3  1000  2  7  3 0.02  0 48 48 0 8  0.00025  0.00025  18 0.0 1.0 0.0 0.0 
0_31_ch3	 1024 1535 0 4095 -1 1 1.7  3  1000  2  7  3 0.02  0 48 48 0 8  0.00025  0.00025  18 0.0 0.0 1.0 0.0 
0_31_ch4	 1536 2047 0 4095  1 1 1.7  3  1000  2  7  3 0.02  0 48 48 0 8  0.00025  0.00025  18 0.0 0.0 0.0 1.0 
1_35	 4 	 2048 	 4096 
1_35_ch1	 0 511 0     4095  1 1 1.7  3  1000  2  7  3 0.02  0 48 48 0 8  0.00025  0.00025  18 1.0 0.0 0.0 0.0 
1_35_ch2	 512 1023 0  4095 -1 1 1.7  3  1000  2  7  3 0.02  0 48 48 0 8  0.00025  0.00025  18 0.0 1.0 0.0 0.0 
1_35_ch3	 1024 1535 0 4095 -1 1 1.7  3  1000  2  7  3 0.02  0 48 48 0 8  0.00025  0.00025  18 0.0 0.0 1.0 0.0 
1_35_ch4	 1536 2047 0 4095  1 1 1.7  3  1000  2  7  3 0.02  0 48 48 0 8  0.00025  0.00025  18 0.0 0.0 0.0 1.0 
0_35	 4 	 2048 	 4096 
0_35_ch1	 0 511 0     4095  1 1 1.7  3  1000  2  7  3 0.02  0 48 48 0 8  0.00025  0.00025  18 1.0 0.0 0.0 0.0 
0_35_ch2	 512 1023 0  4095 -1 1 1.7  3  1000  2  7  3 0.02  0 48 48 0 8  0.00025  0.00025  18 0.0 1.0 0.0 0.0 
0_35_ch3	 1024 1535 0 4095 -1 1 1.7  3  1000  2  7  3 0.02  0 48 48 0 8  0.00025  0.00025  18 0.0 0.0 1.0 0.0 
0_35_ch4	 1536 2047 0 4095  1 1 1.7  3  1000  2  7  3 0.02  0 48 48 0 8  0.00025  0.00025  18 0.0 0.0 0.0 1.0 
1_31	 4 	 2048 	 4096 
1_31_ch1	 0 511 0     4095  1 1 1.7  3  1000  2  7  3 0.02  0 48 48 0 8  0.00025  0.00025  18 1.0 0.0 0.0 0.0 
1_31_ch2	 512 1023 0  4095 -1 1 1.7  3  1000  2  7  3 0.02  0 48 48 0 8  0.00025  0.00025  18 0.0 1.0 0.0 0.0 
1_31_ch3	 1024 1535 0 4095 -1 1 1.7  3  1000  2  7  3 0.02  0 48 48 0 8  0.00025  0.00025  18 0.0 0.0 1.0 0.0 
1_31_ch4	 1536 2047 0 4095  1 1 1.7  3  1000  2  7  3 0.02  0 48 48 0 8  0.00025  0.00025  18 0.0 0.0 0.0 1.0 
1_48	 4 	 2048 	 4096 
1_48_ch1	 0 511 0     4095  1 1 1.7  3  1000  2  7  3 0.02  0 48 48 0 8  0.00025  0.00025  18 1.0 0.0 0.0 0.0 
1_48_ch2	 512 1023 0  4095 -1 1 1.7  3  1000  2  7  3 0.02  0 48 48 0 8  0.00025  0.00025  18 0.0 1.0 0.0 0.0 
1_48_ch3	 1024 1535 0 4095 -1 1 1.7  3  1000  2  7  3 0.02  0 48 48 0 8  0.00025  0.00025  18 0.0 0.0 1.0 0.0 
1_48_ch4	 1536 2047 0 4095  1 1 1.7  3  1000  2  7  3 0.02  0 48 48 0 8  0.00025  0.00025  18 0.0 0.0 0.0 1.0 
1_51	 4 	 2048 	 4096 
1_51_ch1	 0 511 0     4095  1 1 1.7  3  1000  2  7  3 0.02  0 48 48 0 8  0.00025  0.00025  18 1.0 0.0 0.0 0.0 
1_51_ch2	 512 1023 0  4095 -1 1 1.7  3  1000  2  7  3 0.02  0 48 48 0 8  0.00025  0.00025  18 0.0 1.0 0.0 0.0 
1_51_ch3	 1024 1535 0 4095 -1 1 1.7  3  1000  2  7  3 0.02  0 48 48 0 8  0.00025  0.00025  18 0.0 0.0 1.0 0.0 
1_51_ch4	 1536 2047 0 4095  1 1 1.7  3  1000  2  7  3 0.02  0 48 48 0 8  0.00025  0.00025  18 0.0 0.0 0.0 1.0 
1_52	 4 	 2048 	 4096 
1_52_ch1	 0 511 0     4095  1 1 1.7  3  1000  2  7  3 0.02  0 48 48 0 8  0.00025  0.00025  18 1.0 0.0 0.0 0.0 
1_52_ch2	 512 1023 0  4095 -1 1 1.7  3  1000  2  7  3 0.02  0 48 48 0 8  0.00025  0.00025  18 0.0 1.0 0.0 0.0 
1_52_ch3	 1024 1535 0 4095 -1 1 1.7  3  1000  2  7  3 0.02  0 48 48 0 8  0.00025  0.00025  18 0.0 0.0 1.0 0.0 
1_52_ch4	 1536 2047 0 4095  1 1 1.7  3  1000  2  7  3 0.02  0 48 48 0 8  0.00025  0.00025  18 0.0 0.0 0.0 1.0 
1_57	 4 	 2048 	 4096 
1_57_ch1	 0 511 0     4095  1 1 1.7  3  1000  2  7  3 0.02  0 48 48 0 8  0.00025  0.00025  18 1.0 0.0 0.0 0.0 
1_57_ch2	 512 1023 0  4095 -1 1 1.7  3  1000  2  7  3 0.02  0 48 48 0 8  0.00025  0.00025  18 0.0 1.0 0.0 0.0 
1_57_ch3	 1024 1535 0 4095 -1 1 1.7  3  1000  2  7  3 0.02  0 48 48 0 8  0.00025  0.00025  18 0.0 0.0 1.0 0.0 
1_57_ch4	 1536 2047 0 4095  1 1 1.7  3  1000  2  7  3 0.02  0 48 48 0 8  0.00025  0.00025  18 0.0 0.0 0.0 1.0 
0_57	 4 	 2048 	 4096 
0_57_ch1	 0 511 0     4095  1 1 1.7  3  1000  2  7  3 0.02  0 48 48 0 8  0.00025  0.00025  18 1.0 0.0 0.0 0.0 
0_57_ch2	 512 1023 0  4095 -1 1 1.7  3  1000  2  7  3 0.02  0 48 48 0 8  0.00025  0.00025  18 0.0 1.0 0.0 0.0 
0_57_ch3	 1024 1535 0 4095 -1 1 1.7  3  1000  2  7  3 0.02  0 48 48 0 8  0.00025  0.00025  18 0.0 0.0 1.0 0.0 
0_57_ch4	 1536 2047 0 4095  1 1 1.7  3  1000  2  7  3 0.02  0 48 48 0 8  0.00025  0.00025  18 0.0 0.0 0.0 1.0 
0_52	 4 	 2048 	 4096 
0_52_ch1	 0 511 0     4095  1 1 1.7  3  1000  2  7  3 0.02  0 48 48 0 8  0.00025  0.00025  18 1.0 0.0 0.0 0.0 
0_52_ch2	 512 1023 0  4095 -1 1 1.7  3  1000  2  7  3 0.02  0 48 48 0 8  0.00025  0.00025  18 0.0 1.0 0.0 0.0 
0_52_ch3	 1024 1535 0 4095 -1 1 1.7  3  1000  2  7  3 0.02  0 48 48 0 8  0.00025  0.00025  18 0.0 0.0 1.0 0.0 
0_52_ch4	 1536 2047 0 4095  1 1 1.7  3  1000  2  7  3 0.02  0 48 48 0 8  0.00025  0.00025  18 0.0 0.0 0.0 1.0 
0_51	 4 	 2048 	 4096 
0_51_ch1	 0 511 0     4095  1 1 1.7  3  1000  2  7  3 0.02  0 48 48 0 8  0.00025  0.00025  18 1.0 0.0 0.0 0.0 
0_51_ch2	 512 1023 0  4095 -1 1 1.7  3  1000  2  7  3 0.02  0 48 48 0 8  0.00025  0.00025  18 0.0 1.0 0.0 0.0 
0_51_ch3	 1024 1535 0 4095 -1 1 1.7  3  1000  2  7  3 0.02  0 48 48 0 8  0.00025  0.00025  18 0.0 0.0 1.0 0.0 
0_51_ch4	 1536 2047 0 4095  1 1 1.7  3  1000  2  7  3 0.02  0 48 48 0 8  0.00025  0.00025  18 0.0 0.0 0.0 1.0 
0_48	 4 	 2048 	 4096 
0_48_ch1	 0 511 0     4095  1 1 1.7  3  1000  2  7  3 0.02  0 48 48 0 8  0.00025  0.00025  18 1.0 0.0 0.0 0.0 
0_48_ch2	 512 1023 0  4095 -1 1 1.7  3  1000  2  7  3 0.02  0 48 48 0 8  0.00025  0.00025  18 0.0 1.0 0.0 0.0 
0_48_ch3	 1024 1535 0 4095 -1 1 1.7  3  1000  2  7  3 0.02  0 48 48 0 8  0.00025  0.00025  18 0.0 0.0 1.0 0.0 
0_48_ch4	 1536 2047 0 4095  1 1 1.7  3  1000  2  7  3 0.02  0 48 48 0 8  0.00025  0.00025  18 0.0 0.0 0.0 1.0 
