     0.200000      1.55051
     0.201000      1.54917
     0.202000      1.54786
     0.203000      1.54658
     0.204000      1.54533
     0.205000      1.54411
     0.206000      1.54291
     0.207000      1.54174
     0.208000      1.54059
     0.209000      1.53946
     0.210000      1.53836
     0.211000      1.53728
     0.212000      1.53622
     0.213000      1.53518
     0.214000      1.53416
     0.215000      1.53316
     0.216000      1.53219
     0.217000      1.53123
     0.218000      1.53028
     0.219000      1.52936
     0.220000      1.52845
     0.221000      1.52756
     0.222000      1.52669
     0.223000      1.52583
     0.224000      1.52499
     0.225000      1.52416
     0.226000      1.52335
     0.227000      1.52255
     0.228000      1.52177
     0.229000      1.52099
     0.230000      1.52024
     0.231000      1.51949
     0.232000      1.51876
     0.233000      1.51804
     0.234000      1.51733
     0.235000      1.51664
     0.236000      1.51595
     0.237000      1.51528
     0.238000      1.51462
     0.239000      1.51397
     0.240000      1.51333
     0.241000      1.51270
     0.242000      1.51208
     0.243000      1.51147
     0.244000      1.51086
     0.245000      1.51027
     0.246000      1.50969
     0.247000      1.50912
     0.248000      1.50855
     0.249000      1.50799
     0.250000      1.50745
     0.251000      1.50691
     0.252000      1.50637
     0.253000      1.50585
     0.254000      1.50533
     0.255000      1.50482
     0.256000      1.50432
     0.257000      1.50383
     0.258000      1.50334
     0.259000      1.50286
     0.260000      1.50239
     0.261000      1.50192
     0.262000      1.50146
     0.263000      1.50101
     0.264000      1.50056
     0.265000      1.50012
     0.266000      1.49968
     0.267000      1.49925
     0.268000      1.49883
     0.269000      1.49841
     0.270000      1.49800
     0.271000      1.49759
     0.272000      1.49719
     0.273000      1.49680
     0.274000      1.49641
     0.275000      1.49602
     0.276000      1.49564
     0.277000      1.49526
     0.278000      1.49489
     0.279000      1.49453
     0.280000      1.49416
     0.281000      1.49381
     0.282000      1.49345
     0.283000      1.49311
     0.284000      1.49276
     0.285000      1.49242
     0.286000      1.49209
     0.287000      1.49176
     0.288000      1.49143
     0.289000      1.49110
     0.290000      1.49079
     0.291000      1.49047
     0.292000      1.49016
     0.293000      1.48985
     0.294000      1.48955
     0.295000      1.48925
     0.296000      1.48895
     0.297000      1.48865
     0.298000      1.48836
     0.299000      1.48808
     0.300000      1.48779
     0.301000      1.48751
     0.302000      1.48724
     0.303000      1.48696
     0.304000      1.48669
     0.305000      1.48642
     0.306000      1.48616
     0.307000      1.48590
     0.308000      1.48564
     0.309000      1.48538
     0.310000      1.48513
     0.311000      1.48488
     0.312000      1.48463
     0.313000      1.48438
     0.314000      1.48414
     0.315000      1.48390
     0.316000      1.48366
     0.317000      1.48343
     0.318000      1.48320
     0.319000      1.48297
     0.320000      1.48274
     0.321000      1.48251
     0.322000      1.48229
     0.323000      1.48207
     0.324000      1.48185
     0.325000      1.48164
     0.326000      1.48142
     0.327000      1.48121
     0.328000      1.48100
     0.329000      1.48080
     0.330000      1.48059
     0.331000      1.48039
     0.332000      1.48019
     0.333000      1.47999
     0.334000      1.47979
     0.335000      1.47960
     0.336000      1.47940
     0.337000      1.47921
     0.338000      1.47902
     0.339000      1.47884
     0.340000      1.47865
     0.341000      1.47847
     0.342000      1.47829
     0.343000      1.47811
     0.344000      1.47793
     0.345000      1.47775
     0.346000      1.47758
     0.347000      1.47740
     0.348000      1.47723
     0.349000      1.47706
     0.350000      1.47689
     0.351000      1.47672
     0.352000      1.47656
     0.353000      1.47640
     0.354000      1.47623
     0.355000      1.47607
     0.356000      1.47591
     0.357000      1.47575
     0.358000      1.47560
     0.359000      1.47544
     0.360000      1.47529
     0.361000      1.47514
     0.362000      1.47499
     0.363000      1.47484
     0.364000      1.47469
     0.365000      1.47454
     0.366000      1.47440
     0.367000      1.47425
     0.368000      1.47411
     0.369000      1.47397
     0.370000      1.47383
     0.371000      1.47369
     0.372000      1.47355
     0.373000      1.47341
     0.374000      1.47328
     0.375000      1.47314
     0.376000      1.47301
     0.377000      1.47287
     0.378000      1.47274
     0.379000      1.47261
     0.380000      1.47248
     0.381000      1.47236
     0.382000      1.47223
     0.383000      1.47210
     0.384000      1.47198
     0.385000      1.47186
     0.386000      1.47173
     0.387000      1.47161
     0.388000      1.47149
     0.389000      1.47137
     0.390000      1.47125
     0.391000      1.47113
     0.392000      1.47102
     0.393000      1.47090
     0.394000      1.47079
     0.395000      1.47067
     0.396000      1.47056
     0.397000      1.47045
     0.398000      1.47034
     0.399000      1.47023
     0.400000      1.47012
     0.401000      1.47001
     0.402000      1.46990
     0.403000      1.46979
     0.404000      1.46969
     0.405000      1.46958
     0.406000      1.46948
     0.407000      1.46937
     0.408000      1.46927
     0.409000      1.46917
     0.410000      1.46907
     0.411000      1.46897
     0.412000      1.46887
     0.413000      1.46877
     0.414000      1.46867
     0.415000      1.46857
     0.416000      1.46847
     0.417000      1.46838
     0.418000      1.46828
     0.419000      1.46819
     0.420000      1.46809
     0.421000      1.46800
     0.422000      1.46791
     0.423000      1.46782
     0.424000      1.46772
     0.425000      1.46763
     0.426000      1.46754
     0.427000      1.46745
     0.428000      1.46737
     0.429000      1.46728
     0.430000      1.46719
     0.431000      1.46710
     0.432000      1.46702
     0.433000      1.46693
     0.434000      1.46685
     0.435000      1.46676
     0.436000      1.46668
     0.437000      1.46660
     0.438000      1.46651
     0.439000      1.46643
     0.440000      1.46635
     0.441000      1.46627
     0.442000      1.46619
     0.443000      1.46611
     0.444000      1.46603
     0.445000      1.46595
     0.446000      1.46587
     0.447000      1.46580
     0.448000      1.46572
     0.449000      1.46564
     0.450000      1.46557
     0.451000      1.46549
     0.452000      1.46542
     0.453000      1.46534
     0.454000      1.46527
     0.455000      1.46519
     0.456000      1.46512
     0.457000      1.46505
     0.458000      1.46498
     0.459000      1.46490
     0.460000      1.46483
     0.461000      1.46476
     0.462000      1.46469
     0.463000      1.46462
     0.464000      1.46455
     0.465000      1.46448
     0.466000      1.46442
     0.467000      1.46435
     0.468000      1.46428
     0.469000      1.46421
     0.470000      1.46415
     0.471000      1.46408
     0.472000      1.46401
     0.473000      1.46395
     0.474000      1.46388
     0.475000      1.46382
     0.476000      1.46376
     0.477000      1.46369
     0.478000      1.46363
     0.479000      1.46356
     0.480000      1.46350
     0.481000      1.46344
     0.482000      1.46338
     0.483000      1.46332
     0.484000      1.46326
     0.485000      1.46319
     0.486000      1.46313
     0.487000      1.46307
     0.488000      1.46301
     0.489000      1.46296
     0.490000      1.46290
     0.491000      1.46284
     0.492000      1.46278
     0.493000      1.46272
     0.494000      1.46266
     0.495000      1.46261
     0.496000      1.46255
     0.497000      1.46249
     0.498000      1.46244
     0.499000      1.46238
     0.500000      1.46233
     0.501000      1.46227
     0.502000      1.46222
     0.503000      1.46216
     0.504000      1.46211
     0.505000      1.46205
     0.506000      1.46200
     0.507000      1.46195
     0.508000      1.46189
     0.509000      1.46184
     0.510000      1.46179
     0.511000      1.46174
     0.512000      1.46168
     0.513000      1.46163
     0.514000      1.46158
     0.515000      1.46153
     0.516000      1.46148
     0.517000      1.46143
     0.518000      1.46138
     0.519000      1.46133
     0.520000      1.46128
     0.521000      1.46123
     0.522000      1.46118
     0.523000      1.46113
     0.524000      1.46108
     0.525000      1.46104
     0.526000      1.46099
     0.527000      1.46094
     0.528000      1.46089
     0.529000      1.46085
     0.530000      1.46080
     0.531000      1.46075
     0.532000      1.46071
     0.533000      1.46066
     0.534000      1.46061
     0.535000      1.46057
     0.536000      1.46052
     0.537000      1.46048
     0.538000      1.46043
     0.539000      1.46039
     0.540000      1.46034
     0.541000      1.46030
     0.542000      1.46026
     0.543000      1.46021
     0.544000      1.46017
     0.545000      1.46012
     0.546000      1.46008
     0.547000      1.46004
     0.548000      1.46000
     0.549000      1.45995
     0.550000      1.45991
     0.551000      1.45987
     0.552000      1.45983
     0.553000      1.45979
     0.554000      1.45974
     0.555000      1.45970
     0.556000      1.45966
     0.557000      1.45962
     0.558000      1.45958
     0.559000      1.45954
     0.560000      1.45950
     0.561000      1.45946
     0.562000      1.45942
     0.563000      1.45938
     0.564000      1.45934
     0.565000      1.45930
     0.566000      1.45926
     0.567000      1.45922
     0.568000      1.45918
     0.569000      1.45915
     0.570000      1.45911
     0.571000      1.45907
     0.572000      1.45903
     0.573000      1.45899
     0.574000      1.45896
     0.575000      1.45892
     0.576000      1.45888
     0.577000      1.45884
     0.578000      1.45881
     0.579000      1.45877
     0.580000      1.45873
     0.581000      1.45870
     0.582000      1.45866
     0.583000      1.45863
     0.584000      1.45859
     0.585000      1.45855
     0.586000      1.45852
     0.587000      1.45848
     0.588000      1.45845
     0.589000      1.45841
     0.590000      1.45838
     0.591000      1.45834
     0.592000      1.45831
     0.593000      1.45827
     0.594000      1.45824
     0.595000      1.45821
     0.596000      1.45817
     0.597000      1.45814
     0.598000      1.45810
     0.599000      1.45807
     0.600000      1.45804
     0.601000      1.45800
     0.602000      1.45797
     0.603000      1.45794
     0.604000      1.45791
     0.605000      1.45787
     0.606000      1.45784
     0.607000      1.45781
     0.608000      1.45778
     0.609000      1.45774
     0.610000      1.45771
     0.611000      1.45768
     0.612000      1.45765
     0.613000      1.45762
     0.614000      1.45759
     0.615000      1.45755
     0.616000      1.45752
     0.617000      1.45749
     0.618000      1.45746
     0.619000      1.45743
     0.620000      1.45740
     0.621000      1.45737
     0.622000      1.45734
     0.623000      1.45731
     0.624000      1.45728
     0.625000      1.45725
     0.626000      1.45722
     0.627000      1.45719
     0.628000      1.45716
     0.629000      1.45713
     0.630000      1.45710
     0.631000      1.45707
     0.632000      1.45704
     0.633000      1.45701
     0.634000      1.45698
     0.635000      1.45695
     0.636000      1.45693
     0.637000      1.45690
     0.638000      1.45687
     0.639000      1.45684
     0.640000      1.45681
     0.641000      1.45678
     0.642000      1.45676
     0.643000      1.45673
     0.644000      1.45670
     0.645000      1.45667
     0.646000      1.45664
     0.647000      1.45662
     0.648000      1.45659
     0.649000      1.45656
     0.650000      1.45653
     0.651000      1.45651
     0.652000      1.45648
     0.653000      1.45645
     0.654000      1.45643
     0.655000      1.45640
     0.656000      1.45637
     0.657000      1.45635
     0.658000      1.45632
     0.659000      1.45629
     0.660000      1.45627
     0.661000      1.45624
     0.662000      1.45622
     0.663000      1.45619
     0.664000      1.45616
     0.665000      1.45614
     0.666000      1.45611
     0.667000      1.45609
     0.668000      1.45606
     0.669000      1.45604
     0.670000      1.45601
     0.671000      1.45599
     0.672000      1.45596
     0.673000      1.45594
     0.674000      1.45591
     0.675000      1.45589
     0.676000      1.45586
     0.677000      1.45584
     0.678000      1.45581
     0.679000      1.45579
     0.680000      1.45576
     0.681000      1.45574
     0.682000      1.45572
     0.683000      1.45569
     0.684000      1.45567
     0.685000      1.45564
     0.686000      1.45562
     0.687000      1.45560
     0.688000      1.45557
     0.689000      1.45555
     0.690000      1.45552
     0.691000      1.45550
     0.692000      1.45548
     0.693000      1.45545
     0.694000      1.45543
     0.695000      1.45541
     0.696000      1.45538
     0.697000      1.45536
     0.698000      1.45534
     0.699000      1.45532
     0.700000      1.45529
     0.701000      1.45527
     0.702000      1.45525
     0.703000      1.45522
     0.704000      1.45520
     0.705000      1.45518
     0.706000      1.45516
     0.707000      1.45513
     0.708000      1.45511
     0.709000      1.45509
     0.710000      1.45507
     0.711000      1.45505
     0.712000      1.45502
     0.713000      1.45500
     0.714000      1.45498
     0.715000      1.45496
     0.716000      1.45494
     0.717000      1.45492
     0.718000      1.45489
     0.719000      1.45487
     0.720000      1.45485
     0.721000      1.45483
     0.722000      1.45481
     0.723000      1.45479
     0.724000      1.45477
     0.725000      1.45474
     0.726000      1.45472
     0.727000      1.45470
     0.728000      1.45468
     0.729000      1.45466
     0.730000      1.45464
     0.731000      1.45462
     0.732000      1.45460
     0.733000      1.45458
     0.734000      1.45456
     0.735000      1.45454
     0.736000      1.45452
     0.737000      1.45450
     0.738000      1.45448
     0.739000      1.45446
     0.740000      1.45444
     0.741000      1.45442
     0.742000      1.45440
     0.743000      1.45438
     0.744000      1.45436
     0.745000      1.45434
     0.746000      1.45432
     0.747000      1.45430
     0.748000      1.45428
     0.749000      1.45426
     0.750000      1.45424
     0.751000      1.45422
     0.752000      1.45420
     0.753000      1.45418
     0.754000      1.45416
     0.755000      1.45414
     0.756000      1.45412
     0.757000      1.45410
     0.758000      1.45408
     0.759000      1.45406
     0.760000      1.45404
     0.761000      1.45402
     0.762000      1.45401
     0.763000      1.45399
     0.764000      1.45397
     0.765000      1.45395
     0.766000      1.45393
     0.767000      1.45391
     0.768000      1.45389
     0.769000      1.45387
     0.770000      1.45385
     0.771000      1.45384
     0.772000      1.45382
     0.773000      1.45380
     0.774000      1.45378
     0.775000      1.45376
     0.776000      1.45374
     0.777000      1.45373
     0.778000      1.45371
     0.779000      1.45369
     0.780000      1.45367
     0.781000      1.45365
     0.782000      1.45363
     0.783000      1.45362
     0.784000      1.45360
     0.785000      1.45358
     0.786000      1.45356
     0.787000      1.45355
     0.788000      1.45353
     0.789000      1.45351
     0.790000      1.45349
     0.791000      1.45347
     0.792000      1.45346
     0.793000      1.45344
     0.794000      1.45342
     0.795000      1.45340
     0.796000      1.45339
     0.797000      1.45337
     0.798000      1.45335
     0.799000      1.45333
     0.800000      1.45332
     0.801000      1.45330
     0.802000      1.45328
     0.803000      1.45327
     0.804000      1.45325
     0.805000      1.45323
     0.806000      1.45321
     0.807000      1.45320
     0.808000      1.45318
     0.809000      1.45316
     0.810000      1.45315
     0.811000      1.45313
     0.812000      1.45311
     0.813000      1.45310
     0.814000      1.45308
     0.815000      1.45306
     0.816000      1.45305
     0.817000      1.45303
     0.818000      1.45301
     0.819000      1.45300
     0.820000      1.45298
     0.821000      1.45296
     0.822000      1.45295
     0.823000      1.45293
     0.824000      1.45291
     0.825000      1.45290
     0.826000      1.45288
     0.827000      1.45286
     0.828000      1.45285
     0.829000      1.45283
     0.830000      1.45282
     0.831000      1.45280
     0.832000      1.45278
     0.833000      1.45277
     0.834000      1.45275
     0.835000      1.45274
     0.836000      1.45272
     0.837000      1.45270
     0.838000      1.45269
     0.839000      1.45267
     0.840000      1.45266
     0.841000      1.45264
     0.842000      1.45262
     0.843000      1.45261
     0.844000      1.45259
     0.845000      1.45258
     0.846000      1.45256
     0.847000      1.45255
     0.848000      1.45253
     0.849000      1.45251
     0.850000      1.45250
     0.851000      1.45248
     0.852000      1.45247
     0.853000      1.45245
     0.854000      1.45244
     0.855000      1.45242
     0.856000      1.45241
     0.857000      1.45239
     0.858000      1.45237
     0.859000      1.45236
     0.860000      1.45234
     0.861000      1.45233
     0.862000      1.45231
     0.863000      1.45230
     0.864000      1.45228
     0.865000      1.45227
     0.866000      1.45225
     0.867000      1.45224
     0.868000      1.45222
     0.869000      1.45221
     0.870000      1.45219
     0.871000      1.45218
     0.872000      1.45216
     0.873000      1.45215
     0.874000      1.45213
     0.875000      1.45212
     0.876000      1.45210
     0.877000      1.45209
     0.878000      1.45207
     0.879000      1.45206
     0.880000      1.45204
     0.881000      1.45203
     0.882000      1.45201
     0.883000      1.45200
     0.884000      1.45199
     0.885000      1.45197
     0.886000      1.45196
     0.887000      1.45194
     0.888000      1.45193
     0.889000      1.45191
     0.890000      1.45190
     0.891000      1.45188
     0.892000      1.45187
     0.893000      1.45185
     0.894000      1.45184
     0.895000      1.45183
     0.896000      1.45181
     0.897000      1.45180
     0.898000      1.45178
     0.899000      1.45177
     0.900000      1.45175
     0.901000      1.45174
     0.902000      1.45173
     0.903000      1.45171
     0.904000      1.45170
     0.905000      1.45168
     0.906000      1.45167
     0.907000      1.45165
     0.908000      1.45164
     0.909000      1.45163
     0.910000      1.45161
     0.911000      1.45160
     0.912000      1.45158
     0.913000      1.45157
     0.914000      1.45156
     0.915000      1.45154
     0.916000      1.45153
     0.917000      1.45151
     0.918000      1.45150
     0.919000      1.45149
     0.920000      1.45147
     0.921000      1.45146
     0.922000      1.45144
     0.923000      1.45143
     0.924000      1.45142
     0.925000      1.45140
     0.926000      1.45139
     0.927000      1.45138
     0.928000      1.45136
     0.929000      1.45135
     0.930000      1.45133
     0.931000      1.45132
     0.932000      1.45131
     0.933000      1.45129
     0.934000      1.45128
     0.935000      1.45127
     0.936000      1.45125
     0.937000      1.45124
     0.938000      1.45123
     0.939000      1.45121
     0.940000      1.45120
     0.941000      1.45119
     0.942000      1.45117
     0.943000      1.45116
     0.944000      1.45115
     0.945000      1.45113
     0.946000      1.45112
     0.947000      1.45111
     0.948000      1.45109
     0.949000      1.45108
     0.950000      1.45107
     0.951000      1.45105
     0.952000      1.45104
     0.953000      1.45103
     0.954000      1.45101
     0.955000      1.45100
     0.956000      1.45099
     0.957000      1.45097
     0.958000      1.45096
     0.959000      1.45095
     0.960000      1.45093
     0.961000      1.45092
     0.962000      1.45091
     0.963000      1.45089
     0.964000      1.45088
     0.965000      1.45087
     0.966000      1.45085
     0.967000      1.45084
     0.968000      1.45083
     0.969000      1.45081
     0.970000      1.45080
     0.971000      1.45079
     0.972000      1.45078
     0.973000      1.45076
     0.974000      1.45075
     0.975000      1.45074
     0.976000      1.45072
     0.977000      1.45071
     0.978000      1.45070
     0.979000      1.45069
     0.980000      1.45067
     0.981000      1.45066
     0.982000      1.45065
     0.983000      1.45063
     0.984000      1.45062
     0.985000      1.45061
     0.986000      1.45060
     0.987000      1.45058
     0.988000      1.45057
     0.989000      1.45056
     0.990000      1.45054
     0.991000      1.45053
     0.992000      1.45052
     0.993000      1.45051
     0.994000      1.45049
     0.995000      1.45048
     0.996000      1.45047
     0.997000      1.45046
     0.998000      1.45044
     0.999000      1.45043
      1.00000      1.45042
      1.00100      1.45040
      1.00200      1.45039
      1.00300      1.45038
      1.00400      1.45037
      1.00500      1.45035
      1.00600      1.45034
      1.00700      1.45033
      1.00800      1.45032
      1.00900      1.45030
      1.01000      1.45029
      1.01100      1.45028
      1.01200      1.45027
      1.01300      1.45025
      1.01400      1.45024
      1.01500      1.45023
      1.01600      1.45022
      1.01700      1.45020
      1.01800      1.45019
      1.01900      1.45018
      1.02000      1.45017
      1.02100      1.45015
      1.02200      1.45014
      1.02300      1.45013
      1.02400      1.45012
      1.02500      1.45011
      1.02600      1.45009
      1.02700      1.45008
      1.02800      1.45007
      1.02900      1.45006
      1.03000      1.45004
      1.03100      1.45003
      1.03200      1.45002
      1.03300      1.45001
      1.03400      1.44999
      1.03500      1.44998
      1.03600      1.44997
      1.03700      1.44996
      1.03800      1.44995
      1.03900      1.44993
      1.04000      1.44992
      1.04100      1.44991
      1.04200      1.44990
      1.04300      1.44988
      1.04400      1.44987
      1.04500      1.44986
      1.04600      1.44985
      1.04700      1.44984
      1.04800      1.44982
      1.04900      1.44981
      1.05000      1.44980
      1.05100      1.44979
      1.05200      1.44978
      1.05300      1.44976
      1.05400      1.44975
      1.05500      1.44974
      1.05600      1.44973
      1.05700      1.44972
      1.05800      1.44970
      1.05900      1.44969
      1.06000      1.44968
      1.06100      1.44967
      1.06200      1.44966
      1.06300      1.44964
      1.06400      1.44963
      1.06500      1.44962
      1.06600      1.44961
      1.06700      1.44959
      1.06800      1.44958
      1.06900      1.44957
      1.07000      1.44956
      1.07100      1.44955
      1.07200      1.44954
      1.07300      1.44952
      1.07400      1.44951
      1.07500      1.44950
      1.07600      1.44949
      1.07700      1.44948
      1.07800      1.44946
      1.07900      1.44945
      1.08000      1.44944
      1.08100      1.44943
      1.08200      1.44942
      1.08300      1.44940
      1.08400      1.44939
      1.08500      1.44938
      1.08600      1.44937
      1.08700      1.44936
      1.08800      1.44935
      1.08900      1.44933
      1.09000      1.44932
      1.09100      1.44931
      1.09200      1.44930
      1.09300      1.44929
      1.09400      1.44927
      1.09500      1.44926
      1.09600      1.44925
      1.09700      1.44924
      1.09800      1.44923
      1.09900      1.44922
      1.10000      1.44920
      1.10100      1.44919
      1.10200      1.44918
      1.10300      1.44917
      1.10400      1.44916
      1.10500      1.44914
      1.10600      1.44913
      1.10700      1.44912
      1.10800      1.44911
      1.10900      1.44910
      1.11000      1.44909
      1.11100      1.44907
      1.11200      1.44906
      1.11300      1.44905
      1.11400      1.44904
      1.11500      1.44903
      1.11600      1.44902
      1.11700      1.44900
      1.11800      1.44899
      1.11900      1.44898
      1.12000      1.44897
      1.12100      1.44896
      1.12200      1.44895
      1.12300      1.44893
      1.12400      1.44892
      1.12500      1.44891
      1.12600      1.44890
      1.12700      1.44889
      1.12800      1.44888
      1.12900      1.44886
      1.13000      1.44885
      1.13100      1.44884
      1.13200      1.44883
      1.13300      1.44882
      1.13400      1.44881
      1.13500      1.44880
      1.13600      1.44878
      1.13700      1.44877
      1.13800      1.44876
      1.13900      1.44875
      1.14000      1.44874
      1.14100      1.44873
      1.14200      1.44871
      1.14300      1.44870
      1.14400      1.44869
      1.14500      1.44868
      1.14600      1.44867
      1.14700      1.44866
      1.14800      1.44865
      1.14900      1.44863
      1.15000      1.44862
      1.15100      1.44861
      1.15200      1.44860
      1.15300      1.44859
      1.15400      1.44858
      1.15500      1.44856
      1.15600      1.44855
      1.15700      1.44854
      1.15800      1.44853
      1.15900      1.44852
      1.16000      1.44851
      1.16100      1.44850
      1.16200      1.44848
      1.16300      1.44847
      1.16400      1.44846
      1.16500      1.44845
      1.16600      1.44844
      1.16700      1.44843
      1.16800      1.44842
      1.16900      1.44840
      1.17000      1.44839
      1.17100      1.44838
      1.17200      1.44837
      1.17300      1.44836
      1.17400      1.44835
      1.17500      1.44834
      1.17600      1.44832
      1.17700      1.44831
      1.17800      1.44830
      1.17900      1.44829
      1.18000      1.44828
      1.18100      1.44827
      1.18200      1.44826
      1.18300      1.44824
      1.18400      1.44823
      1.18500      1.44822
      1.18600      1.44821
      1.18700      1.44820
      1.18800      1.44819
      1.18900      1.44818
      1.19000      1.44816
      1.19100      1.44815
      1.19200      1.44814
      1.19300      1.44813
      1.19400      1.44812
      1.19500      1.44811
      1.19600      1.44810
      1.19700      1.44808
      1.19800      1.44807
      1.19900      1.44806
      1.20000      1.44805
      1.20100      1.44804
      1.20200      1.44803
      1.20300      1.44802
      1.20400      1.44800
      1.20500      1.44799
      1.20600      1.44798
      1.20700      1.44797
      1.20800      1.44796
      1.20900      1.44795
      1.21000      1.44794
      1.21100      1.44793
      1.21200      1.44791
      1.21300      1.44790
      1.21400      1.44789
      1.21500      1.44788
      1.21600      1.44787
      1.21700      1.44786
      1.21800      1.44785
      1.21900      1.44783
      1.22000      1.44782
      1.22100      1.44781
      1.22200      1.44780
      1.22300      1.44779
      1.22400      1.44778
      1.22500      1.44777
      1.22600      1.44775
      1.22700      1.44774
      1.22800      1.44773
      1.22900      1.44772
      1.23000      1.44771
      1.23100      1.44770
      1.23200      1.44769
      1.23300      1.44768
      1.23400      1.44766
      1.23500      1.44765
      1.23600      1.44764
      1.23700      1.44763
      1.23800      1.44762
      1.23900      1.44761
      1.24000      1.44760
      1.24100      1.44758
      1.24200      1.44757
      1.24300      1.44756
      1.24400      1.44755
      1.24500      1.44754
      1.24600      1.44753
      1.24700      1.44752
      1.24800      1.44751
      1.24900      1.44749
      1.25000      1.44748
      1.25100      1.44747
      1.25200      1.44746
      1.25300      1.44745
      1.25400      1.44744
      1.25500      1.44743
      1.25600      1.44742
      1.25700      1.44740
      1.25800      1.44739
      1.25900      1.44738
      1.26000      1.44737
      1.26100      1.44736
      1.26200      1.44735
      1.26300      1.44734
      1.26400      1.44732
      1.26500      1.44731
      1.26600      1.44730
      1.26700      1.44729
      1.26800      1.44728
      1.26900      1.44727
      1.27000      1.44726
      1.27100      1.44725
      1.27200      1.44723
      1.27300      1.44722
      1.27400      1.44721
      1.27500      1.44720
      1.27600      1.44719
      1.27700      1.44718
      1.27800      1.44717
      1.27900      1.44716
      1.28000      1.44714
      1.28100      1.44713
      1.28200      1.44712
      1.28300      1.44711
      1.28400      1.44710
      1.28500      1.44709
      1.28600      1.44708
      1.28700      1.44706
      1.28800      1.44705
      1.28900      1.44704
      1.29000      1.44703
      1.29100      1.44702
      1.29200      1.44701
      1.29300      1.44700
      1.29400      1.44699
      1.29500      1.44697
      1.29600      1.44696
      1.29700      1.44695
      1.29800      1.44694
      1.29900      1.44693
      1.30000      1.44692
      1.30100      1.44691
      1.30200      1.44689
      1.30300      1.44688
      1.30400      1.44687
      1.30500      1.44686
      1.30600      1.44685
      1.30700      1.44684
      1.30800      1.44683
      1.30900      1.44682
      1.31000      1.44680
      1.31100      1.44679
      1.31200      1.44678
      1.31300      1.44677
      1.31400      1.44676
      1.31500      1.44675
      1.31600      1.44674
      1.31700      1.44673
      1.31800      1.44671
      1.31900      1.44670
      1.32000      1.44669
      1.32100      1.44668
      1.32200      1.44667
      1.32300      1.44666
      1.32400      1.44665
      1.32500      1.44663
      1.32600      1.44662
      1.32700      1.44661
      1.32800      1.44660
      1.32900      1.44659
      1.33000      1.44658
      1.33100      1.44657
      1.33200      1.44655
      1.33300      1.44654
      1.33400      1.44653
      1.33500      1.44652
      1.33600      1.44651
      1.33700      1.44650
      1.33800      1.44649
      1.33900      1.44648
      1.34000      1.44646
      1.34100      1.44645
      1.34200      1.44644
      1.34300      1.44643
      1.34400      1.44642
      1.34500      1.44641
      1.34600      1.44640
      1.34700      1.44638
      1.34800      1.44637
      1.34900      1.44636
      1.35000      1.44635
      1.35100      1.44634
      1.35200      1.44633
      1.35300      1.44632
      1.35400      1.44630
      1.35500      1.44629
      1.35600      1.44628
      1.35700      1.44627
      1.35800      1.44626
      1.35900      1.44625
      1.36000      1.44624
      1.36100      1.44623
      1.36200      1.44621
      1.36300      1.44620
      1.36400      1.44619
      1.36500      1.44618
      1.36600      1.44617
      1.36700      1.44616
      1.36800      1.44615
      1.36900      1.44613
      1.37000      1.44612
      1.37100      1.44611
      1.37200      1.44610
      1.37300      1.44609
      1.37400      1.44608
      1.37500      1.44607
      1.37600      1.44605
      1.37700      1.44604
      1.37800      1.44603
      1.37900      1.44602
      1.38000      1.44601
      1.38100      1.44600
      1.38200      1.44599
      1.38300      1.44597
      1.38400      1.44596
      1.38500      1.44595
      1.38600      1.44594
      1.38700      1.44593
      1.38800      1.44592
      1.38900      1.44591
      1.39000      1.44589
      1.39100      1.44588
      1.39200      1.44587
      1.39300      1.44586
      1.39400      1.44585
      1.39500      1.44584
      1.39600      1.44583
      1.39700      1.44581
      1.39800      1.44580
      1.39900      1.44579
      1.40000      1.44578
      1.40100      1.44577
      1.40200      1.44576
      1.40300      1.44574
      1.40400      1.44573
      1.40500      1.44572
      1.40600      1.44571
      1.40700      1.44570
      1.40800      1.44569
      1.40900      1.44568
      1.41000      1.44566
      1.41100      1.44565
      1.41200      1.44564
      1.41300      1.44563
      1.41400      1.44562
      1.41500      1.44561
      1.41600      1.44560
      1.41700      1.44558
      1.41800      1.44557
      1.41900      1.44556
      1.42000      1.44555
      1.42100      1.44554
      1.42200      1.44553
      1.42300      1.44551
      1.42400      1.44550
      1.42500      1.44549
      1.42600      1.44548
      1.42700      1.44547
      1.42800      1.44546
      1.42900      1.44545
      1.43000      1.44543
      1.43100      1.44542
      1.43200      1.44541
      1.43300      1.44540
      1.43400      1.44539
      1.43500      1.44538
      1.43600      1.44536
      1.43700      1.44535
      1.43800      1.44534
      1.43900      1.44533
      1.44000      1.44532
      1.44100      1.44531
      1.44200      1.44530
      1.44300      1.44528
      1.44400      1.44527
      1.44500      1.44526
      1.44600      1.44525
      1.44700      1.44524
      1.44800      1.44523
      1.44900      1.44521
      1.45000      1.44520
      1.45100      1.44519
      1.45200      1.44518
      1.45300      1.44517
      1.45400      1.44516
      1.45500      1.44514
      1.45600      1.44513
      1.45700      1.44512
      1.45800      1.44511
      1.45900      1.44510
      1.46000      1.44509
      1.46100      1.44507
      1.46200      1.44506
      1.46300      1.44505
      1.46400      1.44504
      1.46500      1.44503
      1.46600      1.44502
      1.46700      1.44500
      1.46800      1.44499
      1.46900      1.44498
      1.47000      1.44497
      1.47100      1.44496
      1.47200      1.44495
      1.47300      1.44493
      1.47400      1.44492
      1.47500      1.44491
      1.47600      1.44490
      1.47700      1.44489
      1.47800      1.44488
      1.47900      1.44486
      1.48000      1.44485
      1.48100      1.44484
      1.48200      1.44483
      1.48300      1.44482
      1.48400      1.44481
      1.48500      1.44479
      1.48600      1.44478
      1.48700      1.44477
      1.48800      1.44476
      1.48900      1.44475
      1.49000      1.44474
      1.49100      1.44472
      1.49200      1.44471
      1.49300      1.44470
      1.49400      1.44469
      1.49500      1.44468
      1.49600      1.44466
      1.49700      1.44465
      1.49800      1.44464
      1.49900      1.44463
      1.50000      1.44462
      1.50100      1.44461
      1.50200      1.44459
      1.50300      1.44458
      1.50400      1.44457
      1.50500      1.44456
      1.50600      1.44455
      1.50700      1.44454
      1.50800      1.44452
      1.50900      1.44451
      1.51000      1.44450
      1.51100      1.44449
      1.51200      1.44448
      1.51300      1.44446
      1.51400      1.44445
      1.51500      1.44444
      1.51600      1.44443
      1.51700      1.44442
      1.51800      1.44440
      1.51900      1.44439
      1.52000      1.44438
      1.52100      1.44437
      1.52200      1.44436
      1.52300      1.44435
      1.52400      1.44433
      1.52500      1.44432
      1.52600      1.44431
      1.52700      1.44430
      1.52800      1.44429
      1.52900      1.44427
      1.53000      1.44426
