      18      24
       0       0       0       0       0       0       0       0       0       0
       0       0       0       0     206       0       0       0
       0       0       0       0       0       0       0       0       0       0
       0       0       0       0     491     514     484       0
       0       0       0       0       0       0       0       0       0       0
       0       0       0     816      36       0     388     434
       0       0       0       0       0       0       0       0       0       0
       0       0       0     341       0       0       0       0
       0       0       0       0       0       0       0       0       0       0
       0       0     282     147       0       0       0       0
       0       0       0       0       0       0       0       0       0       0
       0       0     442       0       0       0       0       0
       0       0       0       0       0       0       0       0       0       0
       0     393       0       0       0       0       0       0
       0       0       0       0       0       0       0       0       0       0
     164     267       0       0       0       0       0       0
       0       0       0       0       0       0       0       0       0      89
     381       0       0       0       0       0       0       0
       0       0       0       0       0       0       0       0       0     399
     401       0       0       0       0       0       0       0
       0       0       0       0       0       0       0       0     460     633
     966       0       0       0       0       0       0       0
       0       0       0       0       0       0       0     473     340     479
     114       0       0       0       0       0       0       0
       0       0       0       0       0       0     203     315       0     848
       0       0       0       0       0       0       0       0
       0       0       0       0       0       0     348       0       0       0
       0       0       0       0       0       0       0       0
       0       0       0       0       0     510       0       0       0       0
       0       0       0       0       0       0       0       0
       0       0       0       0       0     290       0       0       0       0
       0       0       0       0       0       0       0       0
       0       0       0       0     516       0       0       0       0       0
       0       0       0       0       0       0       0       0
       0       0       0     364       0       0       0       0       0       0
       0       0       0       0       0       0       0       0
       0       0     141     260       0       0       0       0       0       0
       0       0       0       0       0       0       0       0
       0       0     487       0       0       0       0       0       0       0
       0       0       0       0       0       0       0       0
       0     373     333       0       0       0       0       0       0       0
       0       0       0       0       0       0       0       0
       0     381       0       0       0       0       0       0       0       0
       0       0       0       0       0       0       0       0
     324     181       0       0       0       0       0       0       0       0
       0       0       0       0       0       0       0       0
     330       0       0       0       0       0       0       0       0       0
       0       0       0       0       0       0       0       0
