      13      11
       0       0       0     912     965       0       0       0       0       0
       0       0       0
       0       0       0       0       0       0       0       0       0       0
       0     377     330
       0       0       0       0       0       0       0     184     355     494
     506      90       0
       0       0       0       0     333     459     428     617       0       0
       0       0       0
       0       0       0     900     339       0       0       0       0       0
       0       0       0
       0       0       0       0       0       0       0       0       0       0
       0       0       0
       0       0       0       0       0       0       0       0       0       0
       0       0       0
       0       0       0       0       0       0       0       0       0       0
       0       0       0
       0       0       0       0       0       0       0       0       0       0
       0       0       0
       0       0       0       0       0       0       0       0       0       0
       0       0       0
      26       0       0       0       0       0       0       0       0       0
       0       0       0
