      13      11
       0       0       0       0       0       0       0       0       0       0
       0       0     303
       0       0       0       0       0       0       0       0       0       0
       0     484       0
       0       0       0       0       0       0       0       0       0       0
     228     406       0
       0       0       0       0       0       0       0       0       0       0
     374       0       0
     474     571     472     335     153       0       0       0       0     497
     110       0       0
       0       0       0       0     380     702     598       0       0    1005
       0       0       0
       0       0       0       0       0       0       0       0     278     114
       0       0       0
       0       0       0       0       0       0       0       0       0       0
       0       0       0
       0       0       0       0       0       0       0       0       0       0
       0       0       0
       0       0       0       0       0       0       0       0       0       0
       0       0       0
       0       0   -7510       0       0       0       0       0       0       0
       0       0       0
