      12      13
       0       0       0       0       0       0       0     299     404     382
       0       0
       0       0       0       0       0       0       0     711     834     426
       0       0
       0       0       0       0       0       0     541       0       0       0
       0    1466
       0       0       0       0       0       0     406       0       0       0
       0       0
       0       0       0       0       0     372       0       0       0     340
       0       0
       0       0       0       0     327     453       0       0     723     420
       0       0
       0       0       0       0     636       0       0       0       0       0
       0       0
       0       0       0     238     305       0       0       0       0       0
       0       0
       0       0       0     460       0       0       0       0       0       0
       0       0
       0       0     274      93       0       0       0       0       0       0
       0       0
     645     148     540       0       0       0       0       0       0       0
       0       0
       0    1145     199       0       0       0       0       0       0       0
       0       0
       0     457       0       0       0       0       0       0       0       0
       0       0
