      11       9
     101       0       0       0       0       0       0       0       0       0
       0
       0     570     183       0       0       0       0       0       0       0
       0
       0       0     295     423       0       0       0       0       0       0
       0
       0       0       0     198     333       0       0       0       0       0
       0
       0       0       0       0       0     378       0       0       0       0
       0
       0       0       0       0       0       0     478     243       0       0
       0
       0       0       0       0       0       0       0     354     341       0
       0
       0       0       0       0       0       0       0       0     208     525
       0
       0       0       0       0       0       0       0       0       0     229
     138
