       8      16
       0       0       0       0       0       0       0     223
       0       0       0       0       0       0       0     395
       0       0       0       0       0       0     155     358
       0       0       0       0       0       0     408       0
       0       0       0       0       0       0     293       0
       0       0       0       0       0     456       0       0
       0       0     402     935      71     354       0       0
       0       0       0       0     405       0       0       0
       0       0       0       0     359       0       0       0
       0       0       0     348       0       0       0       0
       0       0       0     282       0       0       0       0
       0       0     365       0       0       0       0       0
       0       0     327       0       0       0       0       0
       0     605       0       0       0       0       0       0
     132     330       0       0       0       0       0       0
     232       0       0       0       0       0       0       0
