      14      10
     328     464       0       0       0       0       0       0       0       0
       0       0       0       0
       0       0    1142     553     512       0       0       0       0       0
       0       0       0       0
       0       0       0    1074     208     553     705       0       0       0
       0       0       0       0
       0       0       0       0     624    1342       0       0       0       0
       0       0       0       0
       0       0       0       0       0     437     556       0       0       0
       0       0       0       0
       0       0       0       0       0       0       0     459       0       0
       0       0       0       0
       0       0       0       0       0       0       0       0     444     223
       0       0       0       0
       0       0       0       0       0       0       0       0       0     197
     375       0       0       0
       0       0       0       0       0       0       0       0       0       0
       0     481       0       0
       0       0       0       0       0       0       0       0       0       0
       0       0     614     139
