      11      11
     561       0       0       0       0       0       0       0       0       0
       0
       0     485       0       0       0       0       0       0       0       0
       0
       0       0     551       0       0       0       0       0       0       0
       0
       0       0       0     494       0       0       0       0       0       0
       0
       0       0       0       0     455       0       0       0       0       0
       0
       0       0       0       0       0     489       0       0       0       0
       0
       0       0       0       0       0       0     505       0       0       0
       0
       0       0       0       0       0       0       0     460       0       0
       0
       0       0       0       0       0       0       0       0     619       0
       0
       0       0       0       0       0       0       0       0       0     494
     120
       0       0       0       0       0       0       0       0       0       0
     279
