      18      16
       0       0       0       0       0       0       0       0       0       0
       0       0       0       0    1548     940       0       0
       0       0       0       0       0       0       0       0       0       0
       0    1599       0       0       0       0       0       9
       0       0       0       0       0       0       0       0       0       0
       0       0       0       0       0       0       0    2201
       0       0       0       0       0       0       0       0       0       0
       0       0       0       0       0       0       0    3179
       0       0       0       0       0       0       0       0       0       0
       0       0       0       0       0       0       0    1985
       0       0       0       0       0       0       0       0       0       0
       0       0      84       0       0       0    5886       0
     351     854     512       0     581     565       0       0       0       0
       0       0       0       0       0       0       0       0
       0       0       0       0    1156     264       0       0       0       0
       0       0       0       0       0       0       0       0
       0       0       0       0       0       0       0       0       0     107
    7829       0       0       0       0       0       0       0
       0       0       0       0       0       0       0    1490       0       0
       0       0       0       0       0       0       0       0
       0       0       0       0       0       0       0       0       0       0
       0       0       0       0       0       0       0       0
       0       0       0     147       0       0       0       0       0       0
       0       0       0       0       0       0       0       0
       0       0       0       0       0       0       0       0       0       0
       0       0       0       0       0       0       0       0
       0       0       0       0       0       0     420       0       0       0
       0       0       0       0       0       0       0       0
       0       0       0       0       0       0       0       0       0       0
       0       0       0       0       0       0       0       0
       0       0       0       0     264       0       0       0       0       0
       0       0       0       0       0       0       0       0
