      20      11
     428       0       0       0       0       0       0       0       0       0
       0       0       0       0       0       0       0       0       0       0
      60     414     438       0       0       0       0       0       0       0
       0       0       0       0       0       0       0       0       0       0
       0       0       0     521     227       0       0       0       0       0
       0       0       0       0       0       0       0       0       0       0
       0       0       0       0     404     459       0       0       0       0
       0       0       0       0       0       0       0       0       0       0
       0       0       0       0       0     169     309       0       0       0
       0       0       0       0       0       0       0     209     935       0
       0       0       0       0       0       0     206     422       0       0
       0       0       0       0       0       0     251     629     680     373
       0       0       0       0       0       0       0     592     616       0
       0       0       0       0       0       0     425       0       0     609
       0       0       0       0       0       0       0       0     425     166
       0       0       0       0       0       0     418    1355     866     407
       0       0       0       0       0       0       0       0       0     413
       0       0       0       0       0      54     369     600       0       0
       0       0       0       0       0       0       0       0       0       0
     500     186       0       0     393     435       0       0       0       0
       0       0       0       0       0       0       0       0       0       0
       0     406     576     772     388       0       0       0       0       0
