      16      10
       0       0     387     571     390     564     514     739     345     377
       0       0       0       0       0       0
     181     343     506     293       0       0       0       0       0     313
     175       0       0       0       0       0
       0       0       0       0       0       0       0       0       0       0
     501       0       0       0       0       0
       0       0       0       0       0       0       0       0       0       0
       0     228       0       0       0       0
       0       0       0       0       0       0       0       0       0       0
       0       0       0       0     630     189
       0       0       0       0       0       0       0       0       0     411
     578     625     682     797     330       0
       0       0       0       0       0       0       0       0       0       0
       0       0     346     620       0       0
       0       0       0       0       0       0       0       0       0       0
       0       0     598       0       0       0
       0       0       0       0       0       0       0       0       0       0
       0     590       0       0       0       0
       0       0       0       0       0       0       0       0       0       0
       0     178       0       0       0       0
