      14      26
       0       0       0       0       0       0       0       0       0       0
      15     726     650     317
       0       0       0       0       0       0       0       0       0     373
     418       0       0       0
       0       0       0       0       0       0       0       0     180     356
       0       0       0       0
       0       0       0       0       0       0       0       0     434       0
       0       0       0       0
       0       0       0       0       0       0       0     456       0       0
       0       0       0       0
       0       0       0       0       0       0     642       0       0       0
       0       0       0       0
       0       0       0       0       0     585       0       0       0       0
       0       0       0       0
       0       0       0       0     506       0       0       0       0       0
       0       0       0       0
       0       0       0     519       0       0       0       0       0       0
       0       0       0       0
       0       0       0     295       0       0       0       0       0       0
       0       0       0       0
       0       0       0     915       0       0       0       0       0       0
       0       0       0       0
       0       0       0     487       0       0       0       0       0       0
       0       0       0       0
       0       0       0     397       0       0       0       0       0       0
       0       0       0       0
       0       0       0     641       0       0       0       0       0       0
       0       0       0       0
       0       0       0     314       0       0       0       0       0       0
       0       0       0       0
       0       0       0     432       0       0       0       0       0       0
       0       0       0       0
       0       0       0     359       0       0       0       0       0       0
       0       0       0       0
       0       0       0     380       0       0       0       0       0       0
       0       0       0       0
       0       0     245     260       0       0       0       0       0       0
       0       0       0       0
       0       0     500       0       0       0       0       0       0       0
       0       0       0       0
       0       0     440       0       0       0       0       0       0       0
       0       0       0       0
       0       0     680       0       0       0       0       0       0       0
       0       0       0       0
       0       0     472       0       0       0       0       0       0       0
       0       0       0       0
       0     298     515       0       0       0       0       0       0       0
       0       0       0       0
       0     508       0       0       0       0       0       0       0       0
       0       0       0       0
     448       0       0       0       0       0       0       0       0       0
       0       0       0       0
