       6      20
       0       0       0       0       0     354
       0       0       0       0       0       0
       0       0       0       0       0     298
       0       0       0       0     311       0
       0       0       0       0     486       0
       0       0       0       0     830       0
       0       0       0       0     431       0
       0       0       0       0     424       0
       0       0       0       0     349       0
       0       0       0     473     390       0
       0       0       0     509       0       0
       0       0       0     445       0       0
       0       0       0     590       0       0
       0       0       0     337       0       0
       0       0       0     367       0       0
       0       0     340     138       0       0
       0       0     390       0       0       0
       0       0       0       0       0       0
       0       0       0       0       0       0
   12519       0       0       0       0       0
