       4      18
     631       0       0       0
    1209       0       0       0
    1463       0       0       0
    1022       0       0       0
    1025       0       0       0
     815       0       0       0
     950     180       0       0
     912     389       0       0
     574     517       0       0
     455     750       0       0
     328     966       0       0
       0     955       0       0
       0     883       0       0
       0     715       0       0
       0     941       0     246
       0    1009    1017    1288
       0     861     239     588
       0     974       0       0
