      21       6
     437     521     404     331       0       0       0       0       0       0
       0       0       0       0       0       0       0       0       0       0
       0
       0       0       0     238     305     509     579     987     407     260
       0       0       0       0       0       0       0       0       0       0
       0
       0       0       0       0       0       0       0       0       0     407
     364     413     422     285     168       0       0       0       0       0
       0
       0       0       0       0       0       0       0       0       0       0
       0       0       0       0      96     319     391     482     591     409
       0
       0     719     185       0       0       0       0       0       0       0
       0       0       0       0       0       0       0       0    1166      21
     461
       0     695    1916       0       0       0       0       0       0       0
       0       0       0       0       0       0       0       0       0       0
       0
