      10      26
     338       0       0       0       0       0       0       0       0       0
     396       0       0       0       0       0       0       0       0       0
       0     423       0       0       0       0       0       0       0       0
       0     427       0       0       0       0       0       0       0       0
       0       0     396       0       0       0       0       0       0       0
       0       0     677       0       0       0       0       0       0       0
       0       0     268     283       0       0       0       0       0       0
       0       0       0     549       0       0       0       0       0       0
       0       0       0     388       0       0       0       0       0       0
       0       0       0       0     328       0       0       0       0       0
       0       0       0       0     312       0       0       0       0       0
       0       0       0       0     153       0       0       0       0       0
       0       0       0       0       0     301       0       0       0       0
       0       0       0       0       0     402       0       0       0       0
       0       0       0       0       0     260     279       0       0       0
       0       0       0       0       0       0     612       0       0       0
       0       0       0       0       0       0     425       0       0       0
       0       0       0       0       0       0     218     394       0       0
       0       0       0       0       0       0       0     401       0       0
       0       0       0       0       0       0       0     488       0       0
       0       0       0       0       0       0       0       0     516       0
       0       0       0       0       0       0       0       0     537       0
       0       0       0       0       0       0       0       0     312       0
       0       0       0       0       0       0       0       0       0     404
       0       0       0       0       0       0       0       0       0     831
       0       0       0       0       0       0       0       0       0     407
