      14       9
      87     384       0       0       0       0       0      38       0       0
       0       0       0       0
       0      88     470     341       0       0       0       0       0       0
       0       0       0       0
       0       0       0     197    1220     122       0       0       0       0
       0       0       0       0
       0       0       0       0       0     184     364       0       0       0
       0       0       0       0
       0       0       0       0       0       0       0     356     399       0
       0       0       0       0
       0       0       0       0       0       0       0       0       0     449
     232       0       0       0
       0       0       0       0       0       0       0       0       0       0
     378     461       0       0
       0       0       0       0       0       0       0       0       0       0
       0     161     869     472
       0       0       0       0       0       0       0       0       0       0
       0       0       0     323
