      13      10
       0       0       0       0     440       0       0       0       0       0
       0       0       0
       0       0       0       0       0       0       0       0       0       0
       0       0       0
       0       0       0       0       0     466       0       0       0       0
       0       0       0
       0       0       0       0     949       0       0       0       0       0
       0       0       0
       0       0       0     447     609       0       0       0       0       0
       0       0       0
       0       0      64     447       0       0       0     385       0       0
       0       0       0
       0       0     426       0       0       0       0     631      80       0
       0       0       0
       0     409       0       0       0       0       0       0     743     721
     415     141       0
     338     384       0       0       0       0       0       0       0       0
     191     489     482
     409       0       0       0       0       0       0       0       0       0
       0       0       0
