      36       7
     155       0       0       0       0       0       0       0       0       0
       0       0       0       0       0       0       0       0       0       0
       0       0       0       0       0       0       0       0       0       0
       0       0       0       0       0       0
       0     247     274     514     279     505     342     423     507     142
     440       0       0       0       0       0       0       0       0       0
       0       0       0       0       0       0       0       0       0       0
       0       0       0       0       0       0
       0       0       0       0       0       0       0       0     204     284
     818     431     353     113       0       0       0       0       0       0
       0       0       0       0       0       0       0       0       0       0
       0       0       0       0       0       0
       0       0       0       0       0       0       0       0       0       0
       0       0       0     319     372     374     607     401       0       0
       0       0       0       0       0       0       0       0       0       0
       0       0       0       0       0       0
       0       0       0       0       0       0       0       0       0       0
       0       0       0       0       0       0       0     307     283     395
     396     349     481     375     270       0       0       0       0       0
       0       0       0       0       0       0
       0       0       0       0       0       0       0       0       0       0
       0       0       0       0       0       0       0       0       0       0
     705    1907    1955     387     333     356     377     453     455     429
     351     217       0       0       0       0
       0       0       0       0       0       0       0       0       0       0
       0       0       0       0       0       0       0       0    1062    1765
    1291     478       0       0       0       0       0       0       0       0
      54     360     372     599     508     214
