      13      14
     314     207       0       0       0       0       0       0       0       0
       0       0       0
       0     420     211       0       0       0       0       0       0       0
       0       0       0
       0       0     874     589       0       0       0       0       0       0
       0       0       0
       0       0       0     421     255       0       0       0       0       0
       0       0       0
       0       0       0       0     461     132       0       0       0       0
       0       0       0
       0       0       0       0       0     529     163       0       0       0
       0       0       0
       0       0       0       0       0       0     441      79       0       0
       0       0       0
       0       0       0       0       0       0       0     540     413       0
       0       0       0
       0       0       0       0       0       0       0       0     828       0
       0       0       0
       0       0       0       0       0       0       0       0       0     472
       0       0       0
       0       0       0       0       0       0       0       0       0       0
     408       0       0
       0       0       0       0       0       0       0       0       0       0
       0     425       0
       0       0       0       0       0       0       0       0       0       0
       0       0       0
       0       0       0       0       0       0       0       0       0       0
       0       0     455
