0.50   3.86777630926
0.51   3.85214595071
0.52   3.83704797701
0.53   3.8224934589
0.54   3.80848421907
0.55   3.7950153101
0.56   3.78207689588
0.57   3.76965568085
0.58   3.75773599514
0.59   3.74630061705
0.60   3.73533139453
0.61   3.72480971258
0.62   3.71471684232
0.63   3.70503419908
0.64   3.69574353067
0.65   3.68682705186
0.66   3.67826753775
0.67   3.67004838561
0.68   3.66215365265
0.69   3.65456807563
0.70   3.64727707676
0.71   3.64026675935
0.72   3.63352389599
0.73   3.62703591135
0.74   3.62079086112
0.75   3.61477740852
0.76   3.60898479918
0.77   3.60340283517
0.78   3.5980218488
0.79   3.59283267652
0.80   3.58782663325
0.81   3.58299548738
0.82   3.57833143658
0.83   3.57382708454
0.84   3.56947541871
0.85   3.56526978901
0.86   3.56120388766
0.87   3.55727172997
0.88   3.55346763617
0.89   3.54978621426
0.90   3.5462223438
0.91   3.54277116056
0.92   3.53942804219
0.93   3.53618859458
0.94   3.53304863911
0.95   3.53000420063
0.96   3.52705149618
0.97   3.52418692429
0.98   3.52140705507
0.99   3.51870862074
1.00   3.51608850685
1.01   3.51354374394
1.02   3.51107149972
1.03   3.50866907176
1.04   3.50633388056
1.05   3.50406346302
1.06   3.50185546638
1.07   3.49970764241
1.08   3.497617842
1.09   3.49558401009
1.10   3.49360418079
1.11   3.49167647292
1.12   3.48979908568
1.13   3.48797029466
1.14   3.486188448
1.15   3.48445196284
1.16   3.48275932192
1.17   3.48110907036
1.18   3.47949981269
1.19   3.47793020995
1.20   3.47639897703
1.21   3.47490488006
1.22   3.47344673409
1.23   3.47202340071
1.24   3.47063378596
1.25   3.46927683824
1.26   3.4679515464
1.27   3.46665693788
1.28   3.46539207698
1.29   3.46415606322
1.30   3.46294802974
1.31   3.46176714185
1.32   3.46061259559
1.33   3.45948361641
1.34   3.45837945789
1.35   3.45729940052
1.36   3.45624275056
1.37   3.45520883896
1.38   3.45419702028
1.39   3.45320667176
1.40   3.4522371923
1.41   3.45128800164
1.42   3.45035853945
1.43   3.44944826457
1.44   3.44855665418
1.45   3.44768320307
1.46   3.44682742297
1.47   3.44598884185
1.48   3.44516700329
1.49   3.44436146585
1.50   3.4435718025
1.51   3.44279760007
1.52   3.44203845868
1.53   3.44129399128
1.54   3.44056382312
1.55   3.43984759132
1.56   3.43914494439
1.57   3.43845554182
1.58   3.43777905369
1.59   3.43711516025
1.60   3.43646355155
1.61   3.4358239271
1.62   3.43519599554
1.63   3.43457947424
1.64   3.43397408908
1.65   3.43337957408
1.66   3.43279567114
1.67   3.43222212977
1.68   3.43165870678
1.69   3.43110516609
1.70   3.43056127842
1.71   3.43002682112
1.72   3.42950157787
1.73   3.42898533854
1.74   3.42847789891
1.75   3.42797906052
1.76   3.42748863048
1.77   3.42700642124
1.78   3.42653225045
1.79   3.42606594076
1.80   3.42560731972
1.81   3.42515621952
1.82   3.42471247693
1.83   3.4242759331
1.84   3.42384643345
1.85   3.4234238275
1.86   3.42300796878
1.87   3.42259871467
1.88   3.42219592628
1.89   3.42179946838
1.90   3.42140920921
1.91   3.42102502046
1.92   3.42064677707
1.93   3.4202743572
1.94   3.41990764213
1.95   3.41954651611
1.96   3.41919086632
1.97   3.41884058278
1.98   3.41849555823
1.99   3.41815568809
2.00   3.41782087037
2.01   3.41749100555
2.02   3.41716599658
2.03   3.41684574876
2.04   3.41653016968
2.05   3.41621916917
2.06   3.41591265921
2.07   3.41561055388
2.08   3.41531276932
2.09   3.41501922364
2.10   3.41472983687
2.11   3.41444453094
2.12   3.41416322957
2.13   3.41388585829
2.14   3.4136123443
2.15   3.41334261653
2.16   3.41307660549
2.17   3.41281424332
2.18   3.41255546365
2.19   3.41230020165
2.20   3.41204839392
2.21   3.41179997852
2.22   3.41155489484
2.23   3.41131308365
2.24   3.41107448701
2.25   3.41083904828
2.26   3.41060671203
2.27   3.41037742407
2.28   3.41015113135
2.29   3.409927782
2.30   3.40970732526
2.31   3.40948971144
2.32   3.40927489193
2.33   3.40906281916
2.34   3.40885344653
2.35   3.40864672847
2.36   3.40844262033
2.37   3.40824107841
2.38   3.40804205992
2.39   3.40784552296
2.40   3.40765142648
2.41   3.40745973029
2.42   3.40727039501
2.43   3.40708338208
2.44   3.4068986537
2.45   3.40671617287
2.46   3.4065359033
2.47   3.40635780944
2.48   3.40618185647
2.49   3.40600801023
2.50   3.40583623726
2.51   3.40566650476
2.52   3.40549878057
2.53   3.40533303316
2.54   3.40516923161
2.55   3.40500734563
2.56   3.40484734548
2.57   3.40468920201
2.58   3.40453288663
2.59   3.40437837131
2.60   3.40422562853
2.61   3.40407463132
2.62   3.40392535319
2.63   3.40377776818
2.64   3.4036318508
2.65   3.40348757604
2.66   3.40334491937
2.67   3.40320385669
2.68   3.40306436437
2.69   3.40292641921
2.70   3.40278999843
2.71   3.40265507967
2.72   3.40252164098
2.73   3.40238966081
2.74   3.402259118
2.75   3.40212999177
2.76   3.40200226171
2.77   3.40187590779
2.78   3.40175091032
2.79   3.40162724997
2.80   3.40150490776
2.81   3.40138386503
2.82   3.40126410346
2.83   3.40114560504
2.84   3.4010283521
2.85   3.40091232724
2.86   3.40079751339
2.87   3.40068389377
2.88   3.40057145189
2.89   3.40046017153
2.90   3.40035003678
2.91   3.40024103196
2.92   3.40013314169
2.93   3.40002635083
2.94   3.3999206445
2.95   3.39981600809
2.96   3.39971242721
2.97   3.39960988772
2.98   3.39950837573
2.99   3.39940787755
3.00   3.39930837974
3.01   3.39920986908
3.02   3.39911233256
3.03   3.39901575738
3.04   3.39892013098
3.05   3.39882544095
3.06   3.39873167514
3.07   3.39863882155
3.08   3.39854686841
3.09   3.39845580411
3.10   3.39836561724
3.11   3.39827629657
3.12   3.39818783106
3.13   3.39810020983
3.14   3.39801342217
3.15   3.39792745756
3.16   3.39784230563
3.17   3.39775795616
3.18   3.39767439912
3.19   3.39759162462
3.20   3.39750962292
3.21   3.39742838444
3.22   3.39734789973
3.23   3.39726815952
3.24   3.39718915465
3.25   3.39711087612
3.26   3.39703331505
3.27   3.3969564627
3.28   3.39688031048
3.29   3.39680484991
3.30   3.39673007264
3.31   3.39665597046
3.32   3.39658253527
3.33   3.39650975908
3.34   3.39643763405
3.35   3.39636615244
3.36   3.39629530661
3.37   3.39622508905
3.38   3.39615549237
3.39   3.39608650927
3.40   3.39601813255
3.41   3.39595035514
3.42   3.39588317006
3.43   3.39581657043
3.44   3.39575054947
3.45   3.3956851005
3.46   3.39562021693
3.47   3.39555589228
3.48   3.39549212015
3.49   3.39542889422
3.50   3.39536620829
3.51   3.39530405623
3.52   3.39524243199
3.53   3.39518132961
3.54   3.39512074323
3.55   3.39506066706
3.56   3.39500109537
3.57   3.39494202255
3.58   3.39488344304
3.59   3.39482535137
3.60   3.39476774214
3.61   3.39471061002
3.62   3.39465394976
3.63   3.39459775618
3.64   3.39454202418
3.65   3.39448674871
3.66   3.39443192481
3.67   3.39437754756
3.68   3.39432361215
3.69   3.39427011378
3.70   3.39421704777
3.71   3.39416440945
3.72   3.39411219426
3.73   3.39406039767
3.74   3.39400901521
3.75   3.3939580425
3.76   3.39390747518
3.77   3.39385730897
3.78   3.39380753964
3.79   3.39375816302
3.80   3.39370917498
3.81   3.39366057147
3.82   3.39361234847
3.83   3.39356450203
3.84   3.39351702822
3.85   3.3934699232
3.86   3.39342318316
3.87   3.39337680434
3.88   3.39333078302
3.89   3.39328511554
3.90   3.39323979829
3.91   3.3931948277
3.92   3.39315020024
3.93   3.39310591243
3.94   3.39306196083
3.95   3.39301834206
3.96   3.39297505275
3.97   3.39293208961
3.98   3.39288944936
3.99   3.39284712878
4.00   3.39280512468
4.01   3.39276343392
4.02   3.39272205339
4.03   3.39268098001
4.04   3.39264021077
4.05   3.39259974265
4.06   3.39255957272
4.07   3.39251969804
4.08   3.39248011573
4.09   3.39244082294
4.10   3.39240181686
4.11   3.3923630947
4.12   3.39232465371
4.13   3.39228649119
4.14   3.39224860444
4.15   3.39221099083
4.16   3.39217364772
4.17   3.39213657254
4.18   3.39209976273
4.19   3.39206321576
4.20   3.39202692913
4.21   3.39199090039
4.22   3.3919551271
4.23   3.39191960683
4.24   3.39188433723
4.25   3.39184931593
4.26   3.3918145406
4.27   3.39178000896
4.28   3.39174571873
4.29   3.39171166767
4.30   3.39167785356
4.31   3.3916442742
4.32   3.39161092744
4.33   3.39157781112
4.34   3.39154492313
4.35   3.39151226137
4.36   3.39147982378
4.37   3.39144760831
4.38   3.39141561294
4.39   3.39138383567
4.40   3.39135227451
4.41   3.39132092753
4.42   3.39128979277
4.43   3.39125886834
4.44   3.39122815234
4.45   3.39119764291
4.46   3.39116733819
4.47   3.39113723636
4.48   3.39110733562
4.49   3.39107763417
4.50   3.39104813026
4.51   3.39101882213
4.52   3.39098970805
4.53   3.39096078632
4.54   3.39093205525
4.55   3.39090351316
4.56   3.39087515841
4.57   3.39084698935
4.58   3.39081900437
4.59   3.39079120187
4.60   3.39076358027
4.61   3.39073613799
4.62   3.3907088735
4.63   3.39068178527
4.64   3.39065487176
4.65   3.3906281315
4.66   3.39060156298
4.67   3.39057516475
4.68   3.39054893536
4.69   3.39052287336
4.70   3.39049697734
4.71   3.3904712459
4.72   3.39044567763
4.73   3.39042027116
4.74   3.39039502514
4.75   3.39036993821
4.76   3.39034500904
4.77   3.39032023631
4.78   3.39029561872
4.79   3.39027115496
4.80   3.39024684378
4.81   3.39022268389
4.82   3.39019867404
4.83   3.390174813
4.84   3.39015109954
4.85   3.39012753245
4.86   3.39010411052
4.87   3.39008083256
4.88   3.3900576974
4.89   3.39003470387
4.90   3.39001185082
4.91   3.3899891371
4.92   3.3899665616
4.93   3.38994412318
4.94   3.38992182073
4.95   3.38989965318
4.96   3.38987761942
4.97   3.38985571839
4.98   3.38983394901
4.99   3.38981231025
5.00   3.38979080105
5.01   3.38976942038
5.02   3.38974816723
5.03   3.38972704058
5.04   3.38970603942
5.05   3.38968516277
5.06   3.38966440965
5.07   3.38964377907
5.08   3.38962327009
5.09   3.38960288174
5.10   3.38958261309
5.11   3.38956246319
5.12   3.38954243113
5.13   3.38952251598
5.14   3.38950271683
5.15   3.3894830328
5.16   3.38946346298
5.17   3.3894440065
5.18   3.38942466248
5.19   3.38940543006
5.20   3.38938630838
5.21   3.38936729659
5.22   3.38934839386
5.23   3.38932959934
5.24   3.38931091222
5.25   3.38929233169
5.26   3.38927385692
5.27   3.38925548712
5.28   3.3892372215
5.29   3.38921905927
5.30   3.38920099965
5.31   3.38918304187
5.32   3.38916518517
5.33   3.38914742879
5.34   3.38912977197
5.35   3.38911221399
5.36   3.38909475409
5.37   3.38907739155
5.38   3.38906012566
5.39   3.38904295569
5.40   3.38902588093
5.41   3.38900890068
5.42   3.38899201425
5.43   3.38897522094
5.44   3.38895852008
5.45   3.38894191098
5.46   3.38892539298
5.47   3.38890896541
5.48   3.38889262761
5.49   3.38887637893
5.50   3.38886021872
5.51   3.38884414633
5.52   3.38882816115
5.53   3.38881226253
5.54   3.38879644985
5.55   3.3887807225
5.56   3.38876507986
5.57   3.38874952132
5.58   3.38873404629
5.59   3.38871865416
5.60   3.38870334435