M13     phi	 2       0        6.28  0   0.0   0.0  0.0  0.0  0.0     0 2
M13     psi 	 2       0        6.28  0   0.0   0.0  0.0  0.0  0.0     0 2
M13     theta 	 1       4.44e-7  0     1   0.0   0.0  0.0  0.0  0.0     0 2
M13     xdis 	 1       2.05e-3  0     1   0.0   0.0  0.0  0.0  0.0     0 2
M13     ydis 	 1       2.05e-3  0     1   0.0   0.0  0.0  0.0  0.0     0 2
M13     zdis 	 1       2.05e-3  0     1   0.0   0.0  0.0  0.0  0.0     0 2
M13     z4       1       4.64e-5  0     1   0.0   0.0  0.0  0.0  0.0     0 2
M13     z5       1       4.64e-5  0     1   0.0   0.0  0.0  0.0  0.0     0 2
M13     z6       1       4.64e-5  0     1   0.0   0.0  0.0  0.0  0.0     0 2
M13     z7       1       4.64e-5  0     1   0.0   0.0  0.0  0.0  0.0     0 2
M13     z8       1       4.64e-5  0     1   0.0   0.0  0.0  0.0  0.0     0 2
M13     z9       1       4.64e-5  0     1   0.0   0.0  0.0  0.0  0.0     0 2
M13     z10 	 1       2.12e-5  0     1   0.0   0.0  0.0  0.0  0.0     0 2
M13     z11 	 1       2.12e-5  0     1   0.0   0.0  0.0  0.0  0.0     0 2
M13     z12 	 1       2.12e-5  0     1   0.0   0.0  0.0  0.0  0.0     0 2
M13     z13 	 1       2.12e-5  0     1   0.0   0.0  0.0  0.0  0.0     0 2
M13     z14 	 1       2.12e-5  0     1   0.0   0.0  0.0  0.0  0.0     0 2
M13     z15 	 1       1.41e-5  0     1   0.0   0.0  0.0  0.0  0.0     0 2
M13     z16 	 1       1.41e-5  0     1   0.0   0.0  0.0  0.0  0.0     0 2
M13     z17 	 1       1.41e-5  0     1   0.0   0.0  0.0  0.0  0.0     0 2
M13     z18 	 1       1.41e-5  0     1   0.0   0.0  0.0  0.0  0.0     0 2
M13     z19 	 1       8.89e-6  0     1   0.0   0.0  0.0  0.0  0.0     0 2
M13     z20 	 1       8.89e-6  0     1   0.0   0.0  0.0  0.0  0.0     0 2
M13     z21 	 1       8.89e-6  0     1   0.0   0.0  0.0  0.0  0.0     0 2
M2      phi 	 2       0        6.28  0   0.0   0.0  0.0  0.0  0.0     1
M2      psi 	 2       0        6.28  0   0.0   0.0  0.0  0.0  0.0     1
M2      theta 	 1       4.45e-7  0     1   0.0   0.0  0.0  0.0  0.0     1
M2      xdis 	 1       2.05e-3  0     1   0.0   0.0  0.0  0.0  0.0     1
M2      ydis 	 1       2.05e-3  0     1   0.0   0.0  0.0  0.0  0.0     1
M2      zdis 	 1       2.05e-3  0     1   0.0   0.0  0.0  0.0  0.0     1
M2      z4       1       7.52e-5  0     1   0.0   0.0  0.0  0.0  0.0     1
M2      z5       1       7.52e-5  0     1   0.0   0.0  0.0  0.0  0.0     1
M2      z6       1       7.52e-5  0     1   0.0   0.0  0.0  0.0  0.0     1
M2      z7       1       7.52e-5  0     1   0.0   0.0  0.0  0.0  0.0     1
M2      z8       1       7.52e-5  0     1   0.0   0.0  0.0  0.0  0.0     1
M2      z9       1       7.52e-5  0     1   0.0   0.0  0.0  0.0  0.0     1
M2      z10      1       3.90e-5  0     1   0.0   0.0  0.0  0.0  0.0     1
M2      z11      1       3.90e-5  0     1   0.0   0.0  0.0  0.0  0.0     1
M2      z12      1       3.90e-5  0     1   0.0   0.0  0.0  0.0  0.0     1
M2      z13      1       3.90e-5  0     1   0.0   0.0  0.0  0.0  0.0     1
M2      z14      1       3.90e-5  0     1   0.0   0.0  0.0  0.0  0.0     1
M2      z15      1       3.90e-5  0     1   0.0   0.0  0.0  0.0  0.0     1
M2      z16      1       2.52e-5  0     1   0.0   0.0  0.0  0.0  0.0     1
M2      z17      1       2.52e-5  0     1   0.0   0.0  0.0  0.0  0.0     1
M2      z18      1       2.52e-5  0     1   0.0   0.0  0.0  0.0  0.0     1
M2      z19      1       1.80e-5  0     1   0.0   0.0  0.0  0.0  0.0     1
M2      z20      1       1.80e-5  0     1   0.0   0.0  0.0  0.0  0.0     1
M2      z21      1       1.80e-5  0     1   0.0   0.0  0.0  0.0  0.0     1
camera  phi 	 2       0        6.28  0   0.0   0.0  0.0  0.0  0.0     3 4 5 6 7 8 9 10
camera  psi 	 2       0        6.28  0   0.0   0.0  0.0  0.0  0.0     3 4 5 6 7 8 9 10
camera  theta 	 1       3.00e-5  0     1   0.0   0.0  0.0  0.0  0.0     3 4 5 6 7 8 9 10
camera  xdis 	 1       6.12e-3  0     1   0.0   0.0  0.0  0.0  0.0     3 4 5 6 7 8 9 10
camera  ydis 	 1       6.12e-3  0     1   0.0   0.0  0.0  0.0  0.0     3 4 5 6 7 8 9 10
camera  zdis 	 1       6.12e-3  0     1   0.0   0.0  0.0  0.0  0.0     3 4 5 6 7 8 9 10
fp		phi		 1		 0		  0		1	0.0	  0.0  0.0	0.0	 0.0	 11
fp		psi		 1		 0		  0		1	0.0	  0.0  0.0	0.0	 0.0	 11
fp		theta	 1		 0		  0		1	0.0	  0.0  0.0	0.0	 0.0	 11
fp		xdis	 1		 0		  0		1	0.0	  0.0  0.0	0.0	 0.0	 11
fp		ydis	 1		 0		  0		1	0.0	  0.0  0.0	0.0	 0.0	 11
fp		zdis	 1		 0		  0		1	0.0	  0.0  0.0	0.0	 0.0	 11
