# coating file for eye retina scoptic (low-light/night) luminosity curve
# includes the effeciency of the retina, so turn off detector
# from Wyszecki & Stiles (1982), table I(4.3.2) (CIE)
# column 1 is the angle of incidence (degrees)
# column 2 is the wavelength (microns)
# column 3 is the transmission probability
# column 4 is the reflection probability
0.0000000	0.3800000	0.0005890	0.0000000
0.0000000	0.3810000	0.0006650	0.0000000
0.0000000	0.3820000	0.0007520	0.0000000
0.0000000	0.3830000	0.0008540	0.0000000
0.0000000	0.3840000	0.0009720	0.0000000
0.0000000	0.3850000	0.0011080	0.0000000
0.0000000	0.3860000	0.0012680	0.0000000
0.0000000	0.3870000	0.0014530	0.0000000
0.0000000	0.3880000	0.0016680	0.0000000
0.0000000	0.3890000	0.0019180	0.0000000
0.0000000	0.3900000	0.0022090	0.0000000
0.0000000	0.3910000	0.0025470	0.0000000
0.0000000	0.3920000	0.0029390	0.0000000
0.0000000	0.3930000	0.0033940	0.0000000
0.0000000	0.3940000	0.0039210	0.0000000
0.0000000	0.3950000	0.0045300	0.0000000
0.0000000	0.3960000	0.0052400	0.0000000
0.0000000	0.3970000	0.0060500	0.0000000
0.0000000	0.3980000	0.0069800	0.0000000
0.0000000	0.3990000	0.0080600	0.0000000
0.0000000	0.4000000	0.0092900	0.0000000
0.0000000	0.4010000	0.0107000	0.0000000
0.0000000	0.4020000	0.0123100	0.0000000
0.0000000	0.4030000	0.0141300	0.0000000
0.0000000	0.4040000	0.0161900	0.0000000
0.0000000	0.4050000	0.0185200	0.0000000
0.0000000	0.4060000	0.0211300	0.0000000
0.0000000	0.4070000	0.0240500	0.0000000
0.0000000	0.4080000	0.0273000	0.0000000
0.0000000	0.4090000	0.0308900	0.0000000
0.0000000	0.4100000	0.0348400	0.0000000
0.0000000	0.4110000	0.0391600	0.0000000
0.0000000	0.4120000	0.0439000	0.0000000
0.0000000	0.4130000	0.0490000	0.0000000
0.0000000	0.4140000	0.0545000	0.0000000
0.0000000	0.4150000	0.0604000	0.0000000
0.0000000	0.4160000	0.0668000	0.0000000
0.0000000	0.4170000	0.0736000	0.0000000
0.0000000	0.4180000	0.0808000	0.0000000
0.0000000	0.4190000	0.0885000	0.0000000
0.0000000	0.4200000	0.0966000	0.0000000
0.0000000	0.4210000	0.1052000	0.0000000
0.0000000	0.4220000	0.1141000	0.0000000
0.0000000	0.4230000	0.1235000	0.0000000
0.0000000	0.4240000	0.1334000	0.0000000
0.0000000	0.4250000	0.1436000	0.0000000
0.0000000	0.4260000	0.1541000	0.0000000
0.0000000	0.4270000	0.1651000	0.0000000
0.0000000	0.4280000	0.1764000	0.0000000
0.0000000	0.4290000	0.1879000	0.0000000
0.0000000	0.4300000	0.1998000	0.0000000
0.0000000	0.4310000	0.2119000	0.0000000
0.0000000	0.4320000	0.2243000	0.0000000
0.0000000	0.4330000	0.2369000	0.0000000
0.0000000	0.4340000	0.2496000	0.0000000
0.0000000	0.4350000	0.2625000	0.0000000
0.0000000	0.4360000	0.2755000	0.0000000
0.0000000	0.4370000	0.2886000	0.0000000
0.0000000	0.4380000	0.3017000	0.0000000
0.0000000	0.4390000	0.3149000	0.0000000
0.0000000	0.4400000	0.3281000	0.0000000
0.0000000	0.4410000	0.3412000	0.0000000
0.0000000	0.4420000	0.3543000	0.0000000
0.0000000	0.4430000	0.3673000	0.0000000
0.0000000	0.4440000	0.3803000	0.0000000
0.0000000	0.4450000	0.3931000	0.0000000
0.0000000	0.4460000	0.4060000	0.0000000
0.0000000	0.4470000	0.4180000	0.0000000
0.0000000	0.4480000	0.4310000	0.0000000
0.0000000	0.4490000	0.4430000	0.0000000
0.0000000	0.4500000	0.4550000	0.0000000
0.0000000	0.4510000	0.4670000	0.0000000
0.0000000	0.4520000	0.4790000	0.0000000
0.0000000	0.4530000	0.4900000	0.0000000
0.0000000	0.4540000	0.5020000	0.0000000
0.0000000	0.4550000	0.5130000	0.0000000
0.0000000	0.4560000	0.5240000	0.0000000
0.0000000	0.4570000	0.5350000	0.0000000
0.0000000	0.4580000	0.5460000	0.0000000
0.0000000	0.4590000	0.5570000	0.0000000
0.0000000	0.4600000	0.5670000	0.0000000
0.0000000	0.4610000	0.5780000	0.0000000
0.0000000	0.4620000	0.5880000	0.0000000
0.0000000	0.4630000	0.5990000	0.0000000
0.0000000	0.4640000	0.6100000	0.0000000
0.0000000	0.4650000	0.6200000	0.0000000
0.0000000	0.4660000	0.6310000	0.0000000
0.0000000	0.4670000	0.6420000	0.0000000
0.0000000	0.4680000	0.6530000	0.0000000
0.0000000	0.4690000	0.6640000	0.0000000
0.0000000	0.4700000	0.6760000	0.0000000
0.0000000	0.4710000	0.6870000	0.0000000
0.0000000	0.4720000	0.6990000	0.0000000
0.0000000	0.4730000	0.7100000	0.0000000
0.0000000	0.4740000	0.7220000	0.0000000
0.0000000	0.4750000	0.7340000	0.0000000
0.0000000	0.4760000	0.7450000	0.0000000
0.0000000	0.4770000	0.7570000	0.0000000
0.0000000	0.4780000	0.7690000	0.0000000
0.0000000	0.4790000	0.7810000	0.0000000
0.0000000	0.4800000	0.7930000	0.0000000
0.0000000	0.4810000	0.8050000	0.0000000
0.0000000	0.4820000	0.8170000	0.0000000
0.0000000	0.4830000	0.8280000	0.0000000
0.0000000	0.4840000	0.8400000	0.0000000
0.0000000	0.4850000	0.8510000	0.0000000
0.0000000	0.4860000	0.8620000	0.0000000
0.0000000	0.4870000	0.8730000	0.0000000
0.0000000	0.4880000	0.8840000	0.0000000
0.0000000	0.4890000	0.8940000	0.0000000
0.0000000	0.4900000	0.9040000	0.0000000
0.0000000	0.4910000	0.9140000	0.0000000
0.0000000	0.4920000	0.9230000	0.0000000
0.0000000	0.4930000	0.9320000	0.0000000
0.0000000	0.4940000	0.9410000	0.0000000
0.0000000	0.4950000	0.9490000	0.0000000
0.0000000	0.4960000	0.9570000	0.0000000
0.0000000	0.4970000	0.9640000	0.0000000
0.0000000	0.4980000	0.9700000	0.0000000
0.0000000	0.4990000	0.9760000	0.0000000
0.0000000	0.5000000	0.9820000	0.0000000
0.0000000	0.5010000	0.9860000	0.0000000
0.0000000	0.5020000	0.9900000	0.0000000
0.0000000	0.5030000	0.9940000	0.0000000
0.0000000	0.5040000	0.9970000	0.0000000
0.0000000	0.5050000	0.9980000	0.0000000
0.0000000	0.5060000	1.0000000	0.0000000
0.0000000	0.5070000	1.0000000	0.0000000
0.0000000	0.5080000	1.0000000	0.0000000
0.0000000	0.5090000	0.9980000	0.0000000
0.0000000	0.5100000	0.9970000	0.0000000
0.0000000	0.5110000	0.9940000	0.0000000
0.0000000	0.5120000	0.9900000	0.0000000
0.0000000	0.5130000	0.9860000	0.0000000
0.0000000	0.5140000	0.9810000	0.0000000
0.0000000	0.5150000	0.9750000	0.0000000
0.0000000	0.5160000	0.9680000	0.0000000
0.0000000	0.5170000	0.9610000	0.0000000
0.0000000	0.5180000	0.9530000	0.0000000
0.0000000	0.5190000	0.9440000	0.0000000
0.0000000	0.5200000	0.9350000	0.0000000
0.0000000	0.5210000	0.9250000	0.0000000
0.0000000	0.5220000	0.9150000	0.0000000
0.0000000	0.5230000	0.9040000	0.0000000
0.0000000	0.5240000	0.8920000	0.0000000
0.0000000	0.5250000	0.8800000	0.0000000
0.0000000	0.5260000	0.8670000	0.0000000
0.0000000	0.5270000	0.8540000	0.0000000
0.0000000	0.5280000	0.8400000	0.0000000
0.0000000	0.5290000	0.8260000	0.0000000
0.0000000	0.5300000	0.8110000	0.0000000
0.0000000	0.5310000	0.7960000	0.0000000
0.0000000	0.5320000	0.7810000	0.0000000
0.0000000	0.5330000	0.7650000	0.0000000
0.0000000	0.5340000	0.7490000	0.0000000
0.0000000	0.5350000	0.7330000	0.0000000
0.0000000	0.5360000	0.7170000	0.0000000
0.0000000	0.5370000	0.7000000	0.0000000
0.0000000	0.5380000	0.6830000	0.0000000
0.0000000	0.5390000	0.6670000	0.0000000
0.0000000	0.5400000	0.6500000	0.0000000
0.0000000	0.5410000	0.6330000	0.0000000
0.0000000	0.5420000	0.6160000	0.0000000
0.0000000	0.5430000	0.5990000	0.0000000
0.0000000	0.5440000	0.5810000	0.0000000
0.0000000	0.5450000	0.5640000	0.0000000
0.0000000	0.5460000	0.5480000	0.0000000
0.0000000	0.5470000	0.5310000	0.0000000
0.0000000	0.5480000	0.5140000	0.0000000
0.0000000	0.5490000	0.4970000	0.0000000
0.0000000	0.5500000	0.4810000	0.0000000
0.0000000	0.5510000	0.4650000	0.0000000
0.0000000	0.5520000	0.4480000	0.0000000
0.0000000	0.5530000	0.4330000	0.0000000
0.0000000	0.5540000	0.4170000	0.0000000
0.0000000	0.5550000	0.4020000	0.0000000
0.0000000	0.5560000	0.3864000	0.0000000
0.0000000	0.5570000	0.3715000	0.0000000
0.0000000	0.5580000	0.3569000	0.0000000
0.0000000	0.5590000	0.3427000	0.0000000
0.0000000	0.5600000	0.3288000	0.0000000
0.0000000	0.5610000	0.3151000	0.0000000
0.0000000	0.5620000	0.3018000	0.0000000
0.0000000	0.5630000	0.2888000	0.0000000
0.0000000	0.5640000	0.2762000	0.0000000
0.0000000	0.5650000	0.2639000	0.0000000
0.0000000	0.5660000	0.2519000	0.0000000
0.0000000	0.5670000	0.2403000	0.0000000
0.0000000	0.5680000	0.2291000	0.0000000
0.0000000	0.5690000	0.2182000	0.0000000
0.0000000	0.5700000	0.2076000	0.0000000
0.0000000	0.5710000	0.1974000	0.0000000
0.0000000	0.5720000	0.1876000	0.0000000
0.0000000	0.5730000	0.1782000	0.0000000
0.0000000	0.5740000	0.1690000	0.0000000
0.0000000	0.5750000	0.1602000	0.0000000
0.0000000	0.5760000	0.1517000	0.0000000
0.0000000	0.5770000	0.1436000	0.0000000
0.0000000	0.5780000	0.1358000	0.0000000
0.0000000	0.5790000	0.1284000	0.0000000
0.0000000	0.5800000	0.1212000	0.0000000
0.0000000	0.5810000	0.1143000	0.0000000
0.0000000	0.5820000	0.1078000	0.0000000
0.0000000	0.5830000	0.1015000	0.0000000
0.0000000	0.5840000	0.0956000	0.0000000
0.0000000	0.5850000	0.0899000	0.0000000
0.0000000	0.5860000	0.0845000	0.0000000
0.0000000	0.5870000	0.0793000	0.0000000
0.0000000	0.5880000	0.0745000	0.0000000
0.0000000	0.5890000	0.0699000	0.0000000
0.0000000	0.5900000	0.0655000	0.0000000
0.0000000	0.5910000	0.0613000	0.0000000
0.0000000	0.5920000	0.0574000	0.0000000
0.0000000	0.5930000	0.0537000	0.0000000
0.0000000	0.5940000	0.0502000	0.0000000
0.0000000	0.5950000	0.0469000	0.0000000
0.0000000	0.5960000	0.0438000	0.0000000
0.0000000	0.5970000	0.0409000	0.0000000
0.0000000	0.5980000	0.0381600	0.0000000
0.0000000	0.5990000	0.0355800	0.0000000
0.0000000	0.6000000	0.0331500	0.0000000
0.0000000	0.6010000	0.0308700	0.0000000
0.0000000	0.6020000	0.0287400	0.0000000
0.0000000	0.6030000	0.0267400	0.0000000
0.0000000	0.6040000	0.0248700	0.0000000
0.0000000	0.6050000	0.0231200	0.0000000
0.0000000	0.6060000	0.0214700	0.0000000
0.0000000	0.6070000	0.0199400	0.0000000
0.0000000	0.6080000	0.0185100	0.0000000
0.0000000	0.6090000	0.0171800	0.0000000
0.0000000	0.6100000	0.0159300	0.0000000
0.0000000	0.6110000	0.0147700	0.0000000
0.0000000	0.6120000	0.0136900	0.0000000
0.0000000	0.6130000	0.0126900	0.0000000
0.0000000	0.6140000	0.0117500	0.0000000
0.0000000	0.6150000	0.0108800	0.0000000
0.0000000	0.6160000	0.0100700	0.0000000
0.0000000	0.6170000	0.0093200	0.0000000
0.0000000	0.6180000	0.0086200	0.0000000
0.0000000	0.6190000	0.0079700	0.0000000
0.0000000	0.6200000	0.0073700	0.0000000
0.0000000	0.6210000	0.0068200	0.0000000
0.0000000	0.6220000	0.0063000	0.0000000
0.0000000	0.6230000	0.0058200	0.0000000
0.0000000	0.6240000	0.0053800	0.0000000
0.0000000	0.6250000	0.0049700	0.0000000
0.0000000	0.6260000	0.0045900	0.0000000
0.0000000	0.6270000	0.0042400	0.0000000
0.0000000	0.6280000	0.0039130	0.0000000
0.0000000	0.6290000	0.0036130	0.0000000
0.0000000	0.6300000	0.0033350	0.0000000
0.0000000	0.6310000	0.0030790	0.0000000
0.0000000	0.6320000	0.0028420	0.0000000
0.0000000	0.6330000	0.0026230	0.0000000
0.0000000	0.6340000	0.0024210	0.0000000
0.0000000	0.6350000	0.0022350	0.0000000
0.0000000	0.6360000	0.0020620	0.0000000
0.0000000	0.6370000	0.0019030	0.0000000
0.0000000	0.6380000	0.0017570	0.0000000
0.0000000	0.6390000	0.0016210	0.0000000
0.0000000	0.6400000	0.0014970	0.0000000
0.0000000	0.6410000	0.0013820	0.0000000
0.0000000	0.6420000	0.0012760	0.0000000
0.0000000	0.6430000	0.0011780	0.0000000
0.0000000	0.6440000	0.0010880	0.0000000
0.0000000	0.6450000	0.0010050	0.0000000
0.0000000	0.6460000	0.0009280	0.0000000
0.0000000	0.6470000	0.0008570	0.0000000
0.0000000	0.6480000	0.0007920	0.0000000
0.0000000	0.6490000	0.0007320	0.0000000
0.0000000	0.6500000	0.0006770	0.0000000
0.0000000	0.6510000	0.0006260	0.0000000
0.0000000	0.6520000	0.0005790	0.0000000
0.0000000	0.6530000	0.0005360	0.0000000
0.0000000	0.6540000	0.0004960	0.0000000
0.0000000	0.6550000	0.0004590	0.0000000
0.0000000	0.6560000	0.0004250	0.0000000
0.0000000	0.6570000	0.0003935	0.0000000
0.0000000	0.6580000	0.0003645	0.0000000
0.0000000	0.6590000	0.0003377	0.0000000
0.0000000	0.6600000	0.0003129	0.0000000
0.0000000	0.6610000	0.0002901	0.0000000
0.0000000	0.6620000	0.0002689	0.0000000
0.0000000	0.6630000	0.0002493	0.0000000
0.0000000	0.6640000	0.0002313	0.0000000
0.0000000	0.6650000	0.0002146	0.0000000
0.0000000	0.6660000	0.0001991	0.0000000
0.0000000	0.6670000	0.0001848	0.0000000
0.0000000	0.6680000	0.0001716	0.0000000
0.0000000	0.6690000	0.0001593	0.0000000
0.0000000	0.6700000	0.0001480	0.0000000
0.0000000	0.6710000	0.0001375	0.0000000
0.0000000	0.6720000	0.0001277	0.0000000
0.0000000	0.6730000	0.0001187	0.0000000
0.0000000	0.6740000	0.0001104	0.0000000
0.0000000	0.6750000	0.0001026	0.0000000
0.0000000	0.6760000	0.0000954	0.0000000
0.0000000	0.6770000	0.0000888	0.0000000
0.0000000	0.6780000	0.0000826	0.0000000
0.0000000	0.6790000	0.0000769	0.0000000
0.0000000	0.6800000	0.0000715	0.0000000
0.0000000	0.6810000	0.0000666	0.0000000
0.0000000	0.6820000	0.0000620	0.0000000
0.0000000	0.6830000	0.0000578	0.0000000
0.0000000	0.6840000	0.0000538	0.0000000
0.0000000	0.6850000	0.0000501	0.0000000
0.0000000	0.6860000	0.0000467	0.0000000
0.0000000	0.6870000	0.0000436	0.0000000
0.0000000	0.6880000	0.0000406	0.0000000
0.0000000	0.6890000	0.0000379	0.0000000
0.0000000	0.6900000	0.0000353	0.0000000
0.0000000	0.6910000	0.0000330	0.0000000
0.0000000	0.6920000	0.0000308	0.0000000
0.0000000	0.6930000	0.0000287	0.0000000
0.0000000	0.6940000	0.0000268	0.0000000
0.0000000	0.6950000	0.0000250	0.0000000
0.0000000	0.6960000	0.0000234	0.0000000
0.0000000	0.6970000	0.0000218	0.0000000
0.0000000	0.6980000	0.0000204	0.0000000
0.0000000	0.6990000	0.0000191	0.0000000
0.0000000	0.7000000	0.0000178	0.0000000
0.0000000	0.7010000	0.0000166	0.0000000
0.0000000	0.7020000	0.0000156	0.0000000
0.0000000	0.7030000	0.0000145	0.0000000
0.0000000	0.7040000	0.0000136	0.0000000
0.0000000	0.7050000	0.0000127	0.0000000
0.0000000	0.7060000	0.0000119	0.0000000
0.0000000	0.7070000	0.0000111	0.0000000
0.0000000	0.7080000	0.0000104	0.0000000
0.0000000	0.7090000	0.0000098	0.0000000
0.0000000	0.7100000	0.0000091	0.0000000
0.0000000	0.7110000	0.0000086	0.0000000
0.0000000	0.7120000	0.0000080	0.0000000
0.0000000	0.7130000	0.0000075	0.0000000
0.0000000	0.7140000	0.0000070	0.0000000
0.0000000	0.7150000	0.0000066	0.0000000
0.0000000	0.7160000	0.0000062	0.0000000
0.0000000	0.7170000	0.0000058	0.0000000
0.0000000	0.7180000	0.0000054	0.0000000
0.0000000	0.7190000	0.0000051	0.0000000
0.0000000	0.7200000	0.0000048	0.0000000
0.0000000	0.7210000	0.0000045	0.0000000
0.0000000	0.7220000	0.0000042	0.0000000
0.0000000	0.7230000	0.0000040	0.0000000
0.0000000	0.7240000	0.0000037	0.0000000
0.0000000	0.7250000	0.0000035	0.0000000
0.0000000	0.7260000	0.0000033	0.0000000
0.0000000	0.7270000	0.0000031	0.0000000
0.0000000	0.7280000	0.0000029	0.0000000
0.0000000	0.7290000	0.0000027	0.0000000
0.0000000	0.7300000	0.0000025	0.0000000
0.0000000	0.7310000	0.0000024	0.0000000
0.0000000	0.7320000	0.0000023	0.0000000
0.0000000	0.7330000	0.0000021	0.0000000
0.0000000	0.7340000	0.0000020	0.0000000
0.0000000	0.7350000	0.0000019	0.0000000
0.0000000	0.7360000	0.0000018	0.0000000
0.0000000	0.7370000	0.0000017	0.0000000
0.0000000	0.7380000	0.0000016	0.0000000
0.0000000	0.7390000	0.0000015	0.0000000
0.0000000	0.7400000	0.0000014	0.0000000
0.0000000	0.7410000	0.0000013	0.0000000
0.0000000	0.7420000	0.0000012	0.0000000
0.0000000	0.7430000	0.0000012	0.0000000
0.0000000	0.7440000	0.0000011	0.0000000
0.0000000	0.7450000	0.0000010	0.0000000
0.0000000	0.7460000	0.0000010	0.0000000
0.0000000	0.7470000	0.0000009	0.0000000
0.0000000	0.7480000	0.0000009	0.0000000
0.0000000	0.7490000	0.0000008	0.0000000
0.0000000	0.7500000	0.0000008	0.0000000
0.0000000	0.7510000	0.0000007	0.0000000
0.0000000	0.7520000	0.0000007	0.0000000
0.0000000	0.7530000	0.0000006	0.0000000
0.0000000	0.7540000	0.0000006	0.0000000
0.0000000	0.7550000	0.0000006	0.0000000
0.0000000	0.7560000	0.0000005	0.0000000
0.0000000	0.7570000	0.0000005	0.0000000
0.0000000	0.7580000	0.0000005	0.0000000
0.0000000	0.7590000	0.0000005	0.0000000
0.0000000	0.7600000	0.0000004	0.0000000
0.0000000	0.7610000	0.0000004	0.0000000
0.0000000	0.7620000	0.0000004	0.0000000
0.0000000	0.7630000	0.0000004	0.0000000
0.0000000	0.7640000	0.0000003	0.0000000
0.0000000	0.7650000	0.0000003	0.0000000
0.0000000	0.7660000	0.0000003	0.0000000
0.0000000	0.7670000	0.0000003	0.0000000
0.0000000	0.7680000	0.0000003	0.0000000
0.0000000	0.7690000	0.0000003	0.0000000
0.0000000	0.7700000	0.0000002	0.0000000
0.0000000	0.7710000	0.0000002	0.0000000
0.0000000	0.7720000	0.0000002	0.0000000
0.0000000	0.7730000	0.0000002	0.0000000
0.0000000	0.7740000	0.0000002	0.0000000
0.0000000	0.7750000	0.0000002	0.0000000
0.0000000	0.7760000	0.0000002	0.0000000
0.0000000	0.7770000	0.0000002	0.0000000
0.0000000	0.7780000	0.0000002	0.0000000
0.0000000	0.7790000	0.0000001	0.0000000
0.0000000	0.7800000	0.0000001	0.0000000