0.3 1.55277
0.301 1.55242
0.302 1.55207
0.303 1.55172
0.304 1.55138
0.305 1.55104
0.306 1.55071
0.307 1.55038
0.308 1.55006
0.309 1.54973
0.31 1.54942
0.311 1.5491
0.312 1.54879
0.313 1.54848
0.314 1.54818
0.315 1.54788
0.316 1.54758
0.317 1.54729
0.318 1.547
0.319 1.54671
0.32 1.54643
0.321 1.54615
0.322 1.54587
0.323 1.5456
0.324 1.54532
0.325 1.54505
0.326 1.54479
0.327 1.54453
0.328 1.54426
0.329 1.54401
0.33 1.54375
0.331 1.5435
0.332 1.54325
0.333 1.543
0.334 1.54276
0.335 1.54252
0.336 1.54228
0.337 1.54204
0.338 1.54181
0.339 1.54157
0.34 1.54134
0.341 1.54112
0.342 1.54089
0.343 1.54067
0.344 1.54045
0.345 1.54023
0.346 1.54001
0.347 1.5398
0.348 1.53958
0.349 1.53937
0.35 1.53917
0.351 1.53896
0.352 1.53876
0.353 1.53855
0.354 1.53835
0.355 1.53815
0.356 1.53796
0.357 1.53776
0.358 1.53757
0.359 1.53738
0.36 1.53719
0.361 1.537
0.362 1.53682
0.363 1.53663
0.364 1.53645
0.365 1.53627
0.366 1.53609
0.367 1.53591
0.368 1.53574
0.369 1.53556
0.37 1.53539
0.371 1.53522
0.372 1.53505
0.373 1.53488
0.374 1.53471
0.375 1.53455
0.376 1.53439
0.377 1.53422
0.378 1.53406
0.379 1.5339
0.38 1.53374
0.381 1.53359
0.382 1.53343
0.383 1.53328
0.384 1.53313
0.385 1.53297
0.386 1.53282
0.387 1.53268
0.388 1.53253
0.389 1.53238
0.39 1.53224
0.391 1.53209
0.392 1.53195
0.393 1.53181
0.394 1.53167
0.395 1.53153
0.396 1.53139
0.397 1.53125
0.398 1.53112
0.399 1.53098
0.4 1.53085
0.401 1.53072
0.402 1.53058
0.403 1.53045
0.404 1.53032
0.405 1.5302
0.406 1.53007
0.407 1.52994
0.408 1.52982
0.409 1.52969
0.41 1.52957
0.411 1.52945
0.412 1.52932
0.413 1.5292
0.414 1.52908
0.415 1.52897
0.416 1.52885
0.417 1.52873
0.418 1.52861
0.419 1.5285
0.42 1.52839
0.421 1.52827
0.422 1.52816
0.423 1.52805
0.424 1.52794
0.425 1.52783
0.426 1.52772
0.427 1.52761
0.428 1.5275
0.429 1.52739
0.43 1.52729
0.431 1.52718
0.432 1.52708
0.433 1.52697
0.434 1.52687
0.435 1.52677
0.436 1.52667
0.437 1.52657
0.438 1.52647
0.439 1.52637
0.44 1.52627
0.441 1.52617
0.442 1.52607
0.443 1.52598
0.444 1.52588
0.445 1.52579
0.446 1.52569
0.447 1.5256
0.448 1.5255
0.449 1.52541
0.45 1.52532
0.451 1.52523
0.452 1.52514
0.453 1.52505
0.454 1.52496
0.455 1.52487
0.456 1.52478
0.457 1.52469
0.458 1.52461
0.459 1.52452
0.46 1.52443
0.461 1.52435
0.462 1.52426
0.463 1.52418
0.464 1.5241
0.465 1.52401
0.466 1.52393
0.467 1.52385
0.468 1.52377
0.469 1.52369
0.47 1.5236
0.471 1.52353
0.472 1.52345
0.473 1.52337
0.474 1.52329
0.475 1.52321
0.476 1.52313
0.477 1.52306
0.478 1.52298
0.479 1.5229
0.48 1.52283
0.481 1.52275
0.482 1.52268
0.483 1.52261
0.484 1.52253
0.485 1.52246
0.486 1.52239
0.487 1.52231
0.488 1.52224
0.489 1.52217
0.49 1.5221
0.491 1.52203
0.492 1.52196
0.493 1.52189
0.494 1.52182
0.495 1.52175
0.496 1.52168
0.497 1.52162
0.498 1.52155
0.499 1.52148
0.5 1.52141
0.501 1.52135
0.502 1.52128
0.503 1.52122
0.504 1.52115
0.505 1.52109
0.506 1.52102
0.507 1.52096
0.508 1.52089
0.509 1.52083
0.51 1.52077
0.511 1.52071
0.512 1.52064
0.513 1.52058
0.514 1.52052
0.515 1.52046
0.516 1.5204
0.517 1.52034
0.518 1.52028
0.519 1.52022
0.52 1.52016
0.521 1.5201
0.522 1.52004
0.523 1.51998
0.524 1.51993
0.525 1.51987
0.526 1.51981
0.527 1.51975
0.528 1.5197
0.529 1.51964
0.53 1.51958
0.531 1.51953
0.532 1.51947
0.533 1.51942
0.534 1.51936
0.535 1.51931
0.536 1.51925
0.537 1.5192
0.538 1.51915
0.539 1.51909
0.54 1.51904
0.541 1.51899
0.542 1.51893
0.543 1.51888
0.544 1.51883
0.545 1.51878
0.546 1.51873
0.547 1.51867
0.548 1.51862
0.549 1.51857
0.55 1.51852
0.551 1.51847
0.552 1.51842
0.553 1.51837
0.554 1.51832
0.555 1.51827
0.556 1.51823
0.557 1.51818
0.558 1.51813
0.559 1.51808
0.56 1.51803
0.561 1.51798
0.562 1.51794
0.563 1.51789
0.564 1.51784
0.565 1.5178
0.566 1.51775
0.567 1.5177
0.568 1.51766
0.569 1.51761
0.57 1.51757
0.571 1.51752
0.572 1.51748
0.573 1.51743
0.574 1.51739
0.575 1.51734
0.576 1.5173
0.577 1.51725
0.578 1.51721
0.579 1.51717
0.58 1.51712
0.581 1.51708
0.582 1.51704
0.583 1.51699
0.584 1.51695
0.585 1.51691
0.586 1.51687
0.587 1.51682
0.588 1.51678
0.589 1.51674
0.59 1.5167
0.591 1.51666
0.592 1.51662
0.593 1.51658
0.594 1.51653
0.595 1.51649
0.596 1.51645
0.597 1.51641
0.598 1.51637
0.599 1.51633
0.6 1.51629
0.601 1.51626
0.602 1.51622
0.603 1.51618
0.604 1.51614
0.605 1.5161
0.606 1.51606
0.607 1.51602
0.608 1.51598
0.609 1.51595
0.61 1.51591
0.611 1.51587
0.612 1.51583
0.613 1.5158
0.614 1.51576
0.615 1.51572
0.616 1.51569
0.617 1.51565
0.618 1.51561
0.619 1.51558
0.62 1.51554
0.621 1.5155
0.622 1.51547
0.623 1.51543
0.624 1.5154
0.625 1.51536
0.626 1.51533
0.627 1.51529
0.628 1.51526
0.629 1.51522
0.63 1.51519
0.631 1.51515
0.632 1.51512
0.633 1.51508
0.634 1.51505
0.635 1.51501
0.636 1.51498
0.637 1.51495
0.638 1.51491
0.639 1.51488
0.64 1.51485
0.641 1.51481
0.642 1.51478
0.643 1.51475
0.644 1.51471
0.645 1.51468
0.646 1.51465
0.647 1.51462
0.648 1.51458
0.649 1.51455
0.65 1.51452
0.651 1.51449
0.652 1.51446
0.653 1.51443
0.654 1.51439
0.655 1.51436
0.656 1.51433
0.657 1.5143
0.658 1.51427
0.659 1.51424
0.66 1.51421
0.661 1.51418
0.662 1.51415
0.663 1.51412
0.664 1.51408
0.665 1.51405
0.666 1.51402
0.667 1.51399
0.668 1.51396
0.669 1.51394
0.67 1.51391
0.671 1.51388
0.672 1.51385
0.673 1.51382
0.674 1.51379
0.675 1.51376
0.676 1.51373
0.677 1.5137
0.678 1.51367
0.679 1.51364
0.68 1.51361
0.681 1.51359
0.682 1.51356
0.683 1.51353
0.684 1.5135
0.685 1.51347
0.686 1.51345
0.687 1.51342
0.688 1.51339
0.689 1.51336
0.69 1.51333
0.691 1.51331
0.692 1.51328
0.693 1.51325
0.694 1.51323
0.695 1.5132
0.696 1.51317
0.697 1.51314
0.698 1.51312
0.699 1.51309
0.7 1.51306
0.701 1.51304
0.702 1.51301
0.703 1.51298
0.704 1.51296
0.705 1.51293
0.706 1.51291
0.707 1.51288
0.708 1.51285
0.709 1.51283
0.71 1.5128
0.711 1.51278
0.712 1.51275
0.713 1.51273
0.714 1.5127
0.715 1.51267
0.716 1.51265
0.717 1.51262
0.718 1.5126
0.719 1.51257
0.72 1.51255
0.721 1.51252
0.722 1.5125
0.723 1.51248
0.724 1.51245
0.725 1.51243
0.726 1.5124
0.727 1.51238
0.728 1.51235
0.729 1.51233
0.73 1.5123
0.731 1.51228
0.732 1.51226
0.733 1.51223
0.734 1.51221
0.735 1.51218
0.736 1.51216
0.737 1.51214
0.738 1.51211
0.739 1.51209
0.74 1.51207
0.741 1.51204
0.742 1.51202
0.743 1.512
0.744 1.51197
0.745 1.51195
0.746 1.51193
0.747 1.5119
0.748 1.51188
0.749 1.51186
0.75 1.51184
0.751 1.51181
0.752 1.51179
0.753 1.51177
0.754 1.51175
0.755 1.51172
0.756 1.5117
0.757 1.51168
0.758 1.51166
0.759 1.51163
0.76 1.51161
0.761 1.51159
0.762 1.51157
0.763 1.51155
0.764 1.51152
0.765 1.5115
0.766 1.51148
0.767 1.51146
0.768 1.51144
0.769 1.51142
0.77 1.5114
0.771 1.51137
0.772 1.51135
0.773 1.51133
0.774 1.51131
0.775 1.51129
0.776 1.51127
0.777 1.51125
0.778 1.51123
0.779 1.5112
0.78 1.51118
0.781 1.51116
0.782 1.51114
0.783 1.51112
0.784 1.5111
0.785 1.51108
0.786 1.51106
0.787 1.51104
0.788 1.51102
0.789 1.511
0.79 1.51098
0.791 1.51096
0.792 1.51094
0.793 1.51092
0.794 1.5109
0.795 1.51088
0.796 1.51086
0.797 1.51084
0.798 1.51082
0.799 1.5108
0.8 1.51078
0.801 1.51076
0.802 1.51074
0.803 1.51072
0.804 1.5107
0.805 1.51068
0.806 1.51066
0.807 1.51064
0.808 1.51062
0.809 1.5106
0.81 1.51058
0.811 1.51056
0.812 1.51054
0.813 1.51052
0.814 1.5105
0.815 1.51048
0.816 1.51046
0.817 1.51045
0.818 1.51043
0.819 1.51041
0.82 1.51039
0.821 1.51037
0.822 1.51035
0.823 1.51033
0.824 1.51031
0.825 1.51029
0.826 1.51028
0.827 1.51026
0.828 1.51024
0.829 1.51022
0.83 1.5102
0.831 1.51018
0.832 1.51017
0.833 1.51015
0.834 1.51013
0.835 1.51011
0.836 1.51009
0.837 1.51007
0.838 1.51006
0.839 1.51004
0.84 1.51002
0.841 1.51
0.842 1.50998
0.843 1.50996
0.844 1.50995
0.845 1.50993
0.846 1.50991
0.847 1.50989
0.848 1.50988
0.849 1.50986
0.85 1.50984
0.851 1.50982
0.852 1.5098
0.853 1.50979
0.854 1.50977
0.855 1.50975
0.856 1.50973
0.857 1.50972
0.858 1.5097
0.859 1.50968
0.86 1.50966
0.861 1.50965
0.862 1.50963
0.863 1.50961
0.864 1.5096
0.865 1.50958
0.866 1.50956
0.867 1.50954
0.868 1.50953
0.869 1.50951
0.87 1.50949
0.871 1.50948
0.872 1.50946
0.873 1.50944
0.874 1.50943
0.875 1.50941
0.876 1.50939
0.877 1.50937
0.878 1.50936
0.879 1.50934
0.88 1.50932
0.881 1.50931
0.882 1.50929
0.883 1.50927
0.884 1.50926
0.885 1.50924
0.886 1.50923
0.887 1.50921
0.888 1.50919
0.889 1.50918
0.89 1.50916
0.891 1.50914
0.892 1.50913
0.893 1.50911
0.894 1.50909
0.895 1.50908
0.896 1.50906
0.897 1.50905
0.898 1.50903
0.899 1.50901
0.9 1.509
0.901 1.50898
0.902 1.50896
0.903 1.50895
0.904 1.50893
0.905 1.50892
0.906 1.5089
0.907 1.50888
0.908 1.50887
0.909 1.50885
0.91 1.50884
0.911 1.50882
0.912 1.50881
0.913 1.50879
0.914 1.50877
0.915 1.50876
0.916 1.50874
0.917 1.50873
0.918 1.50871
0.919 1.5087
0.92 1.50868
0.921 1.50866
0.922 1.50865
0.923 1.50863
0.924 1.50862
0.925 1.5086
0.926 1.50859
0.927 1.50857
0.928 1.50856
0.929 1.50854
0.93 1.50853
0.931 1.50851
0.932 1.50849
0.933 1.50848
0.934 1.50846
0.935 1.50845
0.936 1.50843
0.937 1.50842
0.938 1.5084
0.939 1.50839
0.94 1.50837
0.941 1.50836
0.942 1.50834
0.943 1.50833
0.944 1.50831
0.945 1.5083
0.946 1.50828
0.947 1.50827
0.948 1.50825
0.949 1.50824
0.95 1.50822
0.951 1.50821
0.952 1.50819
0.953 1.50818
0.954 1.50816
0.955 1.50815
0.956 1.50813
0.957 1.50812
0.958 1.5081
0.959 1.50809
0.96 1.50808
0.961 1.50806
0.962 1.50805
0.963 1.50803
0.964 1.50802
0.965 1.508
0.966 1.50799
0.967 1.50797
0.968 1.50796
0.969 1.50794
0.97 1.50793
0.971 1.50791
0.972 1.5079
0.973 1.50789
0.974 1.50787
0.975 1.50786
0.976 1.50784
0.977 1.50783
0.978 1.50781
0.979 1.5078
0.98 1.50779
0.981 1.50777
0.982 1.50776
0.983 1.50774
0.984 1.50773
0.985 1.50771
0.986 1.5077
0.987 1.50769
0.988 1.50767
0.989 1.50766
0.99 1.50764
0.991 1.50763
0.992 1.50761
0.993 1.5076
0.994 1.50759
0.995 1.50757
0.996 1.50756
0.997 1.50754
0.998 1.50753
0.999 1.50752
1 1.5075
1.001 1.50749
1.002 1.50747
1.003 1.50746
1.004 1.50745
1.005 1.50743
1.006 1.50742
1.007 1.5074
1.008 1.50739
1.009 1.50738
1.01 1.50736
1.011 1.50735
1.012 1.50734
1.013 1.50732
1.014 1.50731
1.015 1.50729
1.016 1.50728
1.017 1.50727
1.018 1.50725
1.019 1.50724
1.02 1.50723
1.021 1.50721
1.022 1.5072
1.023 1.50718
1.024 1.50717
1.025 1.50716
1.026 1.50714
1.027 1.50713
1.028 1.50712
1.029 1.5071
1.03 1.50709
1.031 1.50708
1.032 1.50706
1.033 1.50705
1.034 1.50703
1.035 1.50702
1.036 1.50701
1.037 1.50699
1.038 1.50698
1.039 1.50697
1.04 1.50695
1.041 1.50694
1.042 1.50693
1.043 1.50691
1.044 1.5069
1.045 1.50689
1.046 1.50687
1.047 1.50686
1.048 1.50685
1.049 1.50683
1.05 1.50682
1.051 1.50681
1.052 1.50679
1.053 1.50678
1.054 1.50677
1.055 1.50675
1.056 1.50674
1.057 1.50673
1.058 1.50671
1.059 1.5067
1.06 1.50669
1.061 1.50667
1.062 1.50666
1.063 1.50665
1.064 1.50663
1.065 1.50662
1.066 1.50661
1.067 1.5066
1.068 1.50658
1.069 1.50657
1.07 1.50656
1.071 1.50654
1.072 1.50653
1.073 1.50652
1.074 1.5065
1.075 1.50649
1.076 1.50648
1.077 1.50646
1.078 1.50645
1.079 1.50644
1.08 1.50643
1.081 1.50641
1.082 1.5064
1.083 1.50639
1.084 1.50637
1.085 1.50636
1.086 1.50635
1.087 1.50633
1.088 1.50632
1.089 1.50631
1.09 1.5063
1.091 1.50628
1.092 1.50627
1.093 1.50626
1.094 1.50624
1.095 1.50623
1.096 1.50622
1.097 1.50621
1.098 1.50619
1.099 1.50618
1.1 1.50617
1.101 1.50615
1.102 1.50614
1.103 1.50613
1.104 1.50612
1.105 1.5061
1.106 1.50609
1.107 1.50608
1.108 1.50606
1.109 1.50605
1.11 1.50604
1.111 1.50603
1.112 1.50601
1.113 1.506
1.114 1.50599
1.115 1.50598
1.116 1.50596
1.117 1.50595
1.118 1.50594
1.119 1.50592
1.12 1.50591
1.121 1.5059
1.122 1.50589
1.123 1.50587
1.124 1.50586
1.125 1.50585
1.126 1.50584
1.127 1.50582
1.128 1.50581
1.129 1.5058
1.13 1.50579
1.131 1.50577
1.132 1.50576
1.133 1.50575
1.134 1.50574
1.135 1.50572
1.136 1.50571
1.137 1.5057
1.138 1.50568
1.139 1.50567
1.14 1.50566
1.141 1.50565
1.142 1.50563
1.143 1.50562
1.144 1.50561
1.145 1.5056
1.146 1.50558
1.147 1.50557
1.148 1.50556
1.149 1.50555
1.15 1.50553
1.151 1.50552
1.152 1.50551
1.153 1.5055
1.154 1.50548
1.155 1.50547
1.156 1.50546
1.157 1.50545
1.158 1.50543
1.159 1.50542
1.16 1.50541
1.161 1.5054
1.162 1.50539
1.163 1.50537
1.164 1.50536
1.165 1.50535
1.166 1.50534
1.167 1.50532
1.168 1.50531
1.169 1.5053
1.17 1.50529
1.171 1.50527
1.172 1.50526
1.173 1.50525
1.174 1.50524
1.175 1.50522
1.176 1.50521
1.177 1.5052
1.178 1.50519
1.179 1.50517
1.18 1.50516
1.181 1.50515
1.182 1.50514
1.183 1.50513
1.184 1.50511
1.185 1.5051
1.186 1.50509
1.187 1.50508
1.188 1.50506
1.189 1.50505
1.19 1.50504
1.191 1.50503
1.192 1.50501
1.193 1.505
1.194 1.50499
1.195 1.50498
1.196 1.50497
1.197 1.50495
1.198 1.50494
1.199 1.50493
1.2 1.50492
1.201 1.5049
1.202 1.50489
1.203 1.50488
1.204 1.50487
1.205 1.50486
1.206 1.50484
1.207 1.50483
1.208 1.50482
1.209 1.50481
1.21 1.50479
1.211 1.50478
1.212 1.50477
1.213 1.50476
1.214 1.50475
1.215 1.50473
1.216 1.50472
1.217 1.50471
1.218 1.5047
1.219 1.50468
1.22 1.50467
1.221 1.50466
1.222 1.50465
1.223 1.50464
1.224 1.50462
1.225 1.50461
1.226 1.5046
1.227 1.50459
1.228 1.50457
1.229 1.50456
1.23 1.50455
1.231 1.50454
1.232 1.50453
1.233 1.50451
1.234 1.5045
1.235 1.50449
1.236 1.50448
1.237 1.50447
1.238 1.50445
1.239 1.50444
1.24 1.50443
1.241 1.50442
1.242 1.5044
1.243 1.50439
1.244 1.50438
1.245 1.50437
1.246 1.50436
1.247 1.50434
1.248 1.50433
1.249 1.50432
1.25 1.50431
1.251 1.5043
1.252 1.50428
1.253 1.50427
1.254 1.50426
1.255 1.50425
1.256 1.50423
1.257 1.50422
1.258 1.50421
1.259 1.5042
1.26 1.50419
1.261 1.50417
1.262 1.50416
1.263 1.50415
1.264 1.50414
1.265 1.50413
1.266 1.50411
1.267 1.5041
1.268 1.50409
1.269 1.50408
1.27 1.50407
1.271 1.50405
1.272 1.50404
1.273 1.50403
1.274 1.50402
1.275 1.50401
1.276 1.50399
1.277 1.50398
1.278 1.50397
1.279 1.50396
1.28 1.50394
1.281 1.50393
1.282 1.50392
1.283 1.50391
1.284 1.5039
1.285 1.50388
1.286 1.50387
1.287 1.50386
1.288 1.50385
1.289 1.50384
1.29 1.50382
1.291 1.50381
1.292 1.5038
1.293 1.50379
1.294 1.50378
1.295 1.50376
1.296 1.50375
1.297 1.50374
1.298 1.50373
1.299 1.50372
1.3 1.5037
1.301 1.50369
1.302 1.50368
1.303 1.50367
1.304 1.50366
1.305 1.50364
1.306 1.50363
1.307 1.50362
1.308 1.50361
1.309 1.50359
1.31 1.50358
1.311 1.50357
1.312 1.50356
1.313 1.50355
1.314 1.50353
1.315 1.50352
1.316 1.50351
1.317 1.5035
1.318 1.50349
1.319 1.50347
1.32 1.50346
1.321 1.50345
1.322 1.50344
1.323 1.50343
1.324 1.50341
1.325 1.5034
1.326 1.50339
1.327 1.50338
1.328 1.50337
1.329 1.50335
1.33 1.50334
1.331 1.50333
1.332 1.50332
1.333 1.50331
1.334 1.50329
1.335 1.50328
1.336 1.50327
1.337 1.50326
1.338 1.50325
1.339 1.50323
1.34 1.50322
1.341 1.50321
1.342 1.5032
1.343 1.50319
1.344 1.50317
1.345 1.50316
1.346 1.50315
1.347 1.50314
1.348 1.50312
1.349 1.50311
1.35 1.5031
1.351 1.50309
1.352 1.50308
1.353 1.50306
1.354 1.50305
1.355 1.50304
1.356 1.50303
1.357 1.50302
1.358 1.503
1.359 1.50299
1.36 1.50298
1.361 1.50297
1.362 1.50296
1.363 1.50294
1.364 1.50293
1.365 1.50292
1.366 1.50291
1.367 1.5029
1.368 1.50288
1.369 1.50287
1.37 1.50286
1.371 1.50285
1.372 1.50284
1.373 1.50282
1.374 1.50281
1.375 1.5028
1.376 1.50279
1.377 1.50277
1.378 1.50276
1.379 1.50275
1.38 1.50274
1.381 1.50273
1.382 1.50271
1.383 1.5027
1.384 1.50269
1.385 1.50268
1.386 1.50267
1.387 1.50265
1.388 1.50264
1.389 1.50263
1.39 1.50262
1.391 1.50261
1.392 1.50259
1.393 1.50258
1.394 1.50257
1.395 1.50256
1.396 1.50254
1.397 1.50253
1.398 1.50252
1.399 1.50251
1.4 1.5025
1.401 1.50248
1.402 1.50247
1.403 1.50246
1.404 1.50245
1.405 1.50244
1.406 1.50242
1.407 1.50241
1.408 1.5024
1.409 1.50239
1.41 1.50238
1.411 1.50236
1.412 1.50235
1.413 1.50234
1.414 1.50233
1.415 1.50231
1.416 1.5023
1.417 1.50229
1.418 1.50228
1.419 1.50227
1.42 1.50225
1.421 1.50224
1.422 1.50223
1.423 1.50222
1.424 1.50221
1.425 1.50219
1.426 1.50218
1.427 1.50217
1.428 1.50216
1.429 1.50214
1.43 1.50213
1.431 1.50212
1.432 1.50211
1.433 1.5021
1.434 1.50208
1.435 1.50207
1.436 1.50206
1.437 1.50205
1.438 1.50203
1.439 1.50202
1.44 1.50201
1.441 1.502
1.442 1.50199
1.443 1.50197
1.444 1.50196
1.445 1.50195
1.446 1.50194
1.447 1.50192
1.448 1.50191
1.449 1.5019
1.45 1.50189
1.451 1.50188
1.452 1.50186
1.453 1.50185
1.454 1.50184
1.455 1.50183
1.456 1.50181
1.457 1.5018
1.458 1.50179
1.459 1.50178
1.46 1.50177
1.461 1.50175
1.462 1.50174
1.463 1.50173
1.464 1.50172
1.465 1.5017
1.466 1.50169
1.467 1.50168
1.468 1.50167
1.469 1.50166
1.47 1.50164
1.471 1.50163
1.472 1.50162
1.473 1.50161
1.474 1.50159
1.475 1.50158
1.476 1.50157
1.477 1.50156
1.478 1.50155
1.479 1.50153
1.48 1.50152
1.481 1.50151
1.482 1.5015
1.483 1.50148
1.484 1.50147
1.485 1.50146
1.486 1.50145
1.487 1.50143
1.488 1.50142
1.489 1.50141
1.49 1.5014
1.491 1.50139
1.492 1.50137
1.493 1.50136
1.494 1.50135
1.495 1.50134
1.496 1.50132
1.497 1.50131
1.498 1.5013
1.499 1.50129
1.5 1.50127
1.501 1.50126
1.502 1.50125
1.503 1.50124
1.504 1.50122
1.505 1.50121
1.506 1.5012
1.507 1.50119
1.508 1.50118
1.509 1.50116
1.51 1.50115
1.511 1.50114
1.512 1.50113
1.513 1.50111
1.514 1.5011
1.515 1.50109
1.516 1.50108
1.517 1.50106
1.518 1.50105
1.519 1.50104
1.52 1.50103
1.521 1.50101
1.522 1.501
1.523 1.50099
1.524 1.50098
1.525 1.50096
1.526 1.50095
1.527 1.50094
1.528 1.50093
1.529 1.50091
1.53 1.5009
