       0   2.5464700e+19
      70.0000   2.5294006e+19
      140.000   2.5124186e+19
      210.000   2.4955242e+19
      280.000   2.4787165e+19
      350.000   2.4619960e+19
      420.000   2.4453615e+19
      490.000   2.4288132e+19
      560.000   2.4123514e+19
      630.000   2.3959746e+19
      700.000   2.3796829e+19
      770.000   2.3634761e+19
      840.000   2.3473540e+19
      910.000   2.3313160e+19
      980.000   2.3153620e+19
      1050.00   2.2994917e+19
      1120.00   2.2837045e+19
      1190.00   2.2680007e+19
      1260.00   2.2523795e+19
      1330.00   2.2368408e+19
      1400.00   2.2213841e+19
      1470.00   2.2060095e+19
      1540.00   2.1907168e+19
      1610.00   2.1755050e+19
      1680.00   2.1603739e+19
      1750.00   2.1453234e+19
      1820.00   2.1303534e+19
      1890.00   2.1154635e+19
      1960.00   2.1006531e+19
      2030.00   2.0859222e+19
      2100.00   2.0712707e+19
      2170.00   2.0566980e+19
      2240.00   2.0422037e+19
      2310.00   2.0277878e+19
      2380.00   2.0134499e+19
      2450.00   1.9991896e+19
      2520.00   1.9850068e+19
      2590.00   1.9709015e+19
      2660.00   1.9568726e+19
      2730.00   1.9429202e+19
      2800.00   1.9290439e+19
      2870.00   1.9152438e+19
      2940.00   1.9015191e+19
      3010.00   1.8878699e+19
      3080.00   1.8742957e+19
      3150.00   1.8607964e+19
      3220.00   1.8473715e+19
      3290.00   1.8340209e+19
      3360.00   1.8207442e+19
      3430.00   1.8075412e+19
      3500.00   1.7944120e+19
      3570.00   1.7813549e+19
      3640.00   1.7683717e+19
      3710.00   1.7554603e+19
      3780.00   1.7426214e+19
      3850.00   1.7298544e+19
      3920.00   1.7171590e+19
      3990.00   1.7045350e+19
      4060.00   1.6919822e+19
      4130.00   1.6795001e+19
      4200.00   1.6670888e+19
      4270.00   1.6547476e+19
      4340.00   1.6424766e+19
      4410.00   1.6302752e+19
      4480.00   1.6181432e+19
      4550.00   1.6060809e+19
      4620.00   1.5940872e+19
      4690.00   1.5821620e+19
      4760.00   1.5703051e+19
      4830.00   1.5585164e+19
      4900.00   1.5467956e+19
      4970.00   1.5351422e+19
      5040.00   1.5235561e+19
      5110.00   1.5120371e+19
      5180.00   1.5005849e+19
      5250.00   1.4891990e+19
      5320.00   1.4778795e+19
      5390.00   1.4666258e+19
      5460.00   1.4554379e+19
      5530.00   1.4443153e+19
      5600.00   1.4332583e+19
      5670.00   1.4222654e+19
      5740.00   1.4113377e+19
      5810.00   1.4004743e+19
      5880.00   1.3896748e+19
      5950.00   1.3789390e+19
      6020.00   1.3682670e+19
      6090.00   1.3576580e+19
      6160.00   1.3471125e+19
      6230.00   1.3366294e+19
      6300.00   1.3262089e+19
      6370.00   1.3158507e+19
      6440.00   1.3055545e+19
      6510.00   1.2953206e+19
      6580.00   1.2851473e+19
      6650.00   1.2750359e+19
      6720.00   1.2649853e+19
      6790.00   1.2549952e+19
      6860.00   1.2450656e+19
      6930.00   1.2351963e+19
      7000.00   1.2253869e+19
      7070.00   1.2156373e+19
      7140.00   1.2059471e+19
      7210.00   1.1963161e+19
      7280.00   1.1867441e+19
      7350.00   1.1772308e+19
      7420.00   1.1677759e+19
      7490.00   1.1583792e+19
      7560.00   1.1490408e+19
      7630.00   1.1397595e+19
      7700.00   1.1305363e+19
      7770.00   1.1213699e+19
      7840.00   1.1122605e+19
      7910.00   1.1032079e+19
      7980.00   1.0942117e+19
      8050.00   1.0852717e+19
      8120.00   1.0763877e+19
      8190.00   1.0675595e+19
      8260.00   1.0587868e+19
      8330.00   1.0500693e+19
      8400.00   1.0414069e+19
      8470.00   1.0327995e+19
      8540.00   1.0242461e+19
      8610.00   1.0157476e+19
      8680.00   1.0073024e+19
      8750.00   9.9891178e+18
      8820.00   9.9057440e+18
      8890.00   9.8229029e+18
      8960.00   9.7405934e+18
      9030.00   9.6588129e+18
      9100.00   9.5775584e+18
      9170.00   9.4968281e+18
      9240.00   9.4166193e+18
      9310.00   9.3369291e+18
      9380.00   9.2577568e+18
      9450.00   9.1790993e+18
      9520.00   9.1009561e+18
      9590.00   9.0233177e+18
      9660.00   8.9461923e+18
      9730.00   8.8695699e+18
      9800.00   8.7934500e+18
      9870.00   8.7178312e+18
      9940.00   8.6427112e+18
      10010.0   8.5680874e+18
      10080.0   8.4939561e+18
      10150.0   8.4203179e+18
      10220.0   8.3471692e+18
      10290.0   8.2745068e+18
      10360.0   8.2023294e+18
      10430.0   8.1306359e+18
      10500.0   8.0594213e+18
      10570.0   7.9886881e+18
      10640.0   7.9184257e+18
      10710.0   7.8486415e+18
      10780.0   7.7793276e+18
      10850.0   7.7104820e+18
      10920.0   7.6421035e+18
      10990.0   7.5741897e+18
      11060.0   7.4925301e+18
      11130.0   7.4102782e+18
      11200.0   7.3289289e+18
      11270.0   7.2484730e+18
      11340.0   7.1688998e+18
      11410.0   7.0902008e+18
      11480.0   7.0123655e+18
      11550.0   6.9353850e+18
      11620.0   6.8592490e+18
      11690.0   6.7839487e+18
      11760.0   6.7094760e+18
      11830.0   6.6358199e+18
      11900.0   6.5629729e+18
      11970.0   6.4909250e+18
      12040.0   6.4196683e+18
      12110.0   6.3491946e+18
      12180.0   6.2794941e+18
      12250.0   6.2105587e+18
      12320.0   6.1423797e+18
      12390.0   6.0749491e+18
      12460.0   6.0082594e+18
      12530.0   5.9423014e+18
      12600.0   5.8770676e+18
      12670.0   5.8125500e+18
      12740.0   5.7487410e+18
      12810.0   5.6856316e+18
      12880.0   5.6232159e+18
      12950.0   5.5614843e+18
      13020.0   5.5004309e+18
      13090.0   5.4400480e+18
      13160.0   5.3803278e+18
      13230.0   5.3212638e+18
      13300.0   5.2628472e+18
      13370.0   5.2050723e+18
      13440.0   5.1479316e+18
      13510.0   5.0914187e+18
      13580.0   5.0355257e+18
      13650.0   4.9802465e+18
      13720.0   4.9255736e+18
      13790.0   4.8715013e+18
      13860.0   4.8180225e+18
      13930.0   4.7651314e+18
      14000.0   4.7128204e+18
      14070.0   4.6610833e+18
      14140.0   4.6099144e+18
      14210.0   4.5593080e+18
      14280.0   4.5092561e+18
      14350.0   4.4597542e+18
      14420.0   4.4107957e+18
      14490.0   4.3623747e+18
      14560.0   4.3144849e+18
      14630.0   4.2671213e+18
      14700.0   4.2202769e+18
      14770.0   4.1739476e+18
      14840.0   4.1281261e+18
      14910.0   4.0828081e+18
      14980.0   4.0379877e+18
      15050.0   3.9936592e+18
      15120.0   3.9498176e+18
      15190.0   3.9064567e+18
      15260.0   3.8635723e+18
      15330.0   3.8211583e+18
      15400.0   3.7792103e+18
      15470.0   3.7377225e+18
      15540.0   3.6966904e+18
      15610.0   3.6561084e+18
      15680.0   3.6159721e+18
      15750.0   3.5762763e+18
      15820.0   3.5370167e+18
      15890.0   3.4981876e+18
      15960.0   3.4597850e+18
      16030.0   3.4218040e+18
      16100.0   3.3842400e+18
      16170.0   3.3470879e+18
      16240.0   3.3103444e+18
      16310.0   3.2740036e+18
      16380.0   3.2380621e+18
      16450.0   3.2025152e+18
      16520.0   3.1673586e+18
      16590.0   3.1325876e+18
      16660.0   3.0981986e+18
      16730.0   3.0641865e+18
      16800.0   3.0305487e+18
      16870.0   2.9972794e+18
      16940.0   2.9643757e+18
      17010.0   2.9318331e+18
      17080.0   2.8996480e+18
      17150.0   2.8678160e+18
      17220.0   2.8363335e+18
      17290.0   2.8051963e+18
      17360.0   2.7744014e+18
      17430.0   2.7439444e+18
      17500.0   2.7138220e+18
      17570.0   2.6840301e+18
      17640.0   2.6545647e+18
      17710.0   2.6254233e+18
      17780.0   2.5966018e+18
      17850.0   2.5680968e+18
      17920.0   2.5399043e+18
      17990.0   2.5120218e+18
      18060.0   2.4844453e+18
      18130.0   2.4571712e+18
      18200.0   2.4301964e+18
      18270.0   2.4035182e+18
      18340.0   2.3771328e+18
      18410.0   2.3510370e+18
      18480.0   2.3252275e+18
      18550.0   2.2997015e+18
      18620.0   2.2744556e+18
      18690.0   2.2494870e+18
      18760.0   2.2247921e+18
      18830.0   2.2003688e+18
      18900.0   2.1762136e+18
      18970.0   2.1523235e+18
      19040.0   2.1286953e+18
      19110.0   2.1053268e+18
      19180.0   2.0822150e+18
      19250.0   2.0593566e+18
      19320.0   2.0367492e+18
      19390.0   2.0143901e+18
      19460.0   1.9922763e+18
      19530.0   1.9704054e+18
      19600.0   1.9487745e+18
      19670.0   1.9273812e+18
      19740.0   1.9062227e+18
      19810.0   1.8852962e+18
      19880.0   1.8645998e+18
      19950.0   1.8441305e+18
      20020.0   1.8237741e+18
      20090.0   1.8031701e+18
      20160.0   1.7828122e+18
      20230.0   1.7626908e+18
      20300.0   1.7427958e+18
      20370.0   1.7231385e+18
      20440.0   1.7037093e+18
      20510.0   1.6845054e+18
      20580.0   1.6655172e+18
      20650.0   1.6467558e+18
      20720.0   1.6282115e+18
      20790.0   1.6098817e+18
      20860.0   1.5917582e+18
      20930.0   1.5738505e+18
      21000.0   1.5561498e+18
      21070.0   1.5386539e+18
      21140.0   1.5213544e+18
      21210.0   1.5042607e+18
      21280.0   1.4873642e+18
      21350.0   1.4706631e+18
      21420.0   1.4541492e+18
      21490.0   1.4378313e+18
      21560.0   1.4217017e+18
      21630.0   1.4057527e+18
      21700.0   1.3899930e+18
      21770.0   1.3744151e+18
      21840.0   1.3590166e+18
      21910.0   1.3437954e+18
      21980.0   1.3287444e+18
      22050.0   1.3138718e+18
      22120.0   1.2991704e+18
      22190.0   1.2846331e+18
      22260.0   1.2702680e+18
      22330.0   1.2560680e+18
      22400.0   1.2420311e+18
      22470.0   1.2281509e+18
      22540.0   1.2144348e+18
      22610.0   1.2008761e+18
      22680.0   1.1874732e+18
      22750.0   1.1742195e+18
      22820.0   1.1611223e+18
      22890.0   1.1481754e+18
      22960.0   1.1353769e+18
      23030.0   1.1227207e+18
      23100.0   1.1102137e+18
      23170.0   1.0978501e+18
      23240.0   1.0856281e+18
      23310.0   1.0735417e+18
      23380.0   1.0615979e+18
      23450.0   1.0497906e+18
      23520.0   1.0381145e+18
      23590.0   1.0265757e+18
      23660.0   1.0151687e+18
      23730.0   1.0038921e+18
      23800.0   9.9274041e+17
      23870.0   9.8172000e+17
      23940.0   9.7082526e+17
      24010.0   9.6005474e+17
      24080.0   9.4940364e+17
      24150.0   9.3887744e+17
      24220.0   9.2847135e+17
      24290.0   9.1818375e+17
      24360.0   9.0800997e+17
      24430.0   8.9795538e+17
      24500.0   8.8801540e+17
      24570.0   8.7818841e+17
      24640.0   8.6847006e+17
      24710.0   8.5886539e+17
      24780.0   8.4937007e+17
      24850.0   8.3998270e+17
      24920.0   8.3069871e+17
      24990.0   8.2152336e+17
      25060.0   8.1245226e+17
      25130.0   8.0348406e+17
      25200.0   7.9461468e+17
      25270.0   7.8584900e+17
      25340.0   7.7718266e+17
      25410.0   7.6861166e+17
      25480.0   7.6014071e+17
      25550.0   7.5176586e+17
      25620.0   7.4348571e+17
      25690.0   7.3529664e+17
      25760.0   7.2720305e+17
      25830.0   7.1920099e+17
      25900.0   7.1128954e+17
      25970.0   7.0346490e+17
      26040.0   6.9573133e+17
      26110.0   6.8808518e+17
      26180.0   6.8052546e+17
      26250.0   6.7304852e+17
      26320.0   6.6565862e+17
      26390.0   6.5835220e+17
      26460.0   6.5112811e+17
      26530.0   6.4398315e+17
      26600.0   6.3692121e+17
      26670.0   6.2993884e+17
      26740.0   6.2303282e+17
      26810.0   6.1620703e+17
      26880.0   6.0945806e+17
      26950.0   6.0278510e+17
      27020.0   5.9618729e+17
      27090.0   5.8966146e+17
      27160.0   5.8321130e+17
      27230.0   5.7683365e+17
      27300.0   5.7052554e+17
      27370.0   5.6429058e+17
      27440.0   5.5812558e+17
      27510.0   5.5202985e+17
      27580.0   5.4600053e+17
      27650.0   5.4004090e+17
      27720.0   5.3414818e+17
      27790.0   5.2832159e+17
      27860.0   5.2255835e+17
      27930.0   5.1686171e+17
      28000.0   5.1122891e+17
      28070.0   5.0565919e+17
      28140.0   5.0014999e+17
      28210.0   4.9470440e+17
      28280.0   4.8931973e+17
      28350.0   4.8399533e+17
      28420.0   4.7872871e+17
      28490.0   4.7352280e+17
      28560.0   4.6837505e+17
      28630.0   4.6328313e+17
      28700.0   4.5824983e+17
      28770.0   4.5327272e+17
      28840.0   4.4835128e+17
      28910.0   4.4348468e+17
      28980.0   4.3867080e+17
      29050.0   4.3391226e+17
      29120.0   4.2920673e+17
      29190.0   4.2455219e+17
      29260.0   4.1995100e+17
      29330.0   4.1540116e+17
      29400.0   4.1090196e+17
      29470.0   4.0645140e+17
      29540.0   4.0205183e+17
      29610.0   3.9770124e+17
      29680.0   3.9339905e+17
      29750.0   3.8914328e+17
      29820.0   3.8493626e+17
      29890.0   3.8077602e+17
      29960.0   3.7666058e+17
      30030.0   3.7259225e+17
      30100.0   3.6856912e+17
      30170.0   3.6459066e+17
      30240.0   3.6065635e+17
      30310.0   3.5676435e+17
      30380.0   3.5291685e+17
      30450.0   3.4911201e+17
      30520.0   3.4534803e+17
      30590.0   3.4162710e+17
      30660.0   3.3794737e+17
      30730.0   3.3430837e+17
      30800.0   3.3070844e+17
      30870.0   3.2714955e+17
      30940.0   3.2363006e+17
      31010.0   3.2014952e+17
      31080.0   3.1670627e+17
      31150.0   3.1330226e+17
      31220.0   3.0993585e+17
      31290.0   3.0660663e+17
      31360.0   3.0331307e+17
      31430.0   3.0005701e+17
      31500.0   2.9683684e+17
      31570.0   2.9365224e+17
      31640.0   2.9050167e+17
      31710.0   2.8738694e+17
      31780.0   2.8430653e+17
      31850.0   2.8125901e+17
      31920.0   2.7824613e+17
      31990.0   2.7526643e+17
      32060.0   2.7219100e+17
      32130.0   2.6913168e+17
      32200.0   2.6610929e+17
      32270.0   2.6312340e+17
      32340.0   2.6017349e+17
      32410.0   2.5725915e+17
      32480.0   2.5437990e+17
      32550.0   2.5153529e+17
      32620.0   2.4872486e+17
      32690.0   2.4594819e+17
      32760.0   2.4320483e+17
      32830.0   2.4049435e+17
      32900.0   2.3781636e+17
      32970.0   2.3517039e+17
      33040.0   2.3255611e+17
      33110.0   2.2997305e+17
      33180.0   2.2742078e+17
      33250.0   2.2489902e+17
      33320.0   2.2240729e+17
      33390.0   2.1994522e+17
      33460.0   2.1751248e+17
      33530.0   2.1510864e+17
      33600.0   2.1273335e+17
      33670.0   2.1038626e+17
      33740.0   2.0806700e+17
      33810.0   2.0577522e+17
      33880.0   2.0351056e+17
      33950.0   2.0127271e+17
      34020.0   1.9906131e+17
      34090.0   1.9687603e+17
      34160.0   1.9471651e+17
      34230.0   1.9258247e+17
      34300.0   1.9047358e+17
      34370.0   1.8838949e+17
      34440.0   1.8632991e+17
      34510.0   1.8429455e+17
      34580.0   1.8228308e+17
      34650.0   1.8029520e+17
      34720.0   1.7833064e+17
      34790.0   1.7638906e+17
      34860.0   1.7447022e+17
      34930.0   1.7257381e+17
      35000.0   1.7069958e+17
      35070.0   1.6884720e+17
      35140.0   1.6701661e+17
      35210.0   1.6520718e+17
      35280.0   1.6341883e+17
      35350.0   1.6165127e+17
      35420.0   1.5990427e+17
      35490.0   1.5817757e+17
      35560.0   1.5647090e+17
      35630.0   1.5478403e+17
      35700.0   1.5311669e+17
      35770.0   1.5146869e+17
      35840.0   1.4983973e+17
      35910.0   1.4822959e+17
      35980.0   1.4663808e+17
      36050.0   1.4506492e+17
      36120.0   1.4350990e+17
      36190.0   1.4197294e+17
      36260.0   1.4045354e+17
      36330.0   1.3895162e+17
      36400.0   1.3746694e+17
      36470.0   1.3599933e+17
      36540.0   1.3454856e+17
      36610.0   1.3311442e+17
      36680.0   1.3169671e+17
      36750.0   1.3029523e+17
      36820.0   1.2890979e+17
      36890.0   1.2754019e+17
      36960.0   1.2618622e+17
      37030.0   1.2484769e+17
      37100.0   1.2352443e+17
      37170.0   1.2221625e+17
      37240.0   1.2092296e+17
      37310.0   1.1964439e+17
      37380.0   1.1838033e+17
      37450.0   1.1713063e+17
      37520.0   1.1589512e+17
      37590.0   1.1467361e+17
      37660.0   1.1346595e+17
      37730.0   1.1227196e+17
      37800.0   1.1109146e+17
      37870.0   1.0992432e+17
      37940.0   1.0877035e+17
      38010.0   1.0762941e+17
      38080.0   1.0650133e+17
      38150.0   1.0538595e+17
      38220.0   1.0428313e+17
      38290.0   1.0319272e+17
      38360.0   1.0211457e+17
      38430.0   1.0104852e+17
      38500.0   9.9994432e+16
      38570.0   9.8952174e+16
      38640.0   9.7921580e+16
      38710.0   9.6902524e+16
      38780.0   9.5894881e+16
      38850.0   9.4898496e+16
      38920.0   9.3913233e+16
      38990.0   9.2938967e+16
      39060.0   9.1975571e+16
      39130.0   9.1022900e+16
      39200.0   9.0080839e+16
      39270.0   8.9149261e+16
      39340.0   8.8228128e+16
      39410.0   8.7317139e+16
      39480.0   8.6416256e+16
      39550.0   8.5525363e+16
      39620.0   8.4644353e+16
      39690.0   8.3773091e+16
      39760.0   8.2911470e+16
      39830.0   8.2059374e+16
      39900.0   8.1216687e+16
      39970.0   8.0383307e+16
      40040.0   7.9559124e+16
      40110.0   7.8744015e+16
      40180.0   7.7937889e+16
      40250.0   7.7140625e+16
      40320.0   7.6352141e+16
      40390.0   7.5572388e+16
      40460.0   7.4801119e+16
      40530.0   7.4038316e+16
      40600.0   7.3283866e+16
      40670.0   7.2537688e+16
      40740.0   7.1799675e+16
      40810.0   7.1069730e+16
      40880.0   7.0347767e+16
      40950.0   6.9633683e+16
      41020.0   6.8927396e+16
      41090.0   6.8228804e+16
      41160.0   6.7537826e+16
      41230.0   6.6854369e+16
      41300.0   6.6178351e+16
      41370.0   6.5509675e+16
      41440.0   6.4848260e+16
      41510.0   6.4194027e+16
      41580.0   6.3546884e+16
      41650.0   6.2906759e+16
      41720.0   6.2273570e+16
      41790.0   6.1647220e+16
      41860.0   6.1027651e+16
      41930.0   6.0414775e+16
      42000.0   5.9808511e+16
      42070.0   5.9208791e+16
      42140.0   5.8615531e+16
      42210.0   5.8028666e+16
      42280.0   5.7448111e+16
      42350.0   5.6873805e+16
      42420.0   5.6305666e+16
      42490.0   5.5743629e+16
      42560.0   5.5187623e+16
      42630.0   5.4637575e+16
      42700.0   5.4093427e+16
      42770.0   5.3555097e+16
      42840.0   5.3022531e+16
      42910.0   5.2495656e+16
      42980.0   5.1974411e+16
      43050.0   5.1458727e+16
      43120.0   5.0948546e+16
      43190.0   5.0443795e+16
      43260.0   4.9944431e+16
      43330.0   4.9450372e+16
      43400.0   4.8961569e+16
      43470.0   4.8477959e+16
      43540.0   4.7999533e+16
      43610.0   4.7526131e+16
      43680.0   4.7057753e+16
      43750.0   4.6594335e+16
      43820.0   4.6135826e+16
      43890.0   4.5682161e+16
      43960.0   4.5233292e+16
      44030.0   4.4789172e+16
      44100.0   4.4349732e+16
      44170.0   4.3914928e+16
      44240.0   4.3484708e+16
      44310.0   4.3059014e+16
      44380.0   4.2637806e+16
      44450.0   4.2221021e+16
      44520.0   4.1808622e+16
      44590.0   4.1400588e+16
      44660.0   4.0996800e+16
      44730.0   4.0597238e+16
      44800.0   4.0201868e+16
      44870.0   3.9810634e+16
      44940.0   3.9423497e+16
      45010.0   3.9040404e+16
      45080.0   3.8661311e+16
      45150.0   3.8286177e+16
      45220.0   3.7914956e+16
      45290.0   3.7547603e+16
      45360.0   3.7184077e+16
      45430.0   3.6824335e+16
      45500.0   3.6468333e+16
      45570.0   3.6116032e+16
      45640.0   3.5767389e+16
      45710.0   3.5422363e+16
      45780.0   3.5080917e+16
      45850.0   3.4743008e+16
      45920.0   3.4408597e+16
      45990.0   3.4077645e+16
      46060.0   3.3750117e+16
      46130.0   3.3425972e+16
      46200.0   3.3105174e+16
      46270.0   3.2787684e+16
      46340.0   3.2473469e+16
      46410.0   3.2162488e+16
      46480.0   3.1854715e+16
      46550.0   3.1550102e+16
      46620.0   3.1248622e+16
      46690.0   3.0950238e+16
      46760.0   3.0654920e+16
      46830.0   3.0362630e+16
      46900.0   3.0073333e+16
      46970.0   2.9787000e+16
      47040.0   2.9517869e+16
      47110.0   2.9258192e+16
      47180.0   2.9000800e+16
      47250.0   2.8745673e+16
      47320.0   2.8492792e+16
      47390.0   2.8242135e+16
      47460.0   2.7993683e+16
      47530.0   2.7747415e+16
      47600.0   2.7503316e+16
      47670.0   2.7261361e+16
      47740.0   2.7021538e+16
      47810.0   2.6783823e+16
      47880.0   2.6548199e+16
      47950.0   2.6314649e+16
      48020.0   2.6083153e+16
      48090.0   2.5853693e+16
      48160.0   2.5626253e+16
      48230.0   2.5400812e+16
      48300.0   2.5177358e+16
      48370.0   2.4955864e+16
      48440.0   2.4736323e+16
      48510.0   2.4518711e+16
      48580.0   2.4303015e+16
      48650.0   2.4089216e+16
      48720.0   2.3877298e+16
      48790.0   2.3667244e+16
      48860.0   2.3459036e+16
      48930.0   2.3252662e+16
      49000.0   2.3048103e+16
      49070.0   2.2845344e+16
      49140.0   2.2644367e+16
      49210.0   2.2445159e+16
      49280.0   2.2247705e+16
      49350.0   2.2051986e+16
      49420.0   2.1857991e+16
      49490.0   2.1665701e+16
      49560.0   2.1475103e+16
      49630.0   2.1286182e+16
      49700.0   2.1098921e+16
      49770.0   2.0913311e+16
      49840.0   2.0729332e+16
      49910.0   2.0546971e+16
      49980.0   2.0366213e+16
      50050.0   2.0187047e+16
      50120.0   2.0009458e+16
      50190.0   1.9833429e+16
      50260.0   1.9658951e+16
      50330.0   1.9486006e+16
      50400.0   1.9314584e+16
      50470.0   1.9144669e+16
      50540.0   1.8976249e+16
      50610.0   1.8809311e+16
      50680.0   1.8643841e+16
      50750.0   1.8479826e+16
      50820.0   1.8317257e+16
      50890.0   1.8156114e+16
      50960.0   1.7996390e+16
      51030.0   1.7843279e+16
      51100.0   1.7699040e+16
      51170.0   1.7555821e+16
      51240.0   1.7413701e+16
      51310.0   1.7272586e+16
      51380.0   1.7132557e+16
      51450.0   1.6993518e+16
      51520.0   1.6855551e+16
      51590.0   1.6718564e+16
      51660.0   1.6582632e+16
      51730.0   1.6447665e+16
      51800.0   1.6313742e+16
      51870.0   1.6180771e+16
      51940.0   1.6048830e+16
      52010.0   1.5917826e+16
      52080.0   1.5787839e+16
      52150.0   1.5658779e+16
      52220.0   1.5530722e+16
      52290.0   1.5403577e+16
      52360.0   1.5277421e+16
      52430.0   1.5152169e+16
      52500.0   1.5027890e+16
      52570.0   1.4904502e+16
      52640.0   1.4782075e+16
      52710.0   1.4660528e+16
      52780.0   1.4539929e+16
      52850.0   1.4420197e+16
      52920.0   1.4301400e+16
      52990.0   1.4183458e+16
      53060.0   1.4066440e+16
      53130.0   1.3950265e+16
      53200.0   1.3835000e+16
      53270.0   1.3720567e+16
      53340.0   1.3607034e+16
      53410.0   1.3494319e+16
      53480.0   1.3382494e+16
      53550.0   1.3271475e+16
      53620.0   1.3161333e+16
      53690.0   1.3051989e+16
      53760.0   1.2943505e+16
      53830.0   1.2835811e+16
      53900.0   1.2728967e+16
      53970.0   1.2622899e+16
      54040.0   1.2517670e+16
      54110.0   1.2413208e+16
      54180.0   1.2309574e+16
      54250.0   1.2206695e+16
      54320.0   1.2104632e+16
      54390.0   1.2003315e+16
      54460.0   1.1902803e+16
      54530.0   1.1803026e+16
      54600.0   1.1704043e+16
      54670.0   1.1605785e+16
      54740.0   1.1508311e+16
      54810.0   1.1411550e+16
      54880.0   1.1315548e+16
      54950.0   1.1220282e+16
      55020.0   1.1125745e+16
      55090.0   1.1031935e+16
      55160.0   1.0938847e+16
      55230.0   1.0846474e+16
      55300.0   1.0754811e+16
      55370.0   1.0663856e+16
      55440.0   1.0573600e+16
      55510.0   1.0484041e+16
      55580.0   1.0395175e+16
      55650.0   1.0306994e+16
      55720.0   1.0219493e+16
      55790.0   1.0132672e+16
      55860.0   1.0046523e+16
      55930.0   9.9610402e+15
      56000.0   9.8762210e+15
      56070.0   9.7920593e+15
      56140.0   9.7085523e+15
      56210.0   9.6256945e+15
      56280.0   9.5434803e+15
      56350.0   9.4619069e+15
      56420.0   9.3809681e+15
      56490.0   9.3006609e+15
      56560.0   9.2209805e+15
      56630.0   9.1419214e+15
      56700.0   9.0634812e+15
      56770.0   8.9856539e+15
      56840.0   8.9084352e+15
      56910.0   8.8318215e+15
      56980.0   8.7558086e+15
      57050.0   8.6803922e+15
      57120.0   8.6055681e+15
      57190.0   8.5313309e+15
      57260.0   8.4576780e+15
      57330.0   8.3846048e+15
      57400.0   8.3121069e+15
      57470.0   8.2401795e+15
      57540.0   8.1688208e+15
      57610.0   8.0980241e+15
      57680.0   8.0277871e+15
      57750.0   7.9581055e+15
      57820.0   7.8889750e+15
      57890.0   7.8203920e+15
      57960.0   7.7523517e+15
      58030.0   7.6848523e+15
      58100.0   7.6178871e+15
      58170.0   7.5514549e+15
      58240.0   7.4855502e+15
      58310.0   7.4201701e+15
      58380.0   7.3553097e+15
      58450.0   7.2909665e+15
      58520.0   7.2271364e+15
      58590.0   7.1638157e+15
      58660.0   7.1010002e+15
      58730.0   7.0386868e+15
      58800.0   6.9768725e+15
      58870.0   6.9155519e+15
      58940.0   6.8547232e+15
      59010.0   6.7943821e+15
      59080.0   6.7345256e+15
      59150.0   6.6751482e+15
      59220.0   6.6162494e+15
      59290.0   6.5578237e+15
      59360.0   6.4998681e+15
      59430.0   6.4423802e+15
      59500.0   6.3853544e+15
      59570.0   6.3287903e+15
      59640.0   6.2726812e+15
      59710.0   6.2170270e+15
      59780.0   6.1618223e+15
      59850.0   6.1070641e+15
      59920.0   6.0527493e+15
      59990.0   5.9988750e+15
      60060.0   5.9454381e+15
      60130.0   5.8924344e+15
      60200.0   5.8398621e+15
      60270.0   5.7877169e+15
      60340.0   5.7359963e+15
      60410.0   5.6846963e+15
      60480.0   5.6338155e+15
      60550.0   5.5833492e+15
      60620.0   5.5332948e+15
      60690.0   5.4836458e+15
      60760.0   5.4344070e+15
      60830.0   5.3855705e+15
      60900.0   5.3371345e+15
      60970.0   5.2890954e+15
      61040.0   5.2414501e+15
      61110.0   5.1941963e+15
      61180.0   5.1473309e+15
      61250.0   5.1008508e+15
      61320.0   5.0547531e+15
      61390.0   5.0090354e+15
      61460.0   4.9636943e+15
      61530.0   4.9187276e+15
      61600.0   4.8741318e+15
      61670.0   4.8299048e+15
      61740.0   4.7860435e+15
      61810.0   4.7425452e+15
      61880.0   4.6994071e+15
      61950.0   4.6566269e+15
      62020.0   4.6142016e+15
      62090.0   4.5721286e+15
      62160.0   4.5304054e+15
      62230.0   4.4890291e+15
      62300.0   4.4479974e+15
      62370.0   4.4073071e+15
      62440.0   4.3669566e+15
      62510.0   4.3269425e+15
      62580.0   4.2872629e+15
      62650.0   4.2479145e+15
      62720.0   4.2088956e+15
      62790.0   4.1702031e+15
      62860.0   4.1318348e+15
      62930.0   4.0937884e+15
      63000.0   4.0560618e+15
      63070.0   4.0186515e+15
      63140.0   3.9815559e+15
      63210.0   3.9447721e+15
      63280.0   3.9082987e+15
      63350.0   3.8721321e+15
      63420.0   3.8362706e+15
      63490.0   3.8007120e+15
      63560.0   3.7654540e+15
      63630.0   3.7304940e+15
      63700.0   3.6958295e+15
      63770.0   3.6614588e+15
      63840.0   3.6273797e+15
      63910.0   3.5935897e+15
      63980.0   3.5600862e+15
      64050.0   3.5268677e+15
      64120.0   3.4939317e+15
      64190.0   3.4612759e+15
      64260.0   3.4288983e+15
      64330.0   3.3967972e+15
      64400.0   3.3649695e+15
      64470.0   3.3334138e+15
      64540.0   3.3021277e+15
      64610.0   3.2711098e+15
      64680.0   3.2403570e+15
      64750.0   3.2098676e+15
      64820.0   3.1796399e+15
      64890.0   3.1496717e+15
      64960.0   3.1199609e+15
      65030.0   3.0905055e+15
      65100.0   3.0613035e+15
      65170.0   3.0323532e+15
      65240.0   3.0036525e+15
      65310.0   2.9751993e+15
      65380.0   2.9469916e+15
      65450.0   2.9190278e+15
      65520.0   2.8913063e+15
      65590.0   2.8638240e+15
      65660.0   2.8365804e+15
      65730.0   2.8095725e+15
      65800.0   2.7827996e+15
      65870.0   2.7562587e+15
      65940.0   2.7299489e+15
      66010.0   2.7038679e+15
      66080.0   2.6780140e+15
      66150.0   2.6523854e+15
      66220.0   2.6269804e+15
      66290.0   2.6017971e+15
      66360.0   2.5768341e+15
      66430.0   2.5520873e+15
      66500.0   2.5275590e+15
      66570.0   2.5032457e+15
      66640.0   2.4791454e+15
      66710.0   2.4552566e+15
      66780.0   2.4315778e+15
      66850.0   2.4081072e+15
      66920.0   2.3848431e+15
      66990.0   2.3617837e+15
      67060.0   2.3389275e+15
      67130.0   2.3162731e+15
      67200.0   2.2938187e+15
      67270.0   2.2715626e+15
      67340.0   2.2495033e+15
      67410.0   2.2276394e+15
      67480.0   2.2059690e+15
      67550.0   2.1844911e+15
      67620.0   2.1632034e+15
      67690.0   2.1421050e+15
      67760.0   2.1211943e+15
      67830.0   2.1004695e+15
      67900.0   2.0799293e+15
      67970.0   2.0595722e+15
      68040.0   2.0393967e+15
      68110.0   2.0194012e+15
      68180.0   1.9995846e+15
      68250.0   1.9799453e+15
      68320.0   1.9604819e+15
      68390.0   1.9411925e+15
      68460.0   1.9220764e+15
      68530.0   1.9031319e+15
      68600.0   1.8843575e+15
      68670.0   1.8657520e+15
      68740.0   1.8473139e+15
      68810.0   1.8290419e+15
      68880.0   1.8109347e+15
      68950.0   1.7929906e+15
      69020.0   1.7752091e+15
      69090.0   1.7575879e+15
      69160.0   1.7401264e+15
      69230.0   1.7228229e+15
      69300.0   1.7056761e+15
      69370.0   1.6886852e+15
      69440.0   1.6718485e+15
      69510.0   1.6551645e+15
      69580.0   1.6386325e+15
      69650.0   1.6222511e+15
      69720.0   1.6060189e+15
      69790.0   1.5899346e+15
      69860.0   1.5739975e+15
