       0.0000000       0.0000000
       70.000000       0.0000000
       140.00000       0.0000000
       210.00000       0.0000000
       280.00000       0.0000000
       350.00000       0.0000000
       420.00000       0.0000000
       490.00000       0.0000000
       560.00000       0.0000000
       630.00000       0.0000000
       700.00000       0.0000000
       770.00000       0.0000000
       840.00000       0.0000000
       910.00000       0.0000000
       980.00000       0.0000000
       1050.0000       0.0000000
       1120.0000       0.0000000
       1190.0000       0.0000000
       1260.0000       0.0000000
       1330.0000       0.0000000
       1400.0000       0.0000000
       1470.0000       0.0000000
       1540.0000       0.0000000
       1610.0000       0.0000000
       1680.0000       0.0000000
       1750.0000       0.0000000
       1820.0000       0.0000000
       1890.0000       0.0000000
       1960.0000       0.0000000
       2030.0000       0.0000000
       2100.0000       0.0000000
       2170.0000       0.0000000
       2240.0000       0.0000000
       2310.0000       0.0000000
       2380.0000       0.0000000
       2450.0000       0.0000000
       2520.0000       0.0000000
       2590.0000       0.0000000
       2660.0000       0.0000000
       2730.0000       0.0000000
       2800.0000       0.0000000
       2870.0000       0.0000000
       2940.0000   6.9999998e+11
       3010.0000   6.9999998e+11
       3080.0000   6.9999998e+11
       3150.0000   6.9999998e+11
       3220.0000   6.9999998e+11
       3290.0000   6.9999998e+11
       3360.0000   6.9999998e+11
       3430.0000   6.9999998e+11
       3500.0000   6.9999998e+11
       3570.0000   6.9999998e+11
       3640.0000   6.9999998e+11
       3710.0000   6.9999998e+11
       3780.0000   6.9999998e+11
       3850.0000   6.9999998e+11
       3920.0000   6.9999998e+11
       3990.0000   6.9999998e+11
       4060.0000   5.9999997e+11
       4130.0000   5.9999997e+11
       4200.0000   5.9999997e+11
       4270.0000   5.9999997e+11
       4340.0000   5.9999997e+11
       4410.0000   5.9999997e+11
       4480.0000   5.9999997e+11
       4550.0000   5.9999997e+11
       4620.0000   5.9999997e+11
       4690.0000   5.9999997e+11
       4760.0000   5.9999997e+11
       4830.0000   5.9999997e+11
       4900.0000   5.9999997e+11
       4970.0000   5.9999997e+11
       5040.0000   5.9999997e+11
       5110.0000   5.9999997e+11
       5180.0000   5.9999997e+11
       5250.0000   5.9999997e+11
       5320.0000   5.9999997e+11
       5390.0000   5.9999997e+11
       5460.0000   5.9999997e+11
       5530.0000   5.9999997e+11
       5600.0000   5.9999997e+11
       5670.0000   5.9999997e+11
       5740.0000   5.9999997e+11
       5810.0000   5.9999997e+11
       5880.0000   5.9999997e+11
       5950.0000   5.9999997e+11
       6020.0000   5.0000000e+11
       6090.0000   5.0000000e+11
       6160.0000   5.0000000e+11
       6230.0000   5.0000000e+11
       6300.0000   5.0000000e+11
       6370.0000   5.0000000e+11
       6440.0000   5.0000000e+11
       6510.0000   5.0000000e+11
       6580.0000   5.0000000e+11
       6650.0000   5.0000000e+11
       6720.0000   5.0000000e+11
       6790.0000   5.0000000e+11
       6860.0000   5.0000000e+11
       6930.0000   5.0000000e+11
       7000.0000   5.0000000e+11
       7070.0000   5.0000000e+11
       7140.0000   5.0000000e+11
       7210.0000   5.0000000e+11
       7280.0000   5.0000000e+11
       7350.0000   5.0000000e+11
       7420.0000   5.0000000e+11
       7490.0000   5.0000000e+11
       7560.0000   5.0000000e+11
       7630.0000   5.0000000e+11
       7700.0000   5.0000000e+11
       7770.0000   5.0000000e+11
       7840.0000   5.0000000e+11
       7910.0000   5.0000000e+11
       7980.0000   5.0000000e+11
       8050.0000   3.9999999e+11
       8120.0000   3.9999999e+11
       8190.0000   3.9999999e+11
       8260.0000   3.9999999e+11
       8330.0000   3.9999999e+11
       8400.0000   3.9999999e+11
       8470.0000   3.9999999e+11
       8540.0000   3.9999999e+11
       8610.0000   3.9999999e+11
       8680.0000   3.9999999e+11
       8750.0000   3.9999999e+11
       8820.0000   3.9999999e+11
       8890.0000   3.9999999e+11
       8960.0000   3.9999999e+11
       9030.0000   3.9999999e+11
       9100.0000   3.9999999e+11
       9170.0000   3.9999999e+11
       9240.0000   3.9999999e+11
       9310.0000   3.9999999e+11
       9380.0000   3.9999999e+11
       9450.0000   3.9999999e+11
       9520.0000   3.9999999e+11
       9590.0000   3.9999999e+11
       9660.0000   3.9999999e+11
       9730.0000   3.9999999e+11
       9800.0000   3.9999999e+11
       9870.0000   3.9999999e+11
       9940.0000   3.9999999e+11
       10010.000   3.9999999e+11
       10080.000   3.9999999e+11
       10150.000   3.9999999e+11
       10220.000   3.9999999e+11
       10290.000   3.9999999e+11
       10360.000   3.9999999e+11
       10430.000   3.9999999e+11
       10500.000   3.9999999e+11
       10570.000   3.9999999e+11
       10640.000   3.9999999e+11
       10710.000   3.9999999e+11
       10780.000   3.9999999e+11
       10850.000   3.9999999e+11
       10920.000   3.9999999e+11
       10990.000   3.9999999e+11
       11060.000   3.9999999e+11
       11130.000   3.9999999e+11
       11200.000   3.9999999e+11
       11270.000   3.9999999e+11
       11340.000   3.9999999e+11
       11410.000   3.9999999e+11
       11480.000   3.9999999e+11
       11550.000   3.9999999e+11
       11620.000   3.9999999e+11
       11690.000   3.9999999e+11
       11760.000   3.9999999e+11
       11830.000   3.9999999e+11
       11900.000   3.9999999e+11
       11970.000   3.9999999e+11
       12040.000   2.9999999e+11
       12110.000   2.9999999e+11
       12180.000   2.9999999e+11
       12250.000   2.9999999e+11
       12320.000   2.9999999e+11
       12390.000   2.9999999e+11
       12460.000   2.9999999e+11
       12530.000   2.9999999e+11
       12600.000   2.9999999e+11
       12670.000   2.9999999e+11
       12740.000   2.9999999e+11
       12810.000   2.9999999e+11
       12880.000   2.9999999e+11
       12950.000   2.9999999e+11
       13020.000   2.9999999e+11
       13090.000   2.9999999e+11
       13160.000   2.9999999e+11
       13230.000   2.9999999e+11
       13300.000   2.9999999e+11
       13370.000   2.9999999e+11
       13440.000   2.9999999e+11
       13510.000   2.9999999e+11
       13580.000   2.9999999e+11
       13650.000   2.9999999e+11
       13720.000   2.9999999e+11
       13790.000   2.9999999e+11
       13860.000   2.9999999e+11
       13930.000   2.9999999e+11
       14000.000   2.9999999e+11
       14070.000   3.9999999e+11
       14140.000   3.9999999e+11
       14210.000   3.9999999e+11
       14280.000   3.9999999e+11
       14350.000   3.9999999e+11
       14420.000   3.9999999e+11
       14490.000   3.9999999e+11
       14560.000   3.9999999e+11
       14630.000   3.9999999e+11
       14700.000   3.9999999e+11
       14770.000   3.9999999e+11
       14840.000   3.9999999e+11
       14910.000   3.9999999e+11
       14980.000   3.9999999e+11
       15050.000   3.9999999e+11
       15120.000   3.9999999e+11
       15190.000   3.9999999e+11
       15260.000   3.9999999e+11
       15330.000   3.9999999e+11
       15400.000   3.9999999e+11
       15470.000   3.9999999e+11
       15540.000   3.9999999e+11
       15610.000   3.9999999e+11
       15680.000   3.9999999e+11
       15750.000   3.9999999e+11
       15820.000   3.9999999e+11
       15890.000   3.9999999e+11
       15960.000   3.9999999e+11
       16030.000   1.0000000e+12
       16100.000   1.0000000e+12
       16170.000   1.0000000e+12
       16240.000   1.0000000e+12
       16310.000   1.0000000e+12
       16380.000   1.0000000e+12
       16450.000   1.0000000e+12
       16520.000   1.0000000e+12
       16590.000   1.0000000e+12
       16660.000   1.0000000e+12
       16730.000   1.0000000e+12
       16800.000   1.0000000e+12
       16870.000   1.0000000e+12
       16940.000   1.0000000e+12
       17010.000   1.0000000e+12
       17080.000   1.0000000e+12
       17150.000   1.0000000e+12
       17220.000   1.0000000e+12
       17290.000   1.0000000e+12
       17360.000   1.0000000e+12
       17430.000   1.0000000e+12
       17500.000   1.0000000e+12
       17570.000   1.0000000e+12
       17640.000   1.0000000e+12
       17710.000   1.0000000e+12
       17780.000   1.0000000e+12
       17850.000   1.0000000e+12
       17920.000   1.0000000e+12
       17990.000   1.0000000e+12
       18060.000   1.9000001e+12
       18130.000   1.9000001e+12
       18200.000   1.9000001e+12
       18270.000   1.9000001e+12
       18340.000   1.9000001e+12
       18410.000   1.9000001e+12
       18480.000   1.9000001e+12
       18550.000   1.9000001e+12
       18620.000   1.9000001e+12
       18690.000   1.9000001e+12
       18760.000   1.9000001e+12
       18830.000   1.9000001e+12
       18900.000   1.9000001e+12
       18970.000   1.9000001e+12
       19040.000   1.9000001e+12
       19110.000   1.9000001e+12
       19180.000   1.9000001e+12
       19250.000   1.9000001e+12
       19320.000   1.9000001e+12
       19390.000   1.9000001e+12
       19460.000   1.9000001e+12
       19530.000   1.9000001e+12
       19600.000   1.9000001e+12
       19670.000   1.9000001e+12
       19740.000   1.9000001e+12
       19810.000   1.9000001e+12
       19880.000   1.9000001e+12
       19950.000   1.9000001e+12
       20020.000   2.6000000e+12
       20090.000   2.6000000e+12
       20160.000   2.6000000e+12
       20230.000   2.6000000e+12
       20300.000   2.6000000e+12
       20370.000   2.6000000e+12
       20440.000   2.6000000e+12
       20510.000   2.6000000e+12
       20580.000   2.6000000e+12
       20650.000   2.6000000e+12
       20720.000   2.6000000e+12
       20790.000   2.6000000e+12
       20860.000   2.6000000e+12
       20930.000   2.6000000e+12
       21000.000   2.6000000e+12
       21070.000   2.6000000e+12
       21140.000   2.6000000e+12
       21210.000   2.6000000e+12
       21280.000   2.6000000e+12
       21350.000   2.6000000e+12
       21420.000   2.6000000e+12
       21490.000   2.6000000e+12
       21560.000   2.6000000e+12
       21630.000   2.6000000e+12
       21700.000   2.6000000e+12
       21770.000   2.6000000e+12
       21840.000   2.6000000e+12
       21910.000   2.6000000e+12
       21980.000   2.6000000e+12
       22050.000   3.1000001e+12
       22120.000   3.1000001e+12
       22190.000   3.1000001e+12
       22260.000   3.1000001e+12
       22330.000   3.1000001e+12
       22400.000   3.1000001e+12
       22470.000   3.1000001e+12
       22540.000   3.1000001e+12
       22610.000   3.1000001e+12
       22680.000   3.1000001e+12
       22750.000   3.1000001e+12
       22820.000   3.1000001e+12
       22890.000   3.1000001e+12
       22960.000   3.1000001e+12
       23030.000   3.1000001e+12
       23100.000   3.1000001e+12
       23170.000   3.1000001e+12
       23240.000   3.1000001e+12
       23310.000   3.1000001e+12
       23380.000   3.1000001e+12
       23450.000   3.1000001e+12
       23520.000   3.1000001e+12
       23590.000   3.1000001e+12
       23660.000   3.1000001e+12
       23730.000   3.1000001e+12
       23800.000   3.1000001e+12
       23870.000   3.1000001e+12
       23940.000   3.1000001e+12
       24010.000   3.8999999e+12
       24080.000   3.8999999e+12
       24150.000   3.8999999e+12
       24220.000   3.8999999e+12
       24290.000   3.8999999e+12
       24360.000   3.8999999e+12
       24430.000   3.8999999e+12
       24500.000   3.8999999e+12
       24570.000   3.8999999e+12
       24640.000   3.8999999e+12
       24710.000   3.8999999e+12
       24780.000   3.8999999e+12
       24850.000   3.8999999e+12
       24920.000   3.8999999e+12
       24990.000   3.8999999e+12
       25060.000   3.8999999e+12
       25130.000   3.8999999e+12
       25200.000   3.8999999e+12
       25270.000   3.8999999e+12
       25340.000   3.8999999e+12
       25410.000   3.8999999e+12
       25480.000   3.8999999e+12
       25550.000   3.8999999e+12
       25620.000   3.8999999e+12
       25690.000   3.8999999e+12
       25760.000   3.8999999e+12
       25830.000   3.8999999e+12
       25900.000   3.8999999e+12
       25970.000   3.8999999e+12
       26040.000   4.7000002e+12
       26110.000   4.7000002e+12
       26180.000   4.7000002e+12
       26250.000   4.7000002e+12
       26320.000   4.7000002e+12
       26390.000   4.7000002e+12
       26460.000   4.7000002e+12
       26530.000   4.7000002e+12
       26600.000   4.7000002e+12
       26670.000   4.7000002e+12
       26740.000   4.7000002e+12
       26810.000   4.7000002e+12
       26880.000   4.7000002e+12
       26950.000   4.7000002e+12
       27020.000   4.7000002e+12
       27090.000   4.7000002e+12
       27160.000   4.7000002e+12
       27230.000   4.7000002e+12
       27300.000   4.7000002e+12
       27370.000   4.7000002e+12
       27440.000   4.7000002e+12
       27510.000   4.7000002e+12
       27580.000   4.7000002e+12
       27650.000   4.7000002e+12
       27720.000   4.7000002e+12
       27790.000   4.7000002e+12
       27860.000   4.7000002e+12
       27930.000   4.7000002e+12
       28000.000   4.7000002e+12
       28070.000   4.2999999e+12
       28140.000   4.2999999e+12
       28210.000   4.2999999e+12
       28280.000   4.2999999e+12
       28350.000   4.2999999e+12
       28420.000   4.2999999e+12
       28490.000   4.2999999e+12
       28560.000   4.2999999e+12
       28630.000   4.2999999e+12
       28700.000   4.2999999e+12
       28770.000   4.2999999e+12
       28840.000   4.2999999e+12
       28910.000   4.2999999e+12
       28980.000   4.2999999e+12
       29050.000   4.2999999e+12
       29120.000   4.2999999e+12
       29190.000   4.2999999e+12
       29260.000   4.2999999e+12
       29330.000   4.2999999e+12
       29400.000   4.2999999e+12
       29470.000   4.2999999e+12
       29540.000   4.2999999e+12
       29610.000   4.2999999e+12
       29680.000   4.2999999e+12
       29750.000   4.2999999e+12
       29820.000   4.2999999e+12
       29890.000   4.2999999e+12
       29960.000   4.2999999e+12
       30030.000   3.1000001e+12
       30100.000   3.1000001e+12
       30170.000   3.1000001e+12
       30240.000   3.1000001e+12
       30310.000   3.1000001e+12
       30380.000   3.1000001e+12
       30450.000   3.1000001e+12
       30520.000   3.1000001e+12
       30590.000   3.1000001e+12
       30660.000   3.1000001e+12
       30730.000   3.1000001e+12
       30800.000   3.1000001e+12
       30870.000   3.1000001e+12
       30940.000   3.1000001e+12
       31010.000   3.1000001e+12
       31080.000   3.1000001e+12
       31150.000   3.1000001e+12
       31220.000   3.1000001e+12
       31290.000   3.1000001e+12
       31360.000   3.1000001e+12
       31430.000   3.1000001e+12
       31500.000   3.1000001e+12
       31570.000   3.1000001e+12
       31640.000   3.1000001e+12
       31710.000   3.1000001e+12
       31780.000   3.1000001e+12
       31850.000   3.1000001e+12
       31920.000   3.1000001e+12
       31990.000   3.1000001e+12
       32060.000   1.9000001e+12
       32130.000   1.9000001e+12
       32200.000   1.9000001e+12
       32270.000   1.9000001e+12
       32340.000   1.9000001e+12
       32410.000   1.9000001e+12
       32480.000   1.9000001e+12
       32550.000   1.9000001e+12
       32620.000   1.9000001e+12
       32690.000   1.9000001e+12
       32760.000   1.9000001e+12
       32830.000   1.9000001e+12
       32900.000   1.9000001e+12
       32970.000   1.9000001e+12
       33040.000   1.9000001e+12
       33110.000   1.9000001e+12
       33180.000   1.9000001e+12
       33250.000   1.9000001e+12
       33320.000   1.9000001e+12
       33390.000   1.9000001e+12
       33460.000   1.9000001e+12
       33530.000   1.9000001e+12
       33600.000   1.9000001e+12
       33670.000   1.9000001e+12
       33740.000   1.9000001e+12
       33810.000   1.9000001e+12
       33880.000   1.9000001e+12
       33950.000   1.9000001e+12
       34020.000   1.1999999e+12
       34090.000   1.1999999e+12
       34160.000   1.1999999e+12
       34230.000   1.1999999e+12
       34300.000   1.1999999e+12
       34370.000   1.1999999e+12
       34440.000   1.1999999e+12
       34510.000   1.1999999e+12
       34580.000   1.1999999e+12
       34650.000   1.1999999e+12
       34720.000   1.1999999e+12
       34790.000   1.1999999e+12
       34860.000   1.1999999e+12
       34930.000   1.1999999e+12
       35000.000   1.1999999e+12
       35070.000   1.1999999e+12
       35140.000   1.1999999e+12
       35210.000   1.1999999e+12
       35280.000   1.1999999e+12
       35350.000   1.1999999e+12
       35420.000   1.1999999e+12
       35490.000   1.1999999e+12
       35560.000   1.1999999e+12
       35630.000   1.1999999e+12
       35700.000   1.1999999e+12
       35770.000   1.1999999e+12
       35840.000   1.1999999e+12
       35910.000   1.1999999e+12
       35980.000   1.1999999e+12
       36050.000   7.9999998e+11
       36120.000   7.9999998e+11
       36190.000   7.9999998e+11
       36260.000   7.9999998e+11
       36330.000   7.9999998e+11
       36400.000   7.9999998e+11
       36470.000   7.9999998e+11
       36540.000   7.9999998e+11
       36610.000   7.9999998e+11
       36680.000   7.9999998e+11
       36750.000   7.9999998e+11
       36820.000   7.9999998e+11
       36890.000   7.9999998e+11
       36960.000   7.9999998e+11
       37030.000   7.9999998e+11
       37100.000   7.9999998e+11
       37170.000   7.9999998e+11
       37240.000   7.9999998e+11
       37310.000   7.9999998e+11
       37380.000   7.9999998e+11
       37450.000   7.9999998e+11
       37520.000   7.9999998e+11
       37590.000   7.9999998e+11
       37660.000   7.9999998e+11
       37730.000   7.9999998e+11
       37800.000   7.9999998e+11
       37870.000   7.9999998e+11
       37940.000   7.9999998e+11
       38010.000   5.9999997e+11
       38080.000   5.9999997e+11
       38150.000   5.9999997e+11
       38220.000   5.9999997e+11
       38290.000   5.9999997e+11
       38360.000   5.9999997e+11
       38430.000   5.9999997e+11
       38500.000   5.9999997e+11
       38570.000   5.9999997e+11
       38640.000   5.9999997e+11
       38710.000   5.9999997e+11
       38780.000   5.9999997e+11
       38850.000   5.9999997e+11
       38920.000   5.9999997e+11
       38990.000   5.9999997e+11
       39060.000   5.9999997e+11
       39130.000   5.9999997e+11
       39200.000   5.9999997e+11
       39270.000   5.9999997e+11
       39340.000   5.9999997e+11
       39410.000   5.9999997e+11
       39480.000   5.9999997e+11
       39550.000   5.9999997e+11
       39620.000   5.9999997e+11
       39690.000   5.9999997e+11
       39760.000   5.9999997e+11
       39830.000   5.9999997e+11
       39900.000   5.9999997e+11
       39970.000   5.9999997e+11
       40040.000   3.9999999e+11
       40110.000   3.9999999e+11
       40180.000   3.9999999e+11
       40250.000   3.9999999e+11
       40320.000   3.9999999e+11
       40390.000   3.9999999e+11
       40460.000   3.9999999e+11
       40530.000   3.9999999e+11
       40600.000   3.9999999e+11
       40670.000   3.9999999e+11
       40740.000   3.9999999e+11
       40810.000   3.9999999e+11
       40880.000   3.9999999e+11
       40950.000   3.9999999e+11
       41020.000   3.9999999e+11
       41090.000   3.9999999e+11
       41160.000   3.9999999e+11
       41230.000   3.9999999e+11
       41300.000   3.9999999e+11
       41370.000   3.9999999e+11
       41440.000   3.9999999e+11
       41510.000   3.9999999e+11
       41580.000   3.9999999e+11
       41650.000   3.9999999e+11
       41720.000   3.9999999e+11
       41790.000   3.9999999e+11
       41860.000   3.9999999e+11
       41930.000   3.9999999e+11
       42000.000   3.9999999e+11
       42070.000   2.9999999e+11
       42140.000   2.9999999e+11
       42210.000   2.9999999e+11
       42280.000   2.9999999e+11
       42350.000   2.9999999e+11
       42420.000   2.9999999e+11
       42490.000   2.9999999e+11
       42560.000   2.9999999e+11
       42630.000   2.9999999e+11
       42700.000   2.9999999e+11
       42770.000   2.9999999e+11
       42840.000   2.9999999e+11
       42910.000   2.9999999e+11
       42980.000   2.9999999e+11
       43050.000   2.9999999e+11
       43120.000   2.9999999e+11
       43190.000   2.9999999e+11
       43260.000   2.9999999e+11
       43330.000   2.9999999e+11
       43400.000   2.9999999e+11
       43470.000   2.9999999e+11
       43540.000   2.9999999e+11
       43610.000   2.9999999e+11
       43680.000   2.9999999e+11
       43750.000   2.9999999e+11
       43820.000   2.9999999e+11
       43890.000   2.9999999e+11
       43960.000   2.9999999e+11
       44030.000   2.0000000e+11
       44100.000   2.0000000e+11
       44170.000   2.0000000e+11
       44240.000   2.0000000e+11
       44310.000   2.0000000e+11
       44380.000   2.0000000e+11
       44450.000   2.0000000e+11
       44520.000   2.0000000e+11
       44590.000   2.0000000e+11
       44660.000   2.0000000e+11
       44730.000   2.0000000e+11
       44800.000   2.0000000e+11
       44870.000   2.0000000e+11
       44940.000   2.0000000e+11
       45010.000   2.0000000e+11
       45080.000   2.0000000e+11
       45150.000   2.0000000e+11
       45220.000   2.0000000e+11
       45290.000   2.0000000e+11
       45360.000   2.0000000e+11
       45430.000   2.0000000e+11
       45500.000   2.0000000e+11
       45570.000   2.0000000e+11
       45640.000   2.0000000e+11
       45710.000   2.0000000e+11
       45780.000   2.0000000e+11
       45850.000   2.0000000e+11
       45920.000   2.0000000e+11
       45990.000   2.0000000e+11
       46060.000   9.9999998e+10
       46130.000   9.9999998e+10
       46200.000   9.9999998e+10
       46270.000   9.9999998e+10
       46340.000   9.9999998e+10
       46410.000   9.9999998e+10
       46480.000   9.9999998e+10
       46550.000   9.9999998e+10
       46620.000   9.9999998e+10
       46690.000   9.9999998e+10
       46760.000   9.9999998e+10
       46830.000   9.9999998e+10
       46900.000   9.9999998e+10
       46970.000   9.9999998e+10
       47040.000   9.9999998e+10
       47110.000   9.9999998e+10
       47180.000   9.9999998e+10
       47250.000   9.9999998e+10
       47320.000   9.9999998e+10
       47390.000   9.9999998e+10
       47460.000   9.9999998e+10
       47530.000   9.9999998e+10
       47600.000   9.9999998e+10
       47670.000   9.9999998e+10
       47740.000   9.9999998e+10
       47810.000   9.9999998e+10
       47880.000   9.9999998e+10
       47950.000   9.9999998e+10
       48020.000   9.9999998e+10
       48090.000   9.9999998e+10
       48160.000   9.9999998e+10
       48230.000   9.9999998e+10
       48300.000   9.9999998e+10
       48370.000   9.9999998e+10
       48440.000   9.9999998e+10
       48510.000   9.9999998e+10
       48580.000   9.9999998e+10
       48650.000   9.9999998e+10
       48720.000   9.9999998e+10
       48790.000   9.9999998e+10
       48860.000   9.9999998e+10
       48930.000   9.9999998e+10
       49000.000   9.9999998e+10
       49070.000   9.9999998e+10
       49140.000   9.9999998e+10
       49210.000   9.9999998e+10
       49280.000   9.9999998e+10
       49350.000   9.9999998e+10
       49420.000   9.9999998e+10
       49490.000   9.9999998e+10
       49560.000   9.9999998e+10
       49630.000   9.9999998e+10
       49700.000   9.9999998e+10
       49770.000   9.9999998e+10
       49840.000   9.9999998e+10
       49910.000   9.9999998e+10
       49980.000   9.9999998e+10
       50050.000   9.9999998e+10
       50120.000   9.9999998e+10
       50190.000   9.9999998e+10
       50260.000   9.9999998e+10
       50330.000   9.9999998e+10
       50400.000   9.9999998e+10
       50470.000   9.9999998e+10
       50540.000   9.9999998e+10
       50610.000   9.9999998e+10
       50680.000   9.9999998e+10
       50750.000   9.9999998e+10
       50820.000   9.9999998e+10
       50890.000   9.9999998e+10
       50960.000   9.9999998e+10
       51030.000   9.9999998e+10
       51100.000   9.9999998e+10
       51170.000   9.9999998e+10
       51240.000   9.9999998e+10
       51310.000   9.9999998e+10
       51380.000   9.9999998e+10
       51450.000   9.9999998e+10
       51520.000   9.9999998e+10
       51590.000   9.9999998e+10
       51660.000   9.9999998e+10
       51730.000   9.9999998e+10
       51800.000   9.9999998e+10
       51870.000   9.9999998e+10
       51940.000   9.9999998e+10
       52010.000   9.9999998e+10
       52080.000   9.9999998e+10
       52150.000   9.9999998e+10
       52220.000   9.9999998e+10
       52290.000   9.9999998e+10
       52360.000   9.9999998e+10
       52430.000   9.9999998e+10
       52500.000   9.9999998e+10
       52570.000   9.9999998e+10
       52640.000   9.9999998e+10
       52710.000   9.9999998e+10
       52780.000   9.9999998e+10
       52850.000   9.9999998e+10
       52920.000   9.9999998e+10
       52990.000   9.9999998e+10
       53060.000   9.9999998e+10
       53130.000   9.9999998e+10
       53200.000   9.9999998e+10
       53270.000   9.9999998e+10
       53340.000   9.9999998e+10
       53410.000   9.9999998e+10
       53480.000   9.9999998e+10
       53550.000   9.9999998e+10
       53620.000   9.9999998e+10
       53690.000   9.9999998e+10
       53760.000   9.9999998e+10
       53830.000   9.9999998e+10
       53900.000   9.9999998e+10
       53970.000   9.9999998e+10
       54040.000   9.9999998e+10
       54110.000   9.9999998e+10
       54180.000   9.9999998e+10
       54250.000   9.9999998e+10
       54320.000   9.9999998e+10
       54390.000   9.9999998e+10
       54460.000   9.9999998e+10
       54530.000   9.9999998e+10
       54600.000   9.9999998e+10
       54670.000   9.9999998e+10
       54740.000   9.9999998e+10
       54810.000   9.9999998e+10
       54880.000   9.9999998e+10
       54950.000   9.9999998e+10
       55020.000   9.9999998e+10
       55090.000   9.9999998e+10
       55160.000   9.9999998e+10
       55230.000   9.9999998e+10
       55300.000   9.9999998e+10
       55370.000   9.9999998e+10
       55440.000   9.9999998e+10
       55510.000   9.9999998e+10
       55580.000   9.9999998e+10
       55650.000   9.9999998e+10
       55720.000   9.9999998e+10
       55790.000   9.9999998e+10
       55860.000   9.9999998e+10
       55930.000   9.9999998e+10
       56000.000   9.9999998e+10
       56070.000   9.9999998e+10
       56140.000   9.9999998e+10
       56210.000   9.9999998e+10
       56280.000   9.9999998e+10
       56350.000   9.9999998e+10
       56420.000   9.9999998e+10
       56490.000   9.9999998e+10
       56560.000   9.9999998e+10
       56630.000   9.9999998e+10
       56700.000   9.9999998e+10
       56770.000   9.9999998e+10
       56840.000   9.9999998e+10
       56910.000   9.9999998e+10
       56980.000   9.9999998e+10
       57050.000   9.9999998e+10
       57120.000   9.9999998e+10
       57190.000   9.9999998e+10
       57260.000   9.9999998e+10
       57330.000   9.9999998e+10
       57400.000   9.9999998e+10
       57470.000   9.9999998e+10
       57540.000   9.9999998e+10
       57610.000   9.9999998e+10
       57680.000   9.9999998e+10
       57750.000   9.9999998e+10
       57820.000   9.9999998e+10
       57890.000   9.9999998e+10
       57960.000   9.9999998e+10
       58030.000   9.9999998e+10
       58100.000   9.9999998e+10
       58170.000   9.9999998e+10
       58240.000   9.9999998e+10
       58310.000   9.9999998e+10
       58380.000   9.9999998e+10
       58450.000   9.9999998e+10
       58520.000   9.9999998e+10
       58590.000   9.9999998e+10
       58660.000   9.9999998e+10
       58730.000   9.9999998e+10
       58800.000   9.9999998e+10
       58870.000   9.9999998e+10
       58940.000   9.9999998e+10
       59010.000   9.9999998e+10
       59080.000   9.9999998e+10
       59150.000   9.9999998e+10
       59220.000   9.9999998e+10
       59290.000   9.9999998e+10
       59360.000   9.9999998e+10
       59430.000   9.9999998e+10
       59500.000   9.9999998e+10
       59570.000   9.9999998e+10
       59640.000   9.9999998e+10
       59710.000   9.9999998e+10
       59780.000   9.9999998e+10
       59850.000   9.9999998e+10
       59920.000   9.9999998e+10
       59990.000   9.9999998e+10
       60060.000   9.9999998e+10
       60130.000   9.9999998e+10
       60200.000   9.9999998e+10
       60270.000   9.9999998e+10
       60340.000   9.9999998e+10
       60410.000   9.9999998e+10
       60480.000   9.9999998e+10
       60550.000   9.9999998e+10
       60620.000   9.9999998e+10
       60690.000   9.9999998e+10
       60760.000   9.9999998e+10
       60830.000   9.9999998e+10
       60900.000   9.9999998e+10
       60970.000   9.9999998e+10
       61040.000   9.9999998e+10
       61110.000   9.9999998e+10
       61180.000   9.9999998e+10
       61250.000   9.9999998e+10
       61320.000   9.9999998e+10
       61390.000   9.9999998e+10
       61460.000   9.9999998e+10
       61530.000   9.9999998e+10
       61600.000   9.9999998e+10
       61670.000   9.9999998e+10
       61740.000   9.9999998e+10
       61810.000   9.9999998e+10
       61880.000   9.9999998e+10
       61950.000   9.9999998e+10
       62020.000   9.9999998e+10
       62090.000   9.9999998e+10
       62160.000   9.9999998e+10
       62230.000   9.9999998e+10
       62300.000   9.9999998e+10
       62370.000   9.9999998e+10
       62440.000   9.9999998e+10
       62510.000   9.9999998e+10
       62580.000   9.9999998e+10
       62650.000   9.9999998e+10
       62720.000   9.9999998e+10
       62790.000   9.9999998e+10
       62860.000   9.9999998e+10
       62930.000   9.9999998e+10
       63000.000   9.9999998e+10
       63070.000   9.9999998e+10
       63140.000   9.9999998e+10
       63210.000   9.9999998e+10
       63280.000   9.9999998e+10
       63350.000   9.9999998e+10
       63420.000   9.9999998e+10
       63490.000   9.9999998e+10
       63560.000   9.9999998e+10
       63630.000   9.9999998e+10
       63700.000   9.9999998e+10
       63770.000   9.9999998e+10
       63840.000   9.9999998e+10
       63910.000   9.9999998e+10
       63980.000   9.9999998e+10
       64050.000   9.9999998e+10
       64120.000   9.9999998e+10
       64190.000   9.9999998e+10
       64260.000   9.9999998e+10
       64330.000   9.9999998e+10
       64400.000   9.9999998e+10
       64470.000   9.9999998e+10
       64540.000   9.9999998e+10
       64610.000   9.9999998e+10
       64680.000   9.9999998e+10
       64750.000   9.9999998e+10
       64820.000   9.9999998e+10
       64890.000   9.9999998e+10
       64960.000   9.9999998e+10
       65030.000   9.9999998e+10
       65100.000   9.9999998e+10
       65170.000   9.9999998e+10
       65240.000   9.9999998e+10
       65310.000   9.9999998e+10
       65380.000   9.9999998e+10
       65450.000   9.9999998e+10
       65520.000   9.9999998e+10
       65590.000   9.9999998e+10
       65660.000   9.9999998e+10
       65730.000   9.9999998e+10
       65800.000   9.9999998e+10
       65870.000   9.9999998e+10
       65940.000   9.9999998e+10
       66010.000   9.9999998e+10
       66080.000   9.9999998e+10
       66150.000   9.9999998e+10
       66220.000   9.9999998e+10
       66290.000   9.9999998e+10
       66360.000   9.9999998e+10
       66430.000   9.9999998e+10
       66500.000   9.9999998e+10
       66570.000   9.9999998e+10
       66640.000   9.9999998e+10
       66710.000   9.9999998e+10
       66780.000   9.9999998e+10
       66850.000   9.9999998e+10
       66920.000   9.9999998e+10
       66990.000   9.9999998e+10
       67060.000   9.9999998e+10
       67130.000   9.9999998e+10
       67200.000   9.9999998e+10
       67270.000   9.9999998e+10
       67340.000   9.9999998e+10
       67410.000   9.9999998e+10
       67480.000   9.9999998e+10
       67550.000   9.9999998e+10
       67620.000   9.9999998e+10
       67690.000   9.9999998e+10
       67760.000   9.9999998e+10
       67830.000   9.9999998e+10
       67900.000   9.9999998e+10
       67970.000   9.9999998e+10
       68040.000   9.9999998e+10
       68110.000   9.9999998e+10
       68180.000   9.9999998e+10
       68250.000   9.9999998e+10
       68320.000   9.9999998e+10
       68390.000   9.9999998e+10
       68460.000   9.9999998e+10
       68530.000   9.9999998e+10
       68600.000   9.9999998e+10
       68670.000   9.9999998e+10
       68740.000   9.9999998e+10
       68810.000   9.9999998e+10
       68880.000   9.9999998e+10
       68950.000   9.9999998e+10
       69020.000   9.9999998e+10
       69090.000   9.9999998e+10
       69160.000   9.9999998e+10
       69230.000   9.9999998e+10
       69300.000   9.9999998e+10
       69370.000   9.9999998e+10
       69440.000   9.9999998e+10
       69510.000   9.9999998e+10
       69580.000   9.9999998e+10
       69650.000   9.9999998e+10
       69720.000   9.9999998e+10
       69790.000   9.9999998e+10
       69860.000       0.0000000
