1948   -4.370   -3.500    1.930    4.470   11.640   11.630    9.870   10.760    5.810    3.170    5.340   -1.810
1949   -4.190   -2.880   -1.370    1.030    6.360   13.410   15.800    9.130   13.590    2.490    0.960   -2.520
1950   -1.500   -3.130   -1.260    3.030    8.810   14.230   17.590   16.150    8.690   -1.150   -3.620   -2.190
1951   -1.910   -5.480   -2.000    3.570   14.820   14.640   12.600   13.270   12.270    3.310    3.170    0.040
1952   -1.800   -1.020   -1.490    4.120    6.870   14.980   11.370   17.670   11.000    4.810    0.430    3.790
1953    0.930   -5.280   -0.530    5.510   15.420   15.100   19.710   15.810   13.290    7.910    3.410   -0.900
1954   -0.190   -3.130   -0.660    5.990   13.800   17.810   16.260   13.090    9.650    4.170   -5.610   -2.020
1955   -5.090   -5.930   -0.940    4.230   10.150   17.400   15.520   18.080    8.400    2.820    5.500    3.570
1956    0.870   -3.360   -0.760    3.440    9.490   11.910   10.340   13.920    7.840    5.170    4.670    4.360
1957   -2.770   -6.040   -3.730    4.740   11.160   19.350   13.760   11.960    7.860    5.080    0.650   -0.300
1958   -4.150   -5.260   -2.880    3.820    9.450   12.580   12.010   14.630    5.640    2.590   -0.230   -0.890
1959   -2.530   -3.980   -0.920    4.990   13.160   13.970   19.540   15.600    8.890    8.280    2.290    0.840
1960   -3.720   -5.110   -2.650    2.310    5.580   14.780   15.550   10.360    6.160    4.160    5.100    2.220
1961   -4.310   -5.490   -4.240    4.730    8.570   16.550   16.050   16.110   13.370    3.690    3.590    0.330
1962   -3.670   -3.070   -2.020    2.300    6.420   14.140   13.830   10.760    9.180    2.740    3.490    0.570
1963   -5.190   -8.740   -2.790    3.070    9.500   16.300   11.440   12.180    8.670    2.410    3.010   -2.260
1964   -4.090   -2.860   -2.050    5.330    9.820   13.850   12.750   10.790    5.210    2.820    1.510   -2.250
1965   -7.840   -5.770   -4.010    1.920   10.090   12.600   10.320    9.040    9.240    5.920    2.880    2.470
1966   -3.620   -2.580   -0.800    4.080    8.690   13.630   17.320   13.280    9.310    6.440    2.340    0.850
1967   -2.440   -5.290   -1.670    0.870    6.950   10.940    9.910   10.570    8.190    2.340   -1.050   -3.520
1968   -7.920   -8.240   -3.760    1.290    3.440   10.390   14.470    9.610   11.360    5.660    0.850    0.150
1969   -4.510   -5.810   -3.610    4.240    8.420   12.040   12.210   11.270    8.270    5.110    0.740   -2.320
1970   -4.430   -7.450   -1.830    3.480    9.590   11.930   14.550   10.570    6.910    4.760    0.060   -1.380
1971   -4.850   -8.070   -3.340    1.140    7.680   11.330   11.440    8.410    9.440    0.500    0.140   -1.410
1972   -6.040   -6.120   -3.700   -0.290    9.180   11.520   14.570    3.190    5.820    5.010   -0.960   -3.260
1973   -3.120   -6.270   -4.630    3.600   12.450   13.830    9.910   10.290    6.970   -0.380    1.950   -1.340
1974   -5.160   -6.690   -3.920    0.690    5.520    9.530   13.940   12.730    4.490    2.340    4.340   -0.260
1975   -4.490   -5.690   -3.290    1.430   10.640   12.820   11.700   13.320    7.950    1.820    3.760   -0.600
1976   -4.690   -7.980   -3.210    3.000    7.020   13.070   13.610    7.530    2.300    6.020    0.940    0.110
1977   -5.610   -5.540   -2.270    3.560    6.650   17.310   12.780   11.130   11.240    7.770    6.430   -3.200
1978   -3.810   -5.260   -3.200    1.610    8.110   13.710   11.810   11.020    1.030    3.120    1.940   -2.590
1979   -6.230   -7.790   -4.120    1.260    7.660   10.590    9.140   11.520   16.350    5.320    2.820    0.490
1980   -3.130   -4.460   -1.920    4.350    8.350   16.280   15.270   12.990   12.790    7.440    5.120   -0.790
1981   -3.750   -7.010   -0.740    3.070    9.060   13.020   13.930   11.980   10.210    3.820    1.480   -0.160
1982   -4.360   -4.960   -2.690    0.670    8.160   13.820   13.860   10.480   10.560    5.180    2.770    0.620
1983   -2.020   -1.170    0.140    8.110   12.290   17.470   15.470   11.630   12.350    3.620    2.270   -2.110
1984   -3.340   -3.370   -0.380    5.240   16.560   16.890    9.110    9.900    7.680   11.000    4.380    0.400
1985   -4.570   -5.760    0.100    1.770   11.980   12.350    9.930    9.580    6.280    6.850    0.140   -1.120
1986   -1.980   -2.190    0.030    4.790   11.590   14.780   13.090   10.060    4.290    1.950    4.950   -0.650
1987   -2.750   -5.390   -3.280    4.210    9.150   15.660   11.990    9.170   10.960    5.990   -2.390    3.160
1988    0.670   -4.500   -0.990    5.210    9.360   13.650   15.580   16.380    6.340    9.880    1.780   -1.000
1989   -3.800   -5.810   -3.180    2.950    8.310   13.010    9.970    9.480    9.080   10.020    1.080   -0.740
1990   -1.880   -5.240   -1.100    6.420   11.690   15.620    8.700   11.280    8.030    2.410    3.690    3.010
1991   -3.250   -2.360   -0.870    3.950   11.260   15.250   10.850    8.100   10.250   11.330    1.220    2.520
1992   -4.900   -2.780    0.050    5.890   14.080   17.350   11.700   12.180   12.440    6.510   -1.290   -0.790
1993   -1.980   -4.190   -1.450    5.050   10.990   12.430   12.610   10.460    2.440    4.560    2.100    0.380
1994   -2.320   -1.830   -0.120    7.470   11.980   15.550   12.370    8.990   12.530    9.580    2.570   -0.890
1995   -2.590   -3.860    0.600    2.210    7.700   15.150   19.700   13.950   13.340    3.070    1.450   -2.960
1996   -2.020   -1.540   -0.650    2.820    7.020   16.640    7.270    7.840    7.340    1.960    2.820    1.870
1997   -3.410   -2.770   -2.980    3.450    6.200   11.130   12.490   10.490    5.040    7.640    6.650    1.620
1998   -1.180   -1.060    0.330    3.300    8.960   13.390   10.080   10.640   11.840    5.700    0.790    0.480
1999   -1.230   -2.750   -1.090    0.460    6.170   14.620   13.190    6.950    7.080    1.370   -1.950   -2.550
2000   -2.570   -2.590   -1.700    3.430    6.460   12.210   12.800    9.760    7.620    3.120   -1.820    0.800
2001   -3.430   -5.050   -4.170    1.510    9.710   14.600    9.810   11.280    2.860   -0.550   -2.140   -3.700
2002   -1.290   -4.910   -0.630    3.040    9.830   13.610    7.920    8.000    8.680    6.220    5.770   -0.730
2003   -1.860   -5.950   -3.380    4.170    6.210   14.440   11.770   12.240   12.540    3.300    1.490    3.320
2004   -5.370   -4.740   -3.180    5.070    7.690   11.330    9.860   10.090   10.280    1.620    0.360    1.510
2005   -3.180   -5.840   -2.050    4.040    9.440   12.610   11.150    7.710    5.150    1.060    0.830   -1.320
2006   -4.390   -5.860   -2.390    0.160    3.820    8.080   11.070    8.630    2.590   -1.420   -2.250    0.230
2007   -1.640   -2.230   -1.490    3.020   10.220   14.560    8.550    6.120    7.240    0.550    0.020   -3.490
2008   -4.080   -5.790   -3.370    5.080    5.390   13.060   12.830   13.400    5.160    3.320   -2.030   -4.940

