1948    0.940    0.210    0.990    0.900    1.260    1.830    3.220    2.440    1.500    2.470    1.010    0.770
1949    1.110    0.120   -0.380   -0.990    0.180    0.920    1.920    0.910    1.280   -0.200   -0.100    0.010
1950   -0.080    0.090   -0.430   -0.430    0.650    0.870    1.110    1.410    0.170    0.310   -0.380    0.040
1951   -0.190   -0.640   -0.790   -0.580    0.810    1.610    1.430    0.930    1.950    0.260    0.240   -0.230
1952   -0.020   -0.200   -0.870   -0.330    0.480    1.310    2.110    0.680    0.090    1.060   -0.710    0.140
1953    0.490   -0.530   -0.520   -0.300    0.780    0.010    1.040    1.030    1.910    1.110   -0.170   -0.640
1954    0.400   -0.010    0.330    0.210   -0.050    2.290    1.500    2.020    0.690    0.590    0.300    0.310
1955    0.480    0.030    0.350   -0.260    0.460    1.770    1.410    1.330    0.960    0.170   -0.350    1.000
1956    0.740   -0.760   -0.280   -0.180    0.190    0.450    1.580    1.520    2.860    0.250    0.490    0.220
1957    0.270   -0.260   -0.620   -0.940    0.560    0.850    1.760    1.690    1.610    1.480    0.520    1.330
1958    0.450   -0.660   -0.530    0.280    0.280    0.880   -0.370    0.580    0.490   -1.540   -0.510   -1.080
1959   -0.110   -0.190   -0.810   -0.040    0.370    0.890    1.490    1.660    0.790    0.420    0.160   -0.110
1960    0.030   -0.110   -0.760   -0.220    0.330    2.680    2.750    1.230    2.230    1.960    0.240    1.170
1961    1.390    0.410    0.570    1.030    1.520    3.780    2.860    4.050    3.790    1.340    1.780    0.490
1962    0.020   -0.070    0.400    1.220    0.360    3.020    1.070    2.670    1.980    1.360    1.170   -0.350
1963   -0.150   -0.630   -0.250    0.560    1.060    2.940    3.300    4.350    3.600    1.700    1.730   -0.070
1964    0.290    0.520    0.380    0.160    0.850    2.720    2.060    2.720    1.510    0.490    1.210    1.210
1965   -0.090    0.610    0.080    1.160    1.430    2.180    3.970    3.140    1.920    1.870    0.470    0.210
1966    0.140    0.150    0.230    0.410    1.380    4.040    2.310    2.050    1.410    1.030    0.610    1.270
1967    0.070   -0.380    0.360    0.820    2.250    2.780    3.570    3.710    3.400    2.410    0.740    1.400
1968    1.430    1.710    1.290    1.980    3.650    3.410    3.550    4.040    3.900    4.260    2.260    2.350
1969    1.370    1.670    1.940    2.700    3.430    4.750    3.000    1.990    3.410    2.630    2.580    1.470
1970    1.300    0.790    1.090    2.390    3.840    4.200    4.330    3.120    2.800    2.920    1.980    2.330
1971    1.800    0.150    1.290    1.110    1.500    3.470    2.240    1.400    1.270    0.570    0.390    1.340
1972    0.490   -0.620   -0.190    0.150    1.730    2.240    1.590    3.900    3.300    2.440    1.720    0.350
1973    1.540    1.000    0.890    1.610    2.040    2.000    2.540    0.270    0.950    1.860    0.180    0.400
1974    0.660   -0.020    0.600   -0.230    1.260    3.340    1.760    1.590    1.030    0.630    1.090    0.880
1975    0.700    1.180    0.150    0.960    1.290    1.920    2.100    1.070    0.500    0.640    1.380    0.840
1976    0.600    0.220    0.520    0.410    1.100    1.570    1.200    0.940    1.060    1.220    1.060    0.950
1977    0.920   -0.300    0.500    0.170    0.430    1.620    4.140    1.160    0.830    0.650    0.480   -0.150
1978    0.490    0.520    0.380    0.250    1.080    2.480    3.830    0.410    1.830    1.570    1.730    0.770
1979   -0.590   -0.570   -0.840   -0.880   -0.190   -0.800    0.600    0.070    0.070   -0.100    0.200    1.470
1980    1.400    1.660    0.870    2.780    2.860    3.160    3.780    1.970    1.490    0.660    0.960    1.200
1981    0.620   -0.050    0.710    0.440    2.800    2.630    2.220    2.140    2.300    1.520    1.270    0.440
1982   -1.510   -0.880   -0.780   -1.020   -0.070    1.290    1.470    0.910    0.830    1.020    0.300   -0.720
1983   -0.600   -0.680   -0.640   -0.120    0.750    1.740    2.160    1.270    1.140   -0.520   -0.700    0.190
1984    0.290    0.380   -0.190    0.100    1.990    1.230    2.370    0.670    1.090    0.480    0.340    0.010
1985    0.350   -0.290    0.930   -0.320    0.480    0.800    1.540    0.870    0.590    1.570   -0.500   -0.260
1986   -0.160   -0.100   -0.120    0.960    1.890    1.210    0.550    1.660    0.590    0.800    0.650   -0.640
1987    0.130   -0.380   -0.420   -0.460    0.710    0.320    3.260    1.720    1.390    1.120    0.370    0.710
1988    1.180   -0.250    0.390    1.600    0.690    2.680    1.620    2.600    1.230    1.010    0.690    0.700
1989    0.110    0.080    0.060    0.270    0.500    1.810    1.910    2.460    1.180    0.300    0.580    0.720
1990    1.100    0.130    0.620    1.420    1.470    0.680    1.590    1.480    1.040    1.610    1.540    1.210
1991    0.580   -0.090    0.470    1.350    2.240    2.390    2.810    1.280    1.140    0.920    0.840    2.600
1992    0.160    0.820    1.370    1.500    4.200    4.320    1.700    1.990    0.940    1.680    1.020    1.260
1993    1.300    0.470    0.660    1.410    3.210    3.420    1.660    2.220    1.940    1.560    1.550    1.550
1994    1.020    1.200    0.960    1.560    2.600    2.760    2.990    1.740    1.540    0.370    0.300    1.260
1995    1.020    0.670    0.830    1.710    0.540    3.480    4.660    2.890    1.620    1.650    0.630    0.320
1996    1.280    1.470    0.710    1.520    1.930    2.250    1.450    3.250    0.630    1.950    1.290    1.840
1997    0.310    0.150   -0.130    1.410    1.480    4.650    2.990    2.410    3.340    3.190    1.440    2.210
1998    0.660   -0.240    0.020   -0.070    0.170    0.610    0.970    1.090    1.060   -0.200    0.570    0.130
1999   -0.560   -0.210   -0.390   -0.760    0.190    1.390    0.970    1.930    1.590   -0.720   -0.730   -0.700
2000   -0.080    0.050   -0.740   -0.410    0.310    3.430    0.600    1.490    1.650    0.020   -0.100    0.250
2001    0.480    0.050   -0.210   -0.630    0.970    0.580    2.880    1.790    0.610    0.470   -0.160   -0.910
2002   -0.010   -0.750    0.370    0.430    1.500    1.520    1.250    1.500    1.110    1.790    0.920    0.290
2003    0.210    0.730   -1.270   -0.510    0.060    1.130    0.810    0.220    1.230    0.640    1.270    0.810
2004   -0.480   -1.270   -0.220    0.010   -0.840    1.310    1.610    1.250    1.190    1.650   -0.240    0.320
2005   -0.050   -1.260   -0.380    0.100    2.580    3.050    1.950    2.860    1.290    1.230    1.080    0.460
2006   -0.190   -0.020    0.270   -0.780   -0.780    2.030    3.150    2.260    2.060    1.190    0.280    0.960
2007    0.560    0.040   -0.340    0.580    0.760    3.080    2.360    1.700    2.040    1.600    0.460    0.080
2008   -0.310   -0.240   -0.940    0.670    0.910    1.010    2.090    2.540    0.350    0.670    0.380   -0.760

