1948    7.190    5.520    9.430   10.290   14.630   10.390   14.290   15.700   11.970   13.830    8.930    6.890
1949    7.470    6.620    7.020    5.740   13.430   12.180   13.800   10.230   14.940    9.860    7.800    4.890
1950    3.280    6.730    7.540   10.240   11.410   13.320   14.120   15.270   10.700    8.470    6.120    3.740
1951    4.020    4.540    4.000    4.370   11.020   12.510   11.020   11.610   14.420    9.680    8.840    5.400
1952    3.730    5.430    3.240    6.220   10.140   12.590   14.280   13.830   10.370   14.540    3.740    7.250
1953    5.590    3.680    6.170    7.170   12.000    9.800   13.090   12.560   15.800   11.580    6.880    3.830
1954    5.040    5.460    4.630    8.250    7.730   15.170   15.680   13.000   11.240   10.660    5.170    3.820
1955    3.120    4.870    9.010    7.370   10.140   12.270    9.780   10.990   11.510    9.060    5.230    6.250
1956    5.140    3.370    6.130    7.720    8.790   10.670    8.660   13.890   16.160    9.890    7.100    5.220
1957    2.670    5.760    6.070    7.810   10.480   11.140   11.450   13.060    9.910   10.700    7.120    8.250
1958    5.580    5.300    6.600    7.490    9.240   13.950    6.390   11.430    8.890    4.650    5.490    4.630
1959    6.880    6.510    4.950   12.050    9.070   11.840   13.700   11.560   11.400   11.450    9.580    7.290
1960    5.470    3.080    4.740    5.750    7.670   15.680   13.640    9.410   12.550    9.220    7.260    7.210
1961    6.890    5.710    6.640    8.830    9.260   15.610   12.970   16.460   15.300   10.040   11.580    7.060
1962    5.680    6.380    5.830   10.890   10.270   12.930   10.040   13.650   13.210    9.850    8.500    5.400
1963    7.090    3.360    7.770    6.870   11.490   14.080   14.650   17.100   14.340   14.400   12.920    7.380
1964    5.940    9.410    7.870   12.160   10.280   15.550   10.900   11.380   12.270    7.920    8.310    8.370
1965    3.190    5.550    4.470   10.870   13.180   12.560   15.600   15.100   10.910   10.530    7.600    8.570
1966    6.040    7.120    8.010   11.010    5.880   15.230   13.030   12.850   11.420   12.280    9.660    9.850
1967    4.580    5.880    7.350    6.900   13.290   12.770   13.570   14.360   13.340   13.080    7.500    6.980
1968    5.720    4.510    9.870    8.720    7.820   15.140   11.930   12.990   14.500   14.380    8.480    8.810
1969    5.840    8.460    9.930    9.880   12.410   13.810   13.020   13.470   12.500   14.260   11.620    5.770
1970    8.520    2.560    6.490    7.510   11.830   13.870   13.640   12.860   11.550   12.300    9.360    7.730
1971    6.650    4.240    8.100    9.250    7.820   12.850   10.810   10.480   12.110    6.510    5.050    6.510
1972    2.960    1.530    8.050    5.200   12.040   13.820   12.250   14.800   12.550   13.370   11.020    7.990
1973    8.310    7.490    8.150   10.020   12.260   10.680   15.520    6.530   11.520   10.070    8.040    6.130
1974    4.080    5.830    5.320    4.540   10.480   11.100   12.370    8.040   11.570    5.220    9.810    6.600
1975    5.100    6.770    8.580    8.190   11.290   11.180   10.590   10.050    7.160    8.820    7.590    5.210
1976    4.300    5.640    8.150    7.610    8.710   12.190   11.710    8.710    8.940   10.450    5.980    7.960
1977    6.150    4.420    5.360    4.480    7.170   11.690   17.170    8.310    9.030    8.980    7.790    5.930
1978    6.990    6.110    7.630    5.460    8.120   11.910   13.540    8.690   10.590   11.100   10.030    5.410
1979    3.390    4.060    5.440    5.910    8.230    7.020    8.040    9.650   10.180    9.520    7.890    8.100
1980    3.130    5.090    5.930   11.190   11.630   12.650   12.810   10.030    6.240    9.770    7.980    4.620
1981    6.510    3.240    5.290    6.960   11.480    9.670    8.220    9.400   10.580    8.420    8.260    5.970
1982    1.020    2.600    1.530    4.860    6.630   12.160   14.400   11.510   12.440   12.150   11.150    3.810
1983    4.800    5.010    7.530   10.210   12.020   13.390   11.610   12.430    7.890    7.200    3.960    4.170
1984    5.070    6.000    7.520    7.780   13.890   13.390   13.450    9.270   11.290   10.720   10.630    7.190
1985    4.530    5.640    6.660    6.590    9.320    8.590    9.190    7.450    8.850   12.870    7.160    6.280
1986    5.830    3.910    5.470    8.420   10.090   10.590    6.770   12.680   11.020    7.410    9.960    4.540
1987    5.530    1.610    2.390    5.730    9.710    6.820   14.670   13.760   10.870    8.840    7.000    6.000
1988    6.950    2.460    5.730    9.740   10.280   11.090   11.270   16.590   10.680    8.090    4.940    3.700
1989    1.750    2.030    4.990    4.690    6.530    8.280   10.530   11.650    8.270    8.620    4.710    4.210
1990    4.870    4.330    7.070    9.170    9.750    5.660    8.860    8.260    9.740    9.120    9.480    9.020
1991    7.130    3.090    4.660    8.330   10.830   11.060   13.220   11.630    9.210    9.880    7.510    7.320
1992    3.540    4.040    4.190    8.260   14.740   15.160   10.830    9.460    7.100    9.280    6.630    7.070
1993    6.080    1.580    4.310    9.660   12.450   14.730   10.870    9.610   10.100    9.890    9.900    7.980
1994    5.630    6.060    5.110    9.080   10.500   11.720   13.860   11.910   11.050   10.410    6.390    5.720
1995    7.740    5.780    7.210    8.100    6.720   13.500   16.110   15.250   11.960   10.270    7.340    3.340
1996    5.370    7.100    4.050    7.750    7.760    9.320   10.140   12.120    8.490    9.250    6.220    7.890
1997    3.670    4.380    1.640    4.680    5.660   14.920   10.930    8.810   15.450   11.760    8.630    6.980
1998    7.510    6.330    8.030    7.040    6.290    8.810    6.950    8.890    9.600    4.340    7.510    3.060
1999    2.110    2.770    6.250    5.910    7.100   10.390    7.320   11.210   11.500    8.910    3.960    4.460
2000    3.160    4.270    3.820    5.270    9.020   13.080    6.900   10.900    9.960    9.080    7.060    4.580
2001    4.040    1.000    4.140    6.930   10.250    7.460   13.780   11.040   10.230    8.410    8.660    0.190
2002    2.640    2.840    5.200    7.570    9.840    9.770    7.310   10.290   10.330   11.460    8.540    5.160
2003    4.260    4.580    2.510    6.500    9.440   11.650    9.620    8.400    8.960    8.130    7.880    6.320
2004    1.890    3.070    4.940    7.220    4.220    8.600    9.590   10.850   10.100    9.660    7.520    6.480
2005    4.400    3.570    5.620    7.620   12.410   13.370    9.160   13.540    7.470    7.870    6.930    7.940
2006    2.630    3.420    7.990    5.090    6.290   10.910   13.460   10.910   11.410   10.750    7.150    7.780
2007    4.830    4.900    5.460    8.720    7.970   14.020   12.140   11.260   10.510   11.150    6.080    3.660
2008    2.780    1.250    4.580    5.320    7.820    8.910   11.840   13.350    9.200    9.800    4.810    2.310

