1948   10.950    8.670   13.180   14.630   19.740   13.220   18.600   21.850   16.750   20.670   12.730   10.830
1949   10.090    9.780   11.020    9.250   19.660   17.660   19.970   15.090   22.320   16.910   12.980    9.630
1950    6.490   11.920   12.090   15.610   15.820   18.480   19.380   22.120   16.200   13.410   12.100    7.990
1951    8.570    9.030    7.620    7.120   15.020   17.410   15.080   15.790   20.340   15.820   14.370    9.920
1952    8.220    9.140    6.360    8.910   14.740   18.520   19.580   19.900   14.940   21.660    7.620   12.240
1953    9.740    6.880    9.800   11.670   17.800   14.750   18.470   17.930   23.180   18.790   11.760    7.920
1954    9.640   10.440    7.910   12.310   11.990   19.630   21.870   17.910   17.540   17.360    9.890    6.890
1955    6.050    8.340   13.480   11.310   14.610   16.540   14.530   16.620   17.340   14.060    9.550    9.910
1956    8.310    6.750   10.460   11.860   12.920   15.910   11.870   19.380   22.200   15.910   10.580    8.350
1957    5.560   10.120    9.590   11.660   14.570   15.620   15.950   17.490   14.380   15.700   11.150   12.240
1958    9.080    9.980   10.040   10.560   14.300   19.930   10.520   17.050   13.520    9.210   10.210    9.010
1959   11.450   10.770    7.930   16.650   13.380   17.040   18.570   16.510   16.000   17.360   14.900   12.050
1960    9.560    6.450    7.840    8.000   10.840   20.440   17.950   14.050   17.600   13.160   11.880   10.030
1961   10.830    9.410    9.700   13.030   12.100   20.100   17.130   20.550   20.270   14.210   16.990   11.720
1962   10.430   10.200    8.910   14.430   15.560   17.130   13.980   18.610   18.730   14.860   12.850    9.180
1963   11.660    5.970   11.640   10.430   15.760   17.730   19.210   21.540   18.870   21.550   20.170   11.600
1964    8.130   14.400   11.190   16.610   13.070   21.070   15.490   15.130   17.040   12.190   11.750   12.660
1965    5.570    9.000    6.480   15.060   18.340   16.600   19.720   20.730   15.510   15.940   11.530   13.930
1966   10.120   11.410   12.410   15.280    7.370   20.220   17.970   17.950   16.910   19.000   15.210   14.450
1967    8.830   11.200   12.420    9.300   17.060   17.970   17.860   18.530   18.580   18.610   11.890   10.630
1968    9.030    7.330   14.940   11.170    9.890   20.200   15.530   16.220   19.140   19.940   11.920   12.740
1969    7.900   12.740   14.470   13.280   15.570   17.550   17.120   19.100   16.950   20.330   17.490    9.250
1970   12.980    3.900    8.740    9.400   15.780   18.570   17.220   17.810   16.730   17.350   14.410   10.770
1971   10.970    7.860   11.570   13.670   10.680   17.300   14.990   15.100   17.910    9.650    8.630    9.410
1972    5.390    4.750   11.980    7.700   15.360   18.340   17.180   19.540   15.910   19.450   17.350   12.480
1973   12.990   11.380   11.570   13.140   17.020   14.850   20.070   10.760   17.270   15.720   12.920   10.850
1974    7.290   10.030    8.430    7.170   14.700   15.020   17.110   11.620   17.540    8.430   16.090   10.850
1975    8.020   11.100   13.570   11.680   15.380   14.460   15.090   14.820   10.650   14.340   11.690    8.740
1976    7.440   10.150   12.010   10.920   12.440   18.040   16.500   13.100   13.760   16.340    9.470   12.650
1977    9.540    7.550    7.940    6.850   10.630   16.220   22.410   11.910   12.220   13.130   12.350    9.740
1978   10.400    9.420   11.380    7.960   11.720   16.110   17.210   12.370   14.890   15.990   14.660    7.790
1979    6.210    7.390    8.470   10.110   12.480   11.160   11.210   14.610   16.400   15.210   12.590   12.290
1980    5.700    7.550    8.550   14.760   14.700   17.310   16.580   14.390    9.200   15.770   12.860    7.120
1981   11.640    6.100    8.710   10.520   15.150   13.390   11.380   12.580   15.220   14.340   13.590   10.100
1982    3.780    5.710    4.960    6.700    9.590   16.140   19.760   15.660   17.500   18.240   18.170    7.180
1983    8.230    7.810   12.430   15.780   17.670   19.760   17.060   18.270   12.680   11.780    7.240    7.220
1984    8.570    8.760   11.800   11.770   19.900   19.370   18.090   14.330   16.870   16.960   16.820   11.500
1985    7.710    9.950    9.970   10.180   13.360   11.090   12.330   11.950   12.150   18.730   11.380   10.810
1986   10.950    6.590    8.250   11.610   13.520   14.590    9.420   17.200   16.550   11.500   15.220    8.280
1987   10.100    3.700    4.350    9.180   14.680   10.380   19.480   19.880   16.450   14.150   11.340    9.830
1988   11.670    5.030    8.320   13.770   14.990   15.630   15.780   23.760   16.330   12.670    8.780    7.640
1989    3.670    4.750    8.410    6.490    9.510   11.210   13.860   15.650   13.000   13.790    7.210    7.990
1990    8.870    7.050   10.970   12.680   13.920    7.600   12.300   11.410   14.430   14.100   14.790   13.790
1991   11.960    6.820    7.840   11.660   14.530   14.970   18.210   16.770   13.170   15.720   11.650   11.440
1992    7.030    7.250    5.990   12.120   19.700   19.530   15.450   12.880    9.860   13.620   10.320   11.590
1993    9.440    2.690    6.330   13.280   16.740   19.470   15.440   13.240   15.060   14.480   15.620   12.390
1994    9.040    9.830    7.100   13.050   14.030   16.010   19.090   16.300   15.370   16.780   11.020    8.770
1995   12.240    9.660   10.880   11.040   10.050   17.780   21.800   21.860   17.390   16.030   12.380    7.070
1996    9.530   12.110    7.030   11.280   10.660   13.370   14.830   16.940   12.670   14.390    9.320   12.630
1997    7.630    8.330    4.060    7.160    8.020   19.860   15.290   12.280   22.050   17.950   14.970   12.580
1998   12.770   11.250   13.080   11.410   10.870   13.560   11.320   13.850   14.940    7.390   12.690    6.400
1999    5.250    6.020   10.560   10.080   11.370   14.290   11.240   14.240   16.080   13.780    7.630    9.240
2000    7.800    8.340    8.320    8.900   14.440   16.100    9.940   15.460   13.940   14.070   12.250    8.740
2001    7.810    3.080    7.600   11.420   15.350   12.110   17.000   14.100   15.690   13.050   15.410    2.320
2002    6.910    6.880    9.730   12.420   14.190   14.420   10.800   14.720   16.030   16.680   13.560    9.740
2003    8.130    8.700    5.670   10.370   13.980   17.020   14.340   12.040   12.370   11.720   11.710   10.510
2004    4.990    6.900    8.460   11.840    7.740   12.680   13.080   14.480   14.250   14.300   12.260   11.240
2005    8.660    7.190    9.430   12.530   16.770   17.240   11.640   17.470   11.870   12.410   10.610   12.270
2006    5.900    6.420   13.160    8.960    9.160   14.630   17.720   15.050   16.410   15.720   12.130   12.170
2007    8.100    8.860    9.580   12.250   11.970   19.500   17.350   16.930   14.690   16.320   10.660    7.320
2008    6.630    4.540    8.890    8.280   11.460   14.280   16.710   19.300   14.380   15.120    8.770    6.030

