1948   15.830   15.360   21.760   20.310   28.730   28.700   30.300   30.910   25.210   27.850   21.960   15.480
1949   10.640   13.760   17.940   18.860   28.010   34.210   32.620   27.050   33.830   27.120   25.320   16.290
1950   15.220   17.210   14.860   21.650   31.180   32.210   35.660   35.960   27.460   22.090   17.500   18.210
1951   15.910    8.530   14.510   20.570   31.730   31.670   34.410   31.280   35.570   28.280   26.200   20.300
1952   16.800   17.060   14.960   24.910   28.430   33.470   28.540   34.160   28.030   27.070   18.770   24.750
1953   18.690    7.690   16.390   22.420   34.710   31.680   33.300   29.800   33.750   31.860   23.310   18.430
1954   17.930   12.920   15.650   24.290   30.620   34.100   33.380   32.100   27.170   25.650   15.590   18.410
1955   14.240   11.310   19.720   22.020   26.170   32.050   30.690   35.900   28.370   24.080   26.710   23.460
1956   19.780   12.620   17.200   22.590   25.720   27.970   23.510   31.260   29.310   25.410   22.360   19.650
1957   10.870   12.500   13.620   19.710   24.090   29.300   29.190   28.570   20.030   22.470   21.170   19.360
1958   13.440   18.020   16.940   22.510   25.330   32.270   24.840   27.930   22.430   19.010   16.990   17.330
1959   18.520   13.290   16.240   26.110   24.810   26.190   29.780   25.640   22.090   25.240   20.880   19.010
1960   13.050   10.380   14.400   18.780   22.590   25.050   25.610   25.140   21.800   20.620   20.170   19.260
1961   13.910   11.640   12.080   22.400   21.230   27.170   25.710   24.710   26.510   20.140   22.480   16.690
1962   16.280   16.180   13.210   21.530   24.480   24.650   25.190   24.390   24.420   20.890   19.420   17.700
1963   13.610    7.600   16.880   21.440   23.220   25.270   23.190   27.000   20.440   19.550   24.080   15.560
1964   14.020   14.940   17.060   22.820   20.900   26.440   25.170   24.400   20.140   19.400   16.960   16.930
1965    8.930   11.260   10.000   21.460   28.240   23.050   22.640   23.940   23.350   26.000   18.210   24.450
1966   17.760   20.220   18.880   24.800   21.940   27.700   27.310   26.730   25.310   26.940   23.430   23.460
1967   17.480   12.170   18.430   16.280   22.510   27.370   21.970   24.490   23.470   21.410   17.720   11.220
1968   11.630    9.900   13.690   14.800   14.590   19.950   24.820   21.380   22.530   21.470   17.080   21.030
1969   11.740   12.140   16.020   23.680   24.050   24.880   24.510   26.060   24.400   25.440   21.090   16.810
1970   18.290    8.410   17.340   19.600   22.010   26.100   22.700   22.080   21.870   21.540   19.670   16.210
1971   13.260    9.620   13.960   18.990   20.200   23.330   20.890   20.420   23.720   15.170   18.560   14.290
1972    6.830    7.840   15.710   16.690   23.410   21.320   26.530   20.050   18.320   21.610   18.540   19.280
1973   17.320   15.130   13.980   23.120   28.880   24.610   23.780   23.430   24.250   20.780   23.690   18.190
1974    9.870   11.550   13.620   14.740   18.510   23.820   27.310   24.200   21.210   18.510   23.230   19.420
1975   10.310   10.970   12.420   17.100   20.980   22.490   24.280   26.160   20.470   21.300   23.610   13.070
1976    9.520    9.550   15.040   18.910   21.670   26.670   24.960   19.760   16.110   25.230   15.960   20.180
1977   16.250   15.010   12.720   13.330   19.020   22.580   21.100   21.400   22.300   18.320   22.900   13.740
1978   13.860   14.210   14.280   16.610   19.410   21.910   22.220   21.590   16.900   20.320   20.210   15.410
1979   12.760    9.850   14.980   16.650   20.120   22.510   17.300   23.680   28.720   22.270   21.080   17.670
1980   11.880   12.940   11.170   20.520   24.030   26.960   24.640   25.270   21.700   22.280   21.150   14.850
1981   17.280   10.210   16.450   18.000   23.280   22.030   22.500   21.580   21.470   20.680   21.560   19.890
1982   13.260   13.710   15.430   11.230   19.320   23.520   25.150   19.130   20.950   23.280   21.980   14.460
1983   13.840   14.640   19.680   27.840   27.090   28.960   27.060   25.340   26.390   18.210   13.280    9.690
1984   10.490   11.300   18.660   19.550   29.010   25.910   20.000   20.780   21.560   24.660   22.610   18.150
1985   13.090   11.930   13.930   18.660   25.330   19.650   18.690   21.430   19.770   26.090   15.050   17.900
1986   15.190   13.110   16.160   21.430   22.890   27.260   20.570   23.880   19.670   18.120   21.840   14.660
1987   14.340    8.690   10.760   19.370   22.990   21.560   22.780   23.350   24.870   19.900   17.100   18.330
1988   19.720    8.340   15.100   22.450   23.200   24.270   23.880   31.350   20.820   24.860   18.430   14.810
1989    9.550    6.110   13.620   16.090   19.360   19.660   18.490   19.810   21.260   22.120   14.290   15.020
1990   12.310    8.810   13.470   21.960   22.990   21.600   18.340   20.810   20.590   19.160   21.080   19.880
1991   17.780   14.550   13.820   19.400   25.950   24.710   24.190   20.040   20.240   24.220   16.940   18.840
1992    8.820   13.440   11.140   19.800   28.890   25.130   22.290   18.450   18.260   19.610   13.270   16.740
1993    9.690    6.090   11.100   20.530   24.580   25.260   25.040   21.900   17.910   19.000   22.040   20.570
1994   12.420   13.640    9.890   22.330   24.360   25.090   22.060   19.820   23.230   26.630   18.540   13.050
1995   14.090   16.400   18.400   18.520   20.900   27.590   31.840   28.450   27.410   22.380   21.200   11.960
1996   14.630   17.090   13.850   20.200   19.380   24.540   19.880   21.170   17.770   18.020   17.330   17.460
1997   10.060   13.020    8.740   13.610   15.880   23.120   22.030   20.630   25.450   27.140   26.720   23.870
1998   21.400   21.760   24.290   22.800   25.910   23.660   21.960   21.840   21.800   15.840   15.770   13.130
1999   11.680    9.180   17.080   17.120   20.450   25.590   23.240   18.130   19.520   17.660   15.420   14.220
2000   12.070   15.410   16.050   17.380   19.600   22.050   20.850   21.410   20.250   18.430   21.650   16.890
2001   13.240    6.850   10.910   16.090   20.730   20.600   21.390   17.830   18.140   14.420   17.190    8.630
2002   14.270    9.750   15.890   21.130   21.380   25.560   17.720   19.230   23.130   24.090   25.510   17.700
2003   16.040   10.550   10.480   18.710   17.830   25.530   21.450   21.010   21.450   17.580   17.390   23.020
2004   10.820   11.780   12.310   17.630   19.170   21.600   17.220   18.820   24.570   19.280   19.140   19.100
2005   12.560    9.950   17.080   19.950   21.340   22.850   21.810   20.540   16.540   17.880   19.540   18.130
2006    9.790   10.260   15.180   14.470   16.410   20.690   21.280   18.910   17.310   17.130   18.420   19.580
2007   14.420   17.560   16.060   19.130   22.120   24.380   20.480   18.560   16.850   15.110   16.740   12.520
2008    9.760    6.720    9.950   17.830   17.710   24.550   23.520   25.770   19.030   21.250   16.540   11.080

