1948   21.120   16.520   23.350   25.330   33.830   24.190   29.690   36.500   27.680   42.630   21.450   20.110
1949   15.300   15.070   19.360   18.670   36.340   33.870   35.200   29.530   41.870   35.990   26.480   21.860
1950   15.480   25.270   24.750   28.880   30.680   34.400   36.080   41.120   30.820   27.510   29.220   19.550
1951   21.880   19.440   19.210   17.240   23.240   29.860   30.000   26.660   37.370   31.470   28.890   21.100
1952   21.000   17.030   16.320   19.180   28.650   35.130   34.320   32.580   25.150   35.860   16.880   24.600
1953   20.520   14.930   20.250   24.000   33.080   28.080   30.060   31.370   42.360   39.150   24.470   18.930
1954   22.560   22.680   16.240   20.740   25.670   33.580   39.300   33.050   31.950   34.940   24.440   18.780
1955   16.260   20.140   24.020   21.900   27.170   29.370   28.610   37.500   35.080   29.220   21.100   18.950
1956   17.700   18.150   21.450   23.280   26.430   32.220   22.440   35.250   40.250   32.720   17.950   14.460
1957   11.720   18.010   17.980   19.880   24.720   24.770   29.750   29.440   25.080   30.270   21.780   23.300
1958   20.140   22.180   20.930   19.110   26.470   36.340   22.440   31.240   29.600   22.030   21.120   18.070
1959   22.790   21.200   19.210   27.680   22.560   31.220   31.350   28.330   27.250   31.340   28.500   25.640
1960   24.190   18.880   16.470   15.400   22.260   30.740   30.070   27.320   30.830   23.230   23.670   18.490
1961   23.870   22.520   17.840   25.320   20.860   33.050   26.890   32.190   34.440   25.130   31.570   24.230
1962   23.220   21.430   16.690   24.460   28.590   27.670   25.040   29.750   33.380   28.530   23.140   19.730
1963   24.870   16.510   22.860   18.760   25.690   28.910   33.250   34.950   30.210   36.960   38.270   21.680
1964   15.550   27.710   19.970   28.790   22.750   37.000   28.290   29.300   31.560   23.830   19.720   23.750
1965   15.120   20.060   11.000   26.090   31.370   27.770   29.350   35.970   29.310   32.220   21.380   26.600
1966   20.260   21.570   23.700   27.640   14.560   34.840   29.890   31.920   30.870   35.490   28.700   27.940
1967   22.480   26.320   25.370   19.030   27.680   35.390   31.890   32.880   31.840   31.370   23.370   18.690
1968   21.080   18.560   27.470   17.790   16.520   34.970   27.790   28.250   30.380   35.850   21.400   23.650
1969   14.870   25.410   25.710   25.020   28.400   28.290   28.280   34.400   27.750   35.650   31.460   19.350
1970   24.090    8.840   17.970   17.630   27.320   34.300   27.770   31.360   31.180   30.880   27.770   19.730
1971   23.700   21.260   22.430   25.760   18.530   29.260   25.310   28.110   33.450   19.000   19.210   18.640
1972   15.050   14.800   23.530   16.690   24.440   28.250   31.730   31.760   26.660   33.760   33.180   23.300
1973   24.400   23.520   21.350   23.620   30.060   24.570   30.800   23.870   34.050   33.080   27.140   24.610
1974   16.360   24.340   18.960   14.690   24.410   26.750   32.620   22.750   32.160   18.510   29.240   21.540
1975   19.780   24.830   26.640   19.910   24.930   24.600   28.370   29.820   21.820   28.920   24.150   20.560
1976   17.840   22.170   24.440   18.250   23.150   34.210   30.220   25.250   23.140   30.290   17.760   24.300
1977   18.310   19.430   18.370   14.560   18.670   27.680   35.110   24.670   22.190   23.190   25.650   19.300
1978   21.430   20.800   22.400   17.130   20.480   28.120   24.960   21.080   27.520   27.540   26.460   14.780
1979   18.910   19.770   20.320   22.000   22.630   26.680   19.850   27.030   32.980   27.980   26.000   23.810
1980   16.240   14.710   16.770   24.420   24.930   29.860   27.440   28.500   19.350   31.530   25.690   14.830
1981   25.550   17.600   18.890   20.260   25.810   22.930   23.240   23.370   27.520   30.760   29.390   26.900
1982   16.930   19.470   18.770   13.450   19.060   26.380   33.580   25.890   28.670   35.610   34.420   15.520
1983   15.660   15.740   25.680   31.990   32.010   35.620   33.780   36.930   27.520   24.070   15.150   15.710
1984   17.910   17.860   24.290   21.580   34.970   33.350   31.170   27.630   30.500   30.470   31.920   22.380
1985   16.580   21.100   20.560   21.180   24.920   18.190   22.420   25.410   23.410   32.750   22.050   22.750
1986   23.360   15.070   20.130   20.940   22.660   25.660   17.670   27.910   30.030   22.910   28.650   18.900
1987   22.690   10.530   11.000   21.050   28.980   18.750   33.250   35.420   31.130   26.620   24.350   18.900
1988   26.560   13.740   17.030   25.950   28.370   30.600   29.540   42.620   32.420   26.240   20.410   20.110
1989   13.670   14.040   19.950   14.780   20.140   23.570   24.060   26.070   28.710   29.160   14.870   20.040
1990   20.810   15.770   21.940   24.620   24.640   15.910   22.960   22.220   26.750   30.140   29.900   27.020
1991   26.550   21.230   18.920   21.900   26.400   26.890   31.950   31.830   24.750   31.110   22.280   21.550
1992   15.930   16.610   12.350   23.630   35.560   32.270   28.900   22.330   18.180   26.750   20.310   23.740
1993   18.220    8.780   13.440   24.440   28.680   32.030   28.280   24.840   30.500   27.250   31.550   25.880
1994   17.960   21.020   13.760   23.510   26.280   28.000   31.350   30.070   26.660   33.340   21.790   16.270
1995   23.170   21.460   24.040   20.710   21.240   29.150   38.820   41.360   33.460   33.360   26.800   15.480
1996   22.310   26.010   17.160   23.410   22.260   26.250   28.410   32.920   24.150   29.540   20.170   26.710
1997   19.350   21.320   12.530   14.730   16.920   35.230   29.510   22.450   41.670   38.720   33.320   27.500
1998   26.420   25.440   27.580   24.490   25.890   28.650   27.870   28.390   29.110   18.080   25.950   18.520
1999   16.450   16.720   24.590   23.190   25.050   27.180   23.670   27.990   29.270   28.590   18.250   21.830
2000   23.220   21.640   23.430   21.260   32.310   30.190   18.900   31.160   28.910   27.330   26.150   19.940
2001   21.020   11.860   19.170   24.980   29.080   24.300   31.950   23.040   33.230   28.030   31.510    9.540
2002   21.090   22.120   22.290   29.880   28.640   30.610   21.740   26.660   30.240   31.750   30.610   23.460
2003   21.170   20.270   15.980   21.480   26.950   31.040   27.190   22.650   23.990   22.340   21.440   23.740
2004   16.250   19.090   21.550   23.980   18.480   22.990   23.260   27.660   28.970   26.680   23.710   23.530
2005   21.790   18.840   21.080   24.900   30.420   27.670   24.800   28.780   23.940   26.850   22.490   24.400
2006   15.690   17.090   28.030   20.370   18.050   26.700   33.720   27.720   29.850   30.080   28.080   24.410
2007   18.680   23.510   22.570   24.370   24.150   39.690   28.730   31.710   28.270   29.980   23.040   23.000
2008   22.040   18.380   22.700   16.910   21.610   28.950   34.220   36.670   30.470   31.930   20.700   21.050

