1948    2.240    3.040    8.550    9.470   15.990   16.160   17.070   17.560   12.790   11.110   10.450    4.330
1949    2.240    3.850    5.740    7.070   13.210   19.890   20.710   15.640   19.840   10.780    9.200    3.990
1950    4.740    4.610    3.910    8.850   16.200   19.510   22.870   22.430   15.190    7.650    3.350    4.750
1951    4.510   -0.410    4.350    8.930   20.640   20.660   20.240   19.370   20.990   13.120   11.340    7.270
1952    4.740    5.450    4.430   11.800   14.990   21.000   16.890   23.090   16.280   13.170    6.300   10.680
1953    7.590   -0.300    5.450   11.420   22.080   20.600   23.880   20.850   20.160   16.580    9.420    5.710
1954    6.010    2.700    4.810   12.550   19.500   22.800   21.280   20.170   16.090   12.410    1.350    5.250
1955    2.360    0.620    6.430   11.080   15.460   21.960   20.060   23.300   15.880   10.740   13.760   10.450
1956    8.050    2.210    5.620   10.030   15.150   16.770   14.230   19.060   16.040   12.740   10.760   11.140
1957    2.120    1.360    2.720   10.330   15.180   21.630   18.940   17.950   11.690   11.510    8.710    6.260
1958    2.320    3.820    4.670   10.530   15.130   17.270   15.650   18.240   10.950    8.170    5.730    5.090
1959    4.790    2.850    5.140   12.320   17.130   17.480   22.390   18.890   12.810   13.760    8.460    6.560
1960    2.430    0.770    3.120    8.820   11.100   16.970   18.080   15.260   11.290   10.100    9.990    7.590
1961    2.640    1.210    1.670   11.790   12.810   19.390   19.250   18.420   17.400    9.550    9.790    5.170
1962    3.880    3.770    3.380    8.760   12.990   16.350   16.090   14.780   13.680    9.720    8.510    5.830
1963    2.040   -2.020    4.630    9.360   12.660   17.010   14.300   17.620   12.580    8.310    9.800    2.780
1964    2.120    3.480    4.670   11.070   12.580   16.710   16.210   15.930   10.860    8.150    6.920    4.090
1965   -1.390    0.840    1.400    9.020   15.940   15.070   14.060   14.410   13.600   12.620    8.640    9.410
1966    4.750    6.480    6.710   12.140   13.680   17.580   20.020   18.350   14.390   13.840    8.660    8.650
1967    4.780    0.990    5.060    6.740   11.300   15.200   12.670   14.500   13.570    9.370    4.770    0.620
1968   -1.200   -1.660    2.250    5.570    7.560   12.310   16.120   12.570   14.140   10.450    5.630    6.970
1969    1.460    0.570    3.390   11.240   13.540   15.090   16.590   16.730   14.490   11.640    7.980    3.970
1970    4.110   -2.040    5.450    8.670   13.330   15.520   15.890   14.070   11.400    9.700    6.310    4.240
1971    2.320   -0.900    2.520    7.820   12.060   15.100   13.880   12.580   14.350    5.730    5.750    3.770
1972   -0.830   -0.290    3.840    5.820   13.040   13.700   17.260    9.670    9.860   10.590    5.350    3.910
1973    4.570    2.380    1.480   10.740   17.360   17.200   14.520   15.410   13.470    6.930    9.130    5.290
1974    0.700    0.350    2.920    5.620    9.590   13.380   16.810   16.100   10.380    8.490   10.120    7.210
1975    0.310    0.180    2.410    6.670   13.090   15.480   15.560   17.610   12.130    9.020   10.470    3.740
1976   -0.010   -1.970    3.330    9.380   11.520   16.820   16.100   11.040    7.720   13.340    6.850    8.220
1977    2.960    2.540    3.270    6.930   10.970   16.800   14.930   14.410   14.160   10.610   11.920    2.540
1978    2.810    1.460    3.570    6.780   12.280   14.940   14.550   14.710    6.640    9.280    7.870    3.300
1979    0.540   -0.680    3.290    6.700   11.560   14.120   12.160   16.530   20.200   11.650    9.340    5.930
1980    2.440    2.730    2.790   11.200   13.980   19.530   18.050   17.260   15.890   12.690   10.810    4.740
1981    3.940    0.100    5.420    9.010   14.290   15.520   15.820   14.590   14.120    9.470    7.890    6.710
1982    2.630    3.450    4.530    4.190   12.010   16.990   17.390   13.320   14.060   11.570    9.320    5.420
1983    4.130    5.170    7.450   15.580   17.340   21.070   19.240   15.950   17.790    8.790    6.210    2.190
1984    1.790    3.200    6.600   10.410   19.570   18.550   12.760   13.640   12.420   15.080    9.890    7.040
1985    2.430    1.290    5.040    7.980   16.820   14.080   12.460   14.150   11.310   14.520    5.440    5.370
1986    4.440    4.140    6.410   11.530   15.380   19.270   15.720   15.190   10.040    8.420   11.180    4.620
1987    3.370    0.970    2.620   10.020   13.490   16.960   14.500   14.080   15.510   10.870    4.430    9.150
1988    7.970    0.470    5.220   11.570   14.040   16.680   17.610   20.700   11.770   15.150    7.480    4.360
1989    1.430   -1.050    3.570    8.100   11.710   14.420   11.930   12.890   13.100   13.300    6.090    4.830
1990    3.260   -0.050    4.750   11.970   14.870   17.060   12.020   14.680   12.520    8.580    9.240    8.400
1991    4.330    4.510    5.010    9.720   15.750   17.510   15.100   11.430   12.930   15.090    6.720    9.190
1992   -0.710    3.170    4.320   10.950   17.690   18.450   15.070   13.530   13.720   10.860    4.510    4.830
1993    2.250   -0.680    3.260   11.050   15.280   16.040   16.910   14.080    8.960    9.600    9.240    7.710
1994    3.250    4.690    3.460   13.140   15.610   17.880   14.900   11.880   15.310   15.500    8.130    4.250
1995    3.670    4.510    7.360    8.420   12.350   18.840   23.020   19.130   18.440   10.300    8.480    2.110
1996    4.510    5.850    5.220    9.030   10.580   18.450   11.730   12.750   10.810    7.300    7.800    6.540
1997    1.400    2.850    1.050    6.840    9.630   14.670   15.280   14.320   12.680   15.020   14.670    9.970
1998    7.950    8.250    9.860   11.300   15.210   16.260   13.440   14.270   14.870    9.370    5.100    4.030
1999    3.410    1.100    5.590    7.000   11.010   17.160   16.470   11.610   11.560    7.160    4.360    3.000
2000    2.320    4.170    4.980    7.880   10.660   14.380   14.430   13.410   12.010    8.650    7.250    6.510
2001    2.990   -0.230    1.680    6.450   12.010   15.380   13.560   12.490    8.580    4.810    4.640    0.560
2002    3.880    0.350    6.290    9.630   13.820   17.410   12.080   12.590   14.280   12.810   12.910    6.070
2003    5.210    0.710    1.520    9.030    9.700   16.850   14.340   14.160   14.890    8.870    7.710   10.360
2004    0.690    1.580    2.690    9.600   11.680   14.660   13.020   13.300   15.110    8.930    7.540    7.270
2005    2.360   -0.940    5.330    9.890   13.000   14.510   14.130   12.470    9.700    7.630    8.310    5.140
2006    0.950    0.470    3.950    5.320    8.430   12.590   14.090   11.850    8.810    6.340    5.100    7.220
2007    4.340    6.040    5.400    8.900   13.260   16.440   13.360   10.850   10.660    6.410    5.850    1.680
2008   -0.050   -1.600    1.250    9.220    9.570   16.250   15.580   17.560   10.490    9.700    4.080   -0.020

