1948   -9.690   -8.480   -2.690    2.490   10.110    9.760    6.290    7.490    2.550   -0.660    1.130   -5.880
1949  -10.080   -9.260   -5.480    1.000    4.770    9.600   12.270    6.050   10.920   -1.710   -2.860   -6.040
1950   -6.950   -8.830   -4.890    2.020    6.670   10.310   13.400   11.760    6.710   -9.590   -9.180   -6.630
1951   -9.100  -10.860   -5.390    3.880   11.550   10.680    7.050   10.300    7.420   -3.060   -1.340   -2.440
1952   -5.320   -7.340   -3.780    3.490    2.240    9.800    7.820   13.610    9.900    0.100   -1.590   -1.220
1953   -7.760   -9.870   -3.180    2.970   12.480    9.900   15.080   10.950    8.940    2.470    0.850   -3.230
1954   -7.310   -8.320   -3.570    4.920   12.380   14.770   12.690   10.220    8.630   -0.760  -12.670   -8.020
1955  -11.040  -11.170   -6.180    1.950    7.240   15.290   11.570   15.030    3.270   -3.250    2.080   -2.580
1956   -7.560   -8.480   -4.620    1.620    3.780    9.140    8.260   12.070    3.580    2.820    4.280    0.440
1957   -6.680  -11.070   -7.020    2.910    8.260   16.750    9.790    6.270    7.460    0.670   -2.810   -6.180
1958  -12.210  -14.500   -7.400    0.530    7.720   11.200   10.370   12.870    4.490    1.080   -1.340   -4.780
1959   -9.790  -10.370   -6.900   -0.400    9.500    9.810   17.780   14.400    9.010    5.750    0.400   -4.350
1960  -11.410  -11.970   -6.610   -1.340    5.210   17.660   15.850    9.030    6.120    1.040    4.670   -2.680
1961  -14.570  -14.400  -10.900    0.210    7.250   14.910   15.250   14.330   11.920    0.110    2.220   -3.510
1962  -11.040   -9.980   -7.220    0.710    4.100   14.050   13.510    9.440   10.310   -0.240    3.690   -2.460
1963  -12.980  -15.490   -7.700    1.200    9.940   18.960   11.040    7.550    7.370    0.270    0.840   -4.430
1964  -11.580  -10.780   -7.580    2.190   10.660   12.940   12.500   10.240    4.570    1.700    1.700   -8.350
1965  -15.680  -13.340   -8.800   -1.450    9.180   14.140    9.530    6.820    9.120    2.680    2.360   -3.540
1966  -11.780  -12.000   -8.510    0.870    5.960   11.590   16.180   10.450    7.010    2.690    2.770   -4.980
1967  -10.870  -13.140   -8.110    0.670    7.210   10.190    9.440    9.610    6.300   -0.720   -1.840   -6.600
1968  -14.670  -14.070   -8.280    0.670    4.100   12.180   14.260    8.060   12.980    2.370    2.170   -4.450
1969  -12.200  -14.080   -9.510    1.470    7.520   10.600    9.720    7.710    5.460    3.940   -2.050   -4.920
1970  -12.250  -13.150   -6.580    4.100   11.140   12.290   14.860   12.220    7.400    4.620   -1.990   -7.050
1971  -14.390  -17.020  -10.860   -2.560    6.010    9.980   10.230    5.670    6.790   -1.950   -0.820   -7.310
1972  -14.520  -16.270  -10.690   -2.200    9.800   11.860   13.640   -0.610    3.210    3.550   -4.980   -6.820
1973  -12.520  -15.710   -9.830   -0.200   10.750   13.280    8.290    8.410    3.380   -3.570    1.850   -5.640
1974  -13.160  -16.000  -10.710   -0.180    7.010    7.970   13.890   11.760    1.410    0.290    2.050   -4.890
1975  -12.390  -13.530   -9.510   -1.610    8.830   10.480    8.830   10.460    5.730   -1.810    1.530   -4.890
1976  -13.060  -16.910   -9.430    0.240    6.200   12.950   12.970    7.090    0.930    5.400   -1.410   -4.360
1977  -14.310  -13.640   -7.190    2.590    7.500   17.570   13.060   10.120   10.720    6.200    1.530   -9.000
1978  -15.830  -15.580  -10.130    0.120    6.530   13.860   11.580    9.640   -1.560   -0.140    0.590   -7.870
1979  -15.670  -16.780  -10.850    0.330    9.280   10.220    7.600   10.710   16.490    0.300   -2.650   -6.420
1980  -13.990  -14.320   -7.740    0.300    5.760   14.280   13.700   11.200   12.080    5.720    0.260   -6.030
1981  -13.750  -16.880   -7.940    2.690    8.160   12.640   12.870   11.460    8.850    0.730   -1.290   -7.940
1982  -14.290  -14.450   -9.380    1.280    7.620   10.940   11.570    8.470    8.680    1.630   -1.740   -3.060
1983  -10.200  -10.800   -6.730    5.020    9.830   15.930   14.320    8.710    8.980    1.060    1.430   -7.120
1984  -12.410  -13.310   -7.090    5.160   15.830   16.310    8.450    8.720    5.740    9.170    1.870   -9.290
1985  -15.250  -15.430   -7.690   -3.120   10.390   13.350    9.290    7.210    2.940    1.940   -2.150   -6.140
1986  -11.110  -13.070   -7.640   -1.030    8.890   12.790   12.080    6.300    1.630   -1.210    2.450   -5.120
1987  -11.950  -13.930   -8.920    0.120    8.850   15.170   10.180    6.550    9.130    3.540   -7.780   -2.820
1988   -8.500  -13.030   -7.150    2.780    8.660   12.880   15.720   14.350    2.670    8.860   -2.540   -8.310
1989  -12.500  -14.270  -10.290    0.740    8.280   12.770    9.510    7.960    7.690   10.850   -2.740   -7.500
1990  -11.640  -14.780   -7.430    4.510   11.280   15.440    7.920   10.250    6.400   -0.680    0.560   -2.390
1991  -13.260  -12.850   -6.990    1.410    9.840   14.920    9.610    7.600   11.310   12.440   -2.240   -4.290
1992  -12.520  -10.210   -3.610    5.510   14.050   17.080   11.180   12.670   12.930    3.850   -6.320   -5.470
1993   -9.340  -12.490   -6.020    2.470    9.950   11.820    9.740    9.440   -0.450    3.770   -2.450   -6.980
1994  -13.050  -11.850   -4.050    6.070   11.860   14.410   13.520    8.680   12.540    7.700   -2.400   -6.410
1995  -12.760  -15.530   -6.480   -0.960    7.670   12.800   17.920   10.550   12.360   -1.200   -1.290   -7.610
1996  -11.760  -11.980   -7.170   -0.420    7.430   15.580    6.680    6.560    6.620    0.000   -0.030   -2.570
1997  -12.270  -12.800   -7.740    2.940    6.420   10.800   12.410    7.700    0.210    3.190    2.350   -8.010
1998  -13.720  -12.560   -7.190    0.690    7.590   11.500    9.430    9.910   12.940    4.980   -0.380   -3.130
1999  -10.810  -13.420   -8.210   -1.340    7.000   13.400   11.820    4.420    4.940    0.010   -5.750   -6.500
2000   -9.550  -11.720   -7.430    5.060    8.190   13.530   13.400    9.400    6.040    2.560   -7.620   -6.490
2001  -14.190  -15.130   -9.670    3.520   11.480   15.340    8.210   12.580    0.960   -2.630   -6.520   -8.750
2002  -12.380  -15.220   -8.910    1.340   10.010   11.540    5.540    5.210    5.150    1.830    2.010   -7.630
2003  -13.520  -15.580   -8.910    4.800    8.190   14.300   12.180   12.940   13.110    0.160   -3.360   -4.460
2004  -15.860  -15.280  -10.020    3.280    9.260   10.460    8.740    8.910    8.740   -3.520   -2.270   -2.490
2005  -10.600  -13.780  -10.070    4.210   10.660   12.270   10.530    5.940    4.440   -2.130   -2.950   -8.760
2006  -15.250  -15.780   -8.620   -3.160    2.930    7.810   10.300    7.450   -1.210   -7.830   -7.730   -5.180
2007   -9.660  -13.330   -9.110    0.250   11.410   14.840    5.650    5.070    7.120   -2.990   -5.420   -8.780
2008  -13.130  -15.250  -10.170    2.360    5.140   13.050   13.880   12.950    4.870    1.060   -6.490   -9.460

