1948   29.480   24.980   31.790   31.200   42.420   39.740   43.000   44.850   35.910   50.040   31.890   23.570
1949   16.000   19.670   25.860   27.430   42.630   46.590   46.000   38.370   51.230   44.040   38.860   29.360
1950   23.530   29.830   27.430   36.390   45.890   44.720   50.770   51.970   42.470   37.880   36.540   31.560
1951   28.160   19.020   26.090   28.760   36.490   40.050   46.950   41.050   53.830   41.680   38.770   30.560
1952   28.010   25.200   24.140   32.100   40.920   46.230   42.320   45.040   38.410   41.470   28.210   35.550
1953   27.710   15.540   26.780   32.870   46.620   40.790   40.490   42.190   51.840   49.010   35.580   28.920
1954   29.800   25.440   24.690   30.140   38.820   44.120   48.100   45.710   40.780   41.670   31.430   28.450
1955   24.220   22.540   31.570   29.000   35.740   42.360   41.100   51.490   45.120   38.210   34.600   30.140
1956   27.640   25.430   29.070   30.740   35.080   41.210   33.080   44.090   48.480   40.070   27.780   21.740
1957   16.890   20.540   21.000   25.680   31.340   33.920   40.880   39.140   29.380   38.650   27.430   28.770
1958   24.560   28.460   26.900   29.350   33.730   48.360   33.400   37.890   36.760   29.150   25.360   24.490
1959   29.800   24.770   26.380   35.100   28.880   37.080   41.770   35.020   32.990   38.820   32.790   29.430
1960   25.840   21.330   22.760   25.300   32.020   35.690   37.250   34.970   34.870   29.640   30.740   26.380
1961   27.120   26.210   21.380   32.260   27.390   37.670   35.720   35.490   40.450   30.570   34.870   27.480
1962   27.930   26.960   21.490   30.220   34.090   35.180   33.770   35.080   39.580   34.100   26.860   28.050
1963   26.640   19.310   28.190   28.190   31.960   34.930   39.590   42.410   33.250   37.920   40.050   27.010
1964   23.700   29.490   26.690   34.680   28.400   42.810   36.260   37.110   32.280   31.240   24.860   29.590
1965   22.230   22.870   15.660   32.410   38.900   33.510   34.620   38.210   36.800   43.440   28.630   34.280
1966   26.970   29.550   28.100   34.350   25.160   42.390   37.000   38.710   38.050   40.620   37.430   36.460
1967   30.540   25.230   30.750   24.530   32.480   44.130   35.530   36.360   36.450   33.190   27.450   21.130
1968   24.650   22.690   26.390   22.190   19.790   33.950   35.580   34.240   34.960   39.610   26.410   29.900
1969   18.260   24.760   27.530   34.450   37.190   36.010   34.640   39.510   34.370   41.420   35.010   25.270
1970   30.520   17.050   24.760   25.980   31.680   40.490   33.080   34.220   36.470   33.170   31.520   27.320
1971   23.890   22.040   26.540   30.020   26.670   34.000   30.360   30.980   35.590   23.530   26.910   24.620
1972   15.870   17.640   29.110   24.770   29.990   30.830   39.930   32.610   29.760   36.460   33.560   30.290
1973   27.370   27.060   25.700   31.250   41.390   31.460   34.270   31.650   39.000   37.690   36.880   31.880
1974   18.160   24.740   23.850   21.810   27.280   37.070   39.740   31.940   35.170   27.330   36.810   29.080
1975   21.970   23.590   25.400   25.130   29.230   30.640   35.470   37.460   29.690   34.180   35.300   22.950
1976   19.640   22.840   28.710   24.750   30.190   38.530   38.080   30.850   24.780   36.760   22.100   28.870
1977   26.410   28.180   22.880   18.770   23.030   31.670   34.100   30.530   29.340   27.220   33.580   23.330
1978   26.010   26.890   24.660   25.580   25.130   31.040   29.080   26.640   29.730   30.870   31.360   24.510
1979   24.690   22.130   27.050   25.640   25.770   33.020   23.690   31.230   39.510   32.210   33.880   27.990
1980   21.820   21.060   19.730   28.380   31.760   36.530   33.710   34.120   26.270   34.970   30.790   21.850
1981   30.010   20.320   26.770   24.440   31.600   27.960   30.480   28.960   29.280   33.940   35.680   33.770
1982   24.290   24.030   26.270   17.480   24.740   30.150   35.560   26.010   29.330   38.590   35.980   21.350
1983   19.510   21.360   30.330   39.600   36.960   39.780   38.130   39.620   35.670   29.120   18.810   17.930
1984   18.720   20.130   29.580   26.480   40.960   36.390   30.740   30.140   32.640   35.520   36.100   26.640
1985   23.050   22.660   23.860   27.620   32.150   23.320   24.510   30.120   29.300   37.480   25.290   29.080
1986   24.890   21.480   24.840   28.340   28.540   33.570   24.680   33.900   31.630   27.490   32.170   24.790
1987   24.960   14.910   17.250   26.540   32.510   24.920   36.370   37.260   39.430   30.600   29.750   24.440
1988   30.430   16.650   23.450   32.340   31.900   34.850   33.830   44.800   31.220   33.490   27.210   25.590
1989   18.960   15.270   24.280   22.210   27.570   27.750   26.540   27.460   32.570   32.120   20.560   24.370
1990   21.390   17.310   22.810   31.810   30.490   23.970   26.600   26.990   29.370   33.230   33.990   31.470
1991   31.370   26.420   23.010   27.110   34.340   32.000   35.830   32.240   27.990   35.520   27.380   26.080
1992   18.390   22.040   16.200   28.270   43.210   36.060   32.230   24.230   22.750   30.000   22.600   28.260
1993   18.250   13.770   18.010   30.090   35.990   36.350   33.640   30.310   30.570   29.490   36.400   32.570
1994   22.390   22.600   15.940   30.120   33.730   33.320   32.320   31.710   31.440   39.640   28.640   20.310
1995   25.160   28.260   29.360   27.200   27.870   36.350   44.700   43.510   37.510   37.730   33.420   21.180
1996   25.660   28.070   22.590   30.290   28.610   30.510   30.580   33.570   26.650   30.220   26.340   28.640
1997   20.720   25.150   17.230   19.440   22.860   38.340   34.070   27.500   44.620   44.390   40.010   35.790
1998   32.250   33.120   35.520   32.760   35.680   34.530   35.040   32.790   32.210   23.400   28.920   24.800
1999   20.230   21.040   28.860   26.430   30.470   34.930   31.950   28.270   31.850   32.340   25.320   28.280
2000   23.980   27.010   28.130   27.940   33.530   31.310   26.560   34.290   34.140   29.290   33.200   26.560
2001   24.510   15.860   21.640   27.120   32.120   28.900   34.450   24.680   33.030   28.990   33.300   16.230
2002   25.700   24.300   26.150   35.050   33.140   36.310   22.510   28.580   34.630   38.010   37.300   27.730
2003   27.230   21.300   19.700   27.520   28.950   36.580   29.370   28.560   31.480   27.700   26.360   34.430
2004   23.360   24.010   25.100   26.380   25.300   27.430   24.710   26.150   36.480   31.980   29.950   29.680
2005   24.470   22.440   28.480   30.460   35.270   35.040   33.570   31.710   25.970   31.320   31.630   31.980
2006   19.000   21.200   30.430   25.710   25.030   32.740   34.300   30.560   30.490   33.090   35.770   32.320
2007   24.360   31.120   27.770   31.500   32.060   42.600   30.210   31.580   28.960   29.400   29.450   27.070
2008   24.820   18.620   23.470   26.300   26.570   35.920   37.250   40.090   33.970   36.140   28.640   26.130

