1948  -21.210  -21.020  -11.900    3.520   26.210   25.980   15.600   12.840    6.620   -1.230  -11.490  -13.390
1949  -21.220  -20.840   -8.930   12.690   15.170   26.860   22.960   12.690   21.370   -3.210  -10.030  -14.110
1950  -20.860  -21.980  -12.690    2.990   17.250   31.360   26.270   23.960   13.920  -18.660  -17.930  -16.250
1951  -23.620  -23.360  -12.590    2.760   21.310   24.480   14.520   23.730   13.900   -4.490   -8.610  -10.590
1952  -19.170  -20.300  -12.830    4.450   12.170   22.140   18.760   19.630   17.760   -1.830   -7.610  -12.370
1953  -22.110  -22.740  -11.230    5.690   17.230   29.570   27.580   20.940   18.330   -2.660   -8.280  -13.820
1954  -21.840  -22.310  -11.540    5.920   25.040   29.580   30.470   19.770   18.830   -2.870  -21.370  -17.330
1955  -25.200  -25.100  -11.790    4.480   18.820   33.850   28.850   32.040    4.630   -8.110   -6.690  -12.970
1956  -20.760  -20.120   -9.550    5.880    0.200   26.410   22.690   25.890    3.120   -2.520   -2.650   -9.620
1957  -19.030  -22.670  -12.020    7.780   19.270   38.000   27.200   12.000   19.580   -1.320   -9.370  -13.500
1958  -24.080  -26.440  -11.850    8.160   20.370   27.450   16.250   24.600   15.700   -1.440   -5.350  -13.020
1959  -22.080  -22.780  -13.670   -2.410   20.710   30.080   42.350   42.940   21.940   11.150   -3.280  -12.500
1960  -27.320  -25.420  -10.340    0.920   12.890   26.050   28.000   22.510   13.700    3.040   -4.020  -13.140
1961  -28.550  -27.340  -16.350    2.870   22.430   37.490   42.410   30.950   22.800   -0.260   -2.900  -11.540
1962  -19.710  -19.570  -10.190    5.740   15.470   22.090   23.480   17.830   22.220   -1.490    1.050  -13.200
1963  -27.130  -29.410  -13.300    2.880   20.900   40.010   33.330   19.680   17.360    3.830   -7.580  -15.430
1964  -24.340  -21.840  -14.120    3.630   23.480   21.660   23.110   14.700    8.940   -1.820    1.400  -13.850
1965  -27.030  -25.320  -14.100   -0.710   17.500   29.900   28.920   14.880   18.740    2.060   -4.520  -14.970
1966  -24.010  -26.980  -15.650    3.880   19.720   36.950   41.190   28.450   19.600    1.470   -0.450  -11.340
1967  -21.950  -21.910  -10.430    9.280   23.290   19.200   23.910   22.270   11.090    5.230   -2.060  -16.770
1968  -29.730  -26.290  -13.750    0.270   14.460   29.130   33.830   25.150   20.750   -4.060   -5.960  -15.300
1969  -26.210  -27.030  -14.820    8.380   16.930   32.970   23.500   17.870   17.790    7.060   -5.200  -13.060
1970  -25.440  -25.110  -13.580    8.360   20.700   17.720   30.530   17.830   19.610   11.790   -8.380  -17.800
1971  -29.400  -29.280  -15.580    2.500   13.170   26.500   28.130   12.890   19.520   -1.920   -2.030  -15.610
1972  -27.180  -28.210  -15.450    2.990   22.390   26.630   23.150    6.550   17.690    1.520   -8.370  -15.470
1973  -26.840  -30.180  -14.690    3.890   22.260   33.240   21.460   11.270    5.290    0.630   -3.340  -11.630
1974  -23.170  -25.630  -14.500    3.850   18.660   18.270   31.500   23.180    5.450    2.950   -4.890  -13.640
1975  -26.040  -26.110  -16.290    2.690   29.450   33.600   24.760   18.500   18.310    3.370    2.300  -12.990
1976  -24.520  -26.280  -14.860    2.000   23.270   35.610   28.470   16.270    5.970    7.510   -3.930  -13.260
1977  -26.220  -20.480  -10.490    8.030   24.460   39.920   27.630   16.730   15.220    6.690   -6.080  -16.320
1978  -26.030  -24.710  -14.770    4.240   22.220   34.310   30.500   15.920    5.160    2.230    0.560  -13.720
1979  -29.680  -29.240  -14.100    4.420   21.590   30.300   20.360   19.500   26.370   -2.940  -10.450  -18.480
1980  -32.100  -31.180  -15.450    0.990   21.860   34.460   37.030   22.790   19.420   10.040   -5.710  -15.750
1981  -27.040  -31.180  -12.390    8.740   21.770   36.910   34.270   22.740   17.150   -0.160   -1.810  -18.840
1982  -32.590  -28.520  -13.060    7.600   25.170   32.740   26.990   18.820   21.240    6.630   -5.390  -13.340
1983  -24.370  -24.250  -10.070    7.460   26.450   38.110   30.840   19.510    4.730    7.880   -0.660  -18.180
1984  -28.390  -28.330  -15.890    9.730   31.410   39.440   24.990   14.670    9.000   15.940   -1.620  -23.660
1985  -35.440  -30.900  -16.520    1.580   26.070   36.290   22.950   14.270   14.140    9.620    2.010  -12.790
1986  -26.370  -26.230  -13.880    3.160   17.840   24.680   31.120   12.780   14.620    3.970    0.610  -13.710
1987  -26.990  -27.800  -13.340    3.420   25.020   38.880   34.500   23.720   21.830    9.580   -9.940  -15.100
1988  -21.960  -24.220  -11.590    5.840   23.460   36.380   35.240   18.590    2.360   11.780   -7.330  -19.000
1989  -25.760  -26.940  -13.580    7.340   26.910   40.900   35.690   26.350    8.740   14.840   -7.950  -21.300
1990  -28.910  -27.590  -10.840   10.470   28.050   42.010   26.180   20.780   22.770    4.100   -1.460  -12.670
1991  -27.840  -26.310  -12.000    2.870   24.430   32.370   22.430   20.100   23.630   19.660   -4.590  -16.810
1992  -26.570  -21.700   -7.020   12.690   29.560   33.350   19.450   20.200   23.630    7.860   -9.860  -16.270
1993  -22.880  -24.260   -9.730    6.480   25.930   34.300   22.290   18.160    5.460   17.100   -4.720  -19.000
1994  -29.190  -24.060   -8.360    9.190   28.290   33.810   31.060   17.220   22.050    9.100   -7.130  -18.620
1995  -29.250  -29.970  -12.210   -0.010   23.690   36.450   40.410   18.790   21.780   12.450    0.030  -16.380
1996  -25.880  -25.440  -13.030    2.150   25.660   34.370   11.730   16.960   15.660    8.330   -0.560  -12.840
1997  -26.650  -25.740   -9.930   11.700   24.350   35.140   28.920   10.950    6.280   14.410    2.450  -20.920
1998  -30.260  -27.500  -10.590    7.350   26.140   25.690   25.790   24.250   24.540   15.650    0.310  -13.990
1999  -24.860  -27.800  -14.580    6.890   24.210   32.170   27.160   13.340    7.810    7.350   -3.360  -12.440
2000  -21.310  -21.540   -8.860   13.920   24.690   33.890   34.760   18.810   12.820   15.040  -10.000  -20.410
2001  -30.420  -30.890  -13.770   11.090   28.100   42.250   33.630   34.890    3.560    4.790   -7.730  -18.200
2002  -29.300  -28.220  -14.700    4.880   23.130   18.630   11.070   18.350   10.760    2.560   -1.520  -17.810
2003  -30.080  -28.950  -12.840    8.940   25.180   34.280   34.830   29.190   23.460    8.410  -10.040  -20.750
2004  -33.310  -29.200  -15.480    6.910   30.230   34.140   32.300   19.330   18.740    3.990   -2.810  -12.740
2005  -23.630  -25.590  -13.470    9.270   19.830   26.960   23.040   10.050   10.400    3.450   -6.400  -21.940
2006  -33.070  -29.460  -13.150    3.220   24.310   33.790   31.600   20.390    3.520   -6.070   -9.310  -13.950
2007  -24.220  -26.990  -13.680    5.660   27.410   32.450   16.550   10.460   19.020    6.310  -10.170  -18.920
2008  -29.460  -30.920  -16.070    0.560   21.300   35.380   39.380   27.200   13.120   11.780   -9.880  -17.820
;see vmonthly10.txt
