1948    3.480    2.380    4.770    5.990    8.750    7.340    9.950   9.290    6.740    7.680    4.790    3.480
1949    4.450    3.520    3.340    2.630    7.210    7.060    8.270    5.780    8.020    4.120    3.620    2.010
1950    1.220    3.050    3.410    4.820    6.840    8.130    8.700    8.680    5.430    4.220    2.310    1.400
1951    1.640    1.690    1.330    1.990    6.860    7.870    6.860    6.950    8.370    4.450    4.330    2.390
1952    1.330    2.320    0.900    3.440    5.770    7.320    9.160    7.600    5.460    7.550    1.140    3.540
1953    2.650    1.380    2.480    3.370    6.940    5.320    7.810    7.660    8.930    5.600    2.960    1.130
1954    2.140    2.210    2.240    4.270    3.970   10.080    9.270    8.150    5.400    5.060    2.200    1.710
1955    1.340    2.090    4.540    3.590    5.760    7.900    5.950    6.180    6.230    4.480    2.120    3.280
1956    2.790    1.160    2.750    3.830    4.660    5.860    5.950    8.610   10.090    4.660    3.650    2.560
1957    1.140    2.510    2.810    3.640    6.410    6.780    7.040    8.080    5.650    5.940    3.790    4.600
1958    2.790    1.880    3.000    4.070    5.230    7.950    3.190    6.020    4.450    1.020    2.100    1.270
1959    3.150    2.910    2.330    6.340    5.380    6.800    8.570    6.850    6.340    5.480    4.650    3.470
1960    2.680    1.150    2.010    3.290    4.500   10.300    8.880    5.410    7.340    5.810    3.460    4.350
1961    4.240    3.070    3.770    5.040    6.350   10.910    8.840   11.270    9.890    5.910    6.650    3.690
1962    2.410    3.010    3.250    6.660    5.710    8.480    5.820    8.680    7.580    5.370    4.810    2.440
1963    3.110    1.310    3.770    3.830    7.010    9.750   10.120   11.720    9.100    7.640    6.870    3.570
1964    3.230    4.710    4.410    6.400    6.850   10.030    6.920    7.640    7.280    3.960    4.800    4.640
1965    1.520    3.130    2.540    6.410    7.770    8.470   11.060    9.480    6.160    5.960    3.880    3.930
1966    2.810    3.660    3.900    6.040    4.610   10.610    8.420    7.660    6.210    6.070    4.850    5.520
1967    1.940    2.220    3.560    4.390    8.960    8.140    9.360    9.730    8.430    7.780    4.050    4.010
1968    3.590    3.100    5.180    5.880    6.420   10.200    8.820    9.390    9.410    8.980    5.450    5.200
1969    3.450    4.660    5.760    6.610    9.210   10.430    9.090    7.980    8.130    8.270    6.680    3.420
1970    4.500    1.560    3.770    5.410    8.730    9.940    9.990    8.280    7.220    7.540    5.400    4.960
1971    3.740    1.920    4.630    5.240    5.100    8.830    7.280    6.080    6.620    3.350    2.630    3.800
1972    1.510    0.060    3.960    2.740    8.100    8.950    7.430    9.830    8.370    7.680    5.960    3.920
1973    4.710    4.190    4.660    6.430    7.840    6.950   10.020    3.230    6.120    5.520    3.770    2.710
1974    2.050    2.720    2.890    2.270    6.320    8.170    7.710    4.850    6.210    2.650    4.790    3.310
1975    2.750    3.770    4.220    4.740    6.990    7.520    7.060    5.670    3.870    4.380    4.160    2.850
1976    2.340    2.700    4.370    4.090    5.560    7.390    7.180    4.810    4.620    5.500    3.320    3.920
1977    3.380    1.910    3.260    2.410    4.380    7.420   11.750    4.970    5.270    4.950    3.910    2.710
1978    3.670    3.320    3.980    3.040    4.920    8.210   10.320    4.760    6.330    6.350    5.820    3.070
1979    1.360    1.320    2.470    2.510    4.160    3.270    4.950    5.370    4.840    4.620    4.010    4.570
1980    1.920    3.220    3.290    7.690    8.490    8.840    9.240    6.420    3.790    4.700    4.230    2.670
1981    2.940    1.560    2.740    3.870    8.390    6.740    5.680    6.550    6.490    4.330    4.320    2.980
1982   -0.530    0.600   -0.080    2.400    4.160    7.960    8.990    7.000    6.720    6.460    5.370    1.250
1983    2.000    2.100    3.180    5.160    6.330    7.800    7.260    7.300    4.120    3.070    1.440    1.970
1984    2.380    3.330    3.690    4.060    8.680    7.930    8.960    4.850    6.220    5.120    5.070    3.340
1985    2.070    2.440    3.670    3.180    5.600    5.930    6.190    4.230    5.090    7.570    3.390    2.860
1986    2.320    1.520    2.770    5.230    6.930    6.930    4.430    7.890    5.910    4.160    5.170    1.700
1987    2.510    0.710    0.840    2.780    5.710    3.820    9.760    8.030    5.830    4.530    3.630    3.100
1988    3.610    0.970    2.990    6.070    5.910    7.510    7.310   10.000    5.780    4.360    2.460    2.060
1989    0.870    0.800    2.380    2.730    4.150    6.030    7.260    7.650    4.480    4.150    2.780    2.260
1990    2.690    2.290    3.950    5.580    6.140    3.760    5.760    5.420    5.520    5.530    5.460    5.040
1991    3.690    1.180    2.390    5.280    7.620    7.570    8.740    7.020    5.680    5.270    4.150    4.790
1992    1.630    1.960    3.070    4.910   10.650   11.050    6.820    6.290    4.290    5.510    3.750    3.850
1993    3.390    0.980    2.550    6.020    8.790   10.400    6.810    6.660    5.930    5.660    5.410    4.480
1994    3.080    3.370    3.270    5.830    7.450    8.170    8.870    7.460    6.940    5.070    3.050    3.530
1995    4.120    2.890    3.920    5.270    3.890    9.690   11.250    9.630    6.970    5.650    3.860    1.580
1996    3.020    3.880    2.290    4.750    5.460    6.540    6.400    8.420    4.370    5.350    3.840    4.700
1997    1.690    2.120    0.510    3.190    4.380   10.760    7.890    5.910    9.620    7.140    4.600    3.840
1998    3.750    2.560    3.570    3.270    2.980    5.010    3.910    4.940    4.920    2.330    3.740    1.340
1999    0.350    0.840    2.470    2.590    3.910    7.170    4.470    8.040    7.420    4.140    1.190    1.300
2000    0.810    1.840    1.010    2.660    4.830    9.900    4.180    7.040    6.700    4.800    3.010    1.920
2001    1.830    0.330    1.700    3.390    6.330    4.420   10.220    7.910    5.720    4.840    3.770   -0.490
2002    0.700    0.670    2.610    3.890    6.560    6.270    4.730    6.890    5.860    7.360    4.680    2.460
2003    1.930    1.930    0.170    3.300    5.570    7.570    5.790    5.050    6.010    5.020    4.640    3.180
2004    0.300    0.550    2.320    3.720    1.640    5.710    6.810    7.050    6.480    5.800    3.560    3.050
2005    1.710    0.760    2.470    3.800    9.190   10.270    6.880    9.960    4.460    4.460    4.210    4.260
2006    1.040    1.570    4.130    2.640    3.820    8.120   10.380    7.790    7.270    6.660    3.710    4.730
2007    2.580    2.130    2.350    5.850    5.210    9.410    8.140    6.710    7.590    7.130    3.130    1.790
2008    0.940   -0.030    1.720    3.410    5.470    5.430    8.480    9.010    5.420    5.350    2.240    0.360

