1948    1.380    0.870    1.220    1.130    1.060    1.160    2.400    2.070    1.750    2.330    1.520    1.420
1949    1.260    0.730    0.130   -0.610   -0.250    0.360    1.340    0.800    1.090    0.460    0.860    0.680
1950    0.850    0.720    0.110   -0.040    0.530    0.420    0.590    1.310    0.520    0.770    0.570    0.570
1951    0.600    0.080   -0.140   -0.600    0.360    1.100    1.290    0.720    1.600    0.630    0.770    0.450
1952    0.790    0.500   -0.090    0.040    0.350    1.120    1.600    0.490    0.360    1.210    0.050    0.860
1953    1.220    0.350    0.190    0.180    0.640    0.110    0.510    0.720    1.610    1.410    0.550    0.320
1954    1.090    0.670    0.740    0.460    0.320    1.070    1.110    1.630    1.090    1.070    0.970    1.200
1955    1.060    0.780    0.640    0.120    0.160    1.120    1.160    1.220    1.140    0.580    0.220    1.410
1956    1.250   -0.130   -0.030   -0.030    0.320    0.060    1.140    1.250    2.460    0.630    0.770    0.880
1957    0.770    0.390   -0.260   -0.410    0.350    0.680    1.110    1.460    2.060    1.700    0.930    1.740
1958    1.100    0.050    0.010    0.350    0.340    0.750   -0.060    0.610    0.840   -0.450    0.360   -0.050
1959    0.440    0.220   -0.240    0.170    0.630    0.730    0.810    1.740    0.920    0.930    0.490    0.460
1960    0.660    0.490    0.030    0.290    0.510    2.020    2.070    1.780    2.120    2.160    1.150    1.480
1961    1.800    0.770    0.850    1.070    1.120    2.870    2.200    3.350    3.260    1.500    2.090    0.930
1962    0.740    0.280    0.580    0.960    0.430    2.490    0.910    2.310    2.090    1.780    1.510    0.460
1963    0.590   -0.080    0.360    0.930    1.050    2.160    2.610    3.300    3.120    1.560    1.630    0.340
1964    0.590    0.920    0.610    0.190    0.610    1.860    1.700    2.450    1.450    0.910    1.400    1.420
1965    0.850    0.940    0.470    1.130    1.290    1.400    2.980    2.790    2.070    1.970    0.980    0.780
1966    0.650    0.480    0.730    0.240    1.210    3.150    1.800    2.020    1.730    1.420    0.830    1.340
1967    1.040    0.130    0.840    0.910    1.780    2.430    3.050    3.410    3.270    2.330    1.210    1.640
1968    2.020    2.490    1.450    2.090    3.010    2.330    2.970    3.390    3.460    3.880    2.610    2.620
1969    1.730    2.000    1.860    2.570    2.810    3.880    2.470    1.970    3.380    2.550    2.520    1.780
1970    1.610    1.350    1.130    2.380    3.340    3.370    3.590    2.850    2.610    2.800    2.190    2.530
1971    2.060    0.700    1.300    1.090    1.320    2.650    1.880    1.460    1.270    0.880    1.200    1.850
1972    1.280    0.380    0.030    0.230    1.230    1.430    1.250    3.130    2.810    2.430    1.500    0.850
1973    1.920    1.330    0.940    1.520    1.770    1.950    1.580    0.880    1.170    2.090    0.670    1.190
1974    1.440    0.780    1.040    0.190    0.980    2.650    1.480    1.710    1.010    1.080    1.620    1.460
1975    1.260    1.590    0.440    1.060    0.890    1.280    1.780    1.070    0.940    1.170    1.980    1.580
1976    1.390    1.090    0.910    0.670    0.960    1.440    1.020    0.940    1.280    1.400    1.530    1.470
1977    1.310    0.640    0.820    0.780    0.820    1.550    3.270    1.380    1.090    1.020    1.110    0.380
1978    0.940    1.040    0.950    0.690    1.450    1.950    3.050    1.000    1.980    1.900    1.910    1.510
1979    0.190    0.300   -0.530   -0.480    0.130   -0.510    0.580    0.240    0.380    0.360    0.550    1.640
1980    2.100    2.120    0.880    2.340    2.320    2.460    3.280    2.020    2.000    1.160    1.560    1.740
1981    1.130    0.670    0.950    0.470    2.460    2.300    2.070    2.000    2.660    1.980    2.010    1.170
1982   -0.650   -0.060   -0.100   -0.630    0.130    0.810    1.050    0.790    0.790    1.310    0.610    0.030
1983    0.080    0.040   -0.240   -0.090    0.540    1.150    1.590    0.980    1.430    0.130    0.080    0.640
1984    0.810    0.740   -0.280    0.180    1.630    0.760    1.700    0.780    0.960    0.930    0.360    0.500
1985    0.750    0.110    1.000    0.120    0.370    0.230    1.070    1.120    0.930    1.590   -0.010    0.170
1986    0.420    0.310    0.250    0.750    1.640    0.630    0.380    1.040    0.670    0.990    0.890   -0.110
1987    0.450   -0.150    0.170   -0.310    0.610    0.470    2.020    1.280    1.590    1.550    0.970    1.220
1988    1.610    0.380    0.720    1.310    0.660    2.350    1.320    2.250    1.410    1.790    1.460    1.370
1989    0.630    0.660    0.660    0.540    0.560    1.490    1.730    2.430    1.550    0.890    1.200    1.290
1990    1.490    0.520    0.940    1.350    1.470    0.880    1.280    1.560    1.450    1.920    1.850    1.260
1991    1.000    0.490    0.860    1.370    1.710    1.810    2.170    1.220    1.290    1.180    1.340    2.780
1992    0.710    1.360    1.190    1.600    3.240    3.320    1.530    1.810    1.560    2.090    1.270    1.620
1993    1.690    0.940    1.120    1.300    2.720    2.450    1.300    1.940    2.080    1.560    2.010    2.020
1994    1.550    1.580    1.000    1.300    2.280    2.570    2.110    1.820    1.370    0.760    0.950    1.540
1995    1.540    1.160    1.040    1.770    0.790    2.800    3.630    2.620    1.840    2.030    1.000    0.660
1996    1.810    1.480    0.880    1.330    1.430    1.670    0.980    2.690    1.260    2.230    1.610    1.840
1997    0.930    0.420    0.310    1.720    1.160    3.700    2.750    2.110    2.900    3.050    1.870    2.340
1998    1.000    0.100    0.280    0.040    0.200    0.410    1.250    1.450    1.330   -0.520    0.850    0.750
1999    0.200    0.320    0.160   -0.400    0.440    0.660    0.760    1.340    0.790   -0.990   -0.340   -0.360
2000    0.720    0.700    0.270   -0.630   -0.620    2.030    0.260    0.460    0.910   -0.210    0.040    0.630
2001    0.720    0.320    0.100   -0.780    0.360    0.270    1.410    0.680   -0.130   -0.430   -0.420   -0.500
2002    0.430   -0.210    0.810    0.300    0.480    0.610    0.620    0.600    0.570    1.270    0.750    0.440
2003    0.370    1.080   -0.900   -0.590   -0.750    0.240    0.320   -0.230    0.670    0.270    1.210    1.020
2004    0.240   -0.870   -0.160    0.130   -1.130    0.640    0.880    0.240    0.780    1.420   -0.100    0.510
2005    0.510   -1.130   -0.130   -0.050    1.510    1.350    1.010    1.630    0.940    0.980    0.720   -0.070
2006    0.300    0.070    0.210   -1.120   -1.680    0.660    1.650    1.300    1.130    0.440   -0.340    0.420
2007   -0.040   -0.420   -0.650   -0.390   -0.090    1.550    1.430    1.090    0.820    0.510    0.030   -0.280
2008   -0.540   -0.470   -1.320   -0.180    0.010    0.240    0.860    1.610   -0.270    0.260    0.200   -0.450

