1948   -9.180   -9.390   -5.430    0.880   14.190   14.250    6.340    6.870    2.690   -1.710   -1.840   -5.980
1949  -10.020  -10.930   -6.250    5.290    7.440   13.370   13.790    6.290   12.970   -2.250   -2.440   -5.300
1950   -8.060   -9.600   -7.390    1.260    9.380   15.170   15.600   13.550    7.170  -11.540   -8.950   -6.840
1951   -9.590  -11.280   -6.940    3.830   13.760   12.910    6.870   11.320    7.210   -4.200   -1.270   -1.510
1952   -6.470   -8.270   -5.590    3.410    4.270   11.860    8.230   14.050   10.810   -1.060   -1.230   -3.160
1953   -8.830   -9.980   -4.690    3.990   13.310   13.910   17.720   11.610   10.360    1.170    0.750   -4.060
1954   -8.250   -9.020   -4.570    5.340   15.570   18.090   16.990   11.720   10.100   -1.620  -11.140   -7.190
1955   -9.230  -10.930   -7.480    1.800    9.120   20.520   14.800   19.750    1.290   -5.160    1.580   -4.900
1956   -8.210   -8.160   -5.330    1.870    0.700   13.460   10.310   15.580    1.910    2.720    3.420   -1.930
1957   -6.490  -10.570   -8.200    3.820    9.140   22.180   13.300    5.260   10.300    0.400   -3.900   -7.120
1958  -10.810  -13.540   -7.930    1.430   11.640   14.540    9.360   14.750    7.070    2.820   -0.600   -4.940
1959   -9.480  -10.660   -9.360   -2.910   12.550   14.070   23.770   22.690   12.310    7.700   -0.100   -5.860
1960  -10.410  -11.290   -7.370   -1.830    8.110   20.220   19.240   12.290    8.750    1.530    3.200   -5.090
1961  -12.390  -14.000  -12.250    0.090   10.480   20.280   22.670   18.920   16.070    0.750    1.890   -5.440
1962   -9.790  -10.450   -7.880    2.000    7.480   16.380   14.760    9.710   12.730   -0.420    5.710   -3.890
1963  -11.390  -14.820   -8.330    0.610   13.080   24.920   16.930    9.040    8.800    0.140    0.860   -5.630
1964  -10.940  -11.430   -9.840    1.840   14.470   15.350   15.430   10.460    5.940    2.400    3.810   -8.510
1965  -13.840  -12.940   -9.720   -1.490   12.240   19.030   14.050    7.120   12.200    3.540    2.570   -4.960
1966  -11.170  -13.000  -10.870    0.040    8.860   17.580   22.700   15.240   10.770    3.350    5.330   -6.440
1967  -10.410  -12.320   -9.490    3.280   12.050   12.300   11.750   12.820    7.370    0.870    0.300   -7.340
1968  -12.950  -13.830   -8.540    0.050    5.890   17.440   18.640   10.930   15.580    1.090    2.810   -5.730
1969  -12.150  -14.310  -10.160    2.010    9.010   15.920   11.210    7.780    7.280    6.300   -1.020   -5.910
1970  -10.920  -12.770   -7.910    4.570   13.410   12.500   17.810   11.670    8.740    7.030   -2.480   -7.950
1971  -13.580  -17.770  -11.780   -3.580    5.930   14.550   14.500    5.620    9.010   -1.420   -0.080   -8.670
1972  -12.610  -14.850  -11.310   -1.470   13.620   14.180   14.560   -2.750    4.050    4.090   -5.910   -7.200
1973  -11.360  -14.730  -10.130   -0.040   11.770   19.320   10.960    6.230    3.620   -2.800    3.710   -5.660
1974  -10.720  -13.430   -9.950    0.580   10.940    7.870   17.690   13.280    1.000    1.610    1.490   -6.350
1975  -11.710  -13.400  -11.320   -2.590   13.550   15.660   11.170   11.390    9.520   -0.800    3.720   -6.660
1976  -11.980  -14.550  -10.640   -0.520   10.580   19.980   16.770    8.770    1.190    7.370   -1.290   -5.570
1977  -12.810  -12.960   -8.760    2.600   11.790   23.550   17.230    9.990   11.360    6.800   -1.420  -10.420
1978  -13.550  -14.020  -10.680    0.000    9.370   19.610   17.120    9.990   -0.390    1.120    1.460   -8.920
1979  -13.780  -16.820  -12.580    1.220   11.370   15.000    9.640   11.450   18.240   -1.710   -4.690   -8.040
1980  -13.430  -15.730  -10.640   -1.500    8.680   19.830   20.710   13.270   13.300    7.550   -1.550   -7.570
1981  -12.160  -16.380  -10.150    3.440    9.990   20.480   18.530   14.920   10.520   -0.270   -0.700   -8.640
1982  -13.750  -15.080  -11.120    1.430   11.890   16.180   15.300   11.460   11.800    1.720   -3.630   -5.070
1983  -10.050  -11.270   -8.340    4.240   13.890   22.600   18.830   10.890    6.480    2.150    3.300   -8.040
1984  -11.910  -14.000   -9.950    5.630   19.450   22.260   12.160    8.660    4.350    9.520    0.520  -11.630
1985  -16.610  -17.630  -11.150   -4.200   13.650   20.190   13.000    7.480    3.690    2.350   -0.680   -7.370
1986  -12.100  -13.860   -9.870   -1.780   12.080   14.540   17.100    6.530    4.040    1.020    4.170   -7.610
1987  -12.780  -14.480   -9.760   -0.710   13.170   21.860   16.890   10.300   11.250    4.360   -8.950   -4.810
1988   -9.870  -13.100   -9.520    0.980   12.690   19.710   22.750   14.710    1.720   10.000   -4.080   -9.450
1989  -11.780  -13.760  -11.460    0.710   12.600   20.430   16.460   11.650    6.570   12.720   -3.670   -9.180
1990  -10.990  -14.250   -9.310    4.590   15.280   23.390   12.150   12.950   10.130    0.160    0.440   -4.790
1991  -11.860  -12.650   -8.910   -0.510   12.230   19.460   12.520    9.820   14.780   16.170   -2.200   -6.610
1992  -11.200  -10.730   -5.130    6.910   18.200   20.690   12.840   13.460   14.800    3.830   -7.980   -6.560
1993   -9.570  -11.690   -7.310    2.540   13.600   16.740   13.040   10.430   -1.560    7.530   -2.860   -8.070
1994  -11.340  -12.480   -5.730    6.010   15.880   19.180   18.240    9.710   14.290    7.810   -3.320   -8.030
1995  -10.990  -14.850   -8.950   -2.400   11.060   19.350   23.790   11.450   15.010    1.870    0.270   -8.810
1996  -11.400  -13.070   -9.040   -1.390   11.980   20.790    7.400    8.440    8.670    1.940   -0.250   -3.830
1997  -11.780  -13.860   -8.980    3.470   11.030   17.750   17.860    7.220   -0.600    5.270    4.900   -8.980
1998  -12.220  -12.240   -8.770    1.770   12.630   14.920   12.780   12.660   16.050    7.750    0.490   -3.670
1999  -11.180  -13.840  -10.290   -1.060   11.810   18.250   15.440    4.450    5.100    1.630   -4.420   -6.270
2000   -9.340  -11.710   -8.220    7.600   12.400   19.150   19.980   12.100    6.640    5.960   -8.560   -8.630
2001  -12.940  -15.980  -11.440    5.880   16.490   24.160   14.800   19.610    0.070   -2.730   -8.010   -8.590
2002  -11.250  -13.600  -10.880    1.690   13.270   13.470    6.660    6.330    6.230   -0.070    2.070   -8.040
2003  -12.080  -15.600  -10.120    5.550   13.940   20.660   18.710   17.400   15.930    1.200   -5.620   -6.870
2004  -14.060  -14.650  -11.930    3.440   15.270   16.010   15.360   12.670   10.420   -2.760   -1.060   -4.220
2005  -10.360  -12.830  -11.170    5.020   11.970   15.850   14.560    7.330    6.160   -1.990   -2.370   -9.590
2006  -13.920  -15.570  -10.250   -3.500    8.050   14.950   17.640   11.470   -1.760   -9.410   -8.740   -5.660
2007   -9.570  -12.780  -10.140    1.170   16.230   20.340    7.730    5.390    9.440   -1.460   -6.770   -9.300
2008  -12.270  -14.610  -11.300   -0.230    9.240   19.820   21.410   17.990    7.800    3.670   -7.580   -8.660
2009  -11.570  -16.140  -10.870    0.900 -999.999 -999.999 -999.999 
