1948   24.360   19.030   26.800   28.490   38.680   29.030   34.660   41.140   31.330   49.240   24.630   21.720
1949   16.250   16.460   21.770   21.460   41.140   39.640   40.200   34.380   47.960   41.790   30.800   25.130
1950   18.610   29.580   27.890   32.560   36.450   40.510   41.820   47.600   35.950   32.760   34.530   24.270
1951   25.770   21.530   22.770   21.280   26.410   33.070   36.480   30.960   44.600   36.660   32.960   23.980
1952   24.610   19.280   19.480   22.780   33.520   40.640   38.680   37.430   28.900   39.190   20.390   28.500
1953   23.630   16.380   22.880   28.210   38.560   32.490   33.660   36.150   48.080   45.780   28.780   22.600
1954   26.240   25.570   19.100   23.540   30.390   37.780   45.140   38.930   36.380   39.920   29.170   23.640
1955   20.400   22.490   27.160   25.400   31.340   34.010   32.930   44.900   41.040   33.950   25.620   22.200
1956   21.200   21.930   24.710   26.670   31.070   38.070   26.870   40.240   47.010   37.140   21.030   16.270
1957   13.480   19.640   19.520   22.240   27.580   27.610   35.150   33.610   28.340   35.180   24.900   26.240
1958   23.150   25.200   24.420   22.800   29.450   42.200   26.730   35.370   35.680   25.970   23.790   20.850
1959   26.000   24.220   22.910   31.520   24.480   35.420   35.750   32.060   31.130   35.650   32.530   29.270
1960   27.880   22.110   19.680   18.810   26.850   33.730   34.280   32.020   34.870   26.280   27.910   21.880
1961   27.220   26.500   19.880   29.990   23.580   36.780   30.480   35.050   38.880   28.800   35.570   27.590
1962   27.150   24.180   19.400   28.020   32.080   31.140   29.560   32.690   38.590   32.980   25.720   23.210
1963   27.090   19.470   26.280   22.110   28.970   32.430   38.050   40.040   33.140   41.000   42.420   24.830
1964   18.420   30.900   23.040   32.850   26.080   42.360   32.900   34.580   35.160   27.550   22.660   26.810
1965   19.030   23.020   12.980   29.440   35.440   30.990   32.500   39.640   34.570   38.610   24.870   29.950
1966   23.050   24.470   26.650   31.910   17.960   39.480   34.090   36.460   35.570   39.950   32.970   32.390
1967   26.600   28.540   28.770   21.680   31.530   41.930   36.650   36.950   35.910   35.230   26.060   20.130
1968   24.080   21.580   29.300   20.180   18.520   38.450   32.510   32.880   34.180   41.190   24.170   27.570
1969   16.790   27.040   28.080   29.930   33.140   32.410   32.380   38.940   31.660   40.310   36.000   23.150
1970   27.840   10.950   20.470   21.110   30.580   39.610   30.960   35.580   35.770   34.080   31.730   23.270
1971   26.250   23.910   25.980   28.870   21.750   33.070   28.660   32.520   37.710   22.340   22.600   21.810
1972   17.370   17.020   27.210   20.560   26.880   30.730   36.900   34.450   30.350   37.430   37.000   26.490
1973   26.270   26.200   23.840   26.820   34.910   27.690   34.020   28.190   38.970   37.520   31.650   28.930
1974   18.120   27.270   22.000   18.070   26.770   31.560   37.520   27.230   36.950   22.740   32.640   24.620
1975   22.960   27.130   29.770   22.580   27.700   27.890   32.430   34.300   25.950   33.090   29.050   23.670
1976   20.350   25.020   28.400   20.800   26.450   38.120   34.830   28.940   25.850   34.080   20.280   27.300
1977   20.980   23.690   21.130   16.650   20.320   30.950   38.180   28.670   25.670   26.040   29.830   21.550
1978   24.310   24.420   24.610   20.650   23.260   31.730   27.080   23.390   31.330   30.260   29.590   18.550
1979   22.580   23.380   24.310   24.830   24.530   31.670   22.730   29.880   37.550   31.550   30.860   26.550
1980   19.510   17.420   18.600   26.870   27.940   33.850   30.940   32.620   22.790   35.950   29.000   17.630
1981   29.030   20.590   22.790   23.090   29.120   25.910   27.000   27.650   30.350   35.030   34.660   32.020
1982   21.720   23.390   23.690   15.960   21.930   29.300   37.300   27.610   31.200   40.480   37.910   18.050
1983   17.530   18.020   29.030   37.200   35.800   39.550   38.330   42.060   32.210   27.750   17.410   18.060
1984   20.070   20.670   27.900   24.300   39.490   36.840   34.160   31.450   33.350   33.860   35.910   25.020
1985   19.280   23.400   23.430   24.780   28.300   20.640   24.690   29.660   27.300   36.100   24.980   25.930
1986   25.920   18.360   23.760   24.250   25.570   29.070   20.630   31.070   33.360   26.370   32.030   22.370
1987   25.540   12.850   13.840   24.360   32.760   21.460   37.870   39.590   36.240   30.260   28.420   21.510
1988   30.240   16.520   19.930   29.440   31.640   35.040   33.720   47.280   35.480   30.610   24.500   23.880
1989   17.420   16.560   23.280   18.080   24.410   27.560   27.070   28.360   33.270   33.170   17.830   23.280
1990   23.570   17.690   24.550   28.720   27.910   18.780   26.130   25.370   29.730   34.340   33.720   30.970
1991   30.880   25.570   21.930   24.780   30.030   29.850   35.470   35.300   27.690   35.290   24.920   24.070
1992   18.380   19.690   14.530   26.920   40.860   35.620   32.760   24.340   20.460   30.370   22.840   26.970
1993   20.020   11.420   16.250   27.800   32.720   34.920   31.500   28.520   34.450   30.420   36.110   30.220
1994   20.820   23.840   15.380   26.520   30.320   31.230   33.920   33.850   29.310   38.030   25.340   18.390
1995   25.590   25.950   28.030   24.070   24.850   32.410   43.530   46.410   37.810   38.270   31.090   17.970
1996   25.690   29.380   20.960   27.680   26.200   29.310   32.060   36.760   27.250   32.870   24.020   29.810
1997   22.150   25.350   15.640   17.030   20.070   40.410   33.680   25.400   48.080   44.890   38.430   31.850
1998   29.940   29.990   31.750   28.890   30.970   33.620   34.100   33.040   33.270   21.910   30.330   22.960
1999   20.070   20.290   28.120   26.980   28.820   31.390   28.310   31.180   32.970   33.150   22.560   26.410
2000   27.400   25.590   27.980   25.390   36.860   33.230   21.880   35.250   33.500   29.940   30.370   23.560
2001   24.810   14.870   22.360   27.900   32.950   27.620   35.990   24.720   37.530   32.200   35.300   12.650
2002   24.960   26.930   24.940   34.980   33.340   35.000   23.580   29.960   33.390   36.180   35.100   26.730
2003   25.340   23.130   19.000   24.900   30.230   34.660   29.970   26.030   27.880   25.710   23.890   28.930
2004   20.790   23.390   25.640   26.330   22.020   25.160   26.350   30.590   34.280   30.420   26.900   27.400
2005   25.250   22.730   24.920   28.760   34.500   31.290   29.130   32.440   27.370   31.670   27.760   28.650
2006   18.770   21.270   31.810   24.290   21.150   30.850   37.920   31.760   33.360   33.960   33.910   28.330
2007   22.270   29.230   26.830   28.920   28.340   46.150   31.980   35.920   32.760   33.280   26.900   28.180
2008   25.990   22.030   26.950   20.530   24.750   34.140   39.720   42.180   35.260   37.120   25.100   26.820

