1948   28.870   22.870   30.930   31.560   42.490   35.400   40.880   45.210   34.610   53.890   29.400   23.210
1949   16.930   18.440   24.660   25.250   44.580   45.010   45.020   38.870   52.660   45.970   36.010   29.050
1950   22.020   32.890   29.670   36.630   43.150   45.090   48.780   53.110   41.920   37.860   39.210   29.960
1951   29.440   22.260   26.320   26.050   31.250   36.910   43.590   36.770   52.960   41.550   37.310   27.870
1952   28.040   22.970   23.080   27.960   39.030   45.630   42.180   42.540   34.360   41.980   25.090   32.940
1953   26.600   17.140   26.180   32.040   44.510   37.170   37.370   41.710   53.280   51.140   33.870   26.830
1954   29.570   27.940   22.940   27.250   35.520   41.950   49.510   44.610   40.870   43.590   33.020   28.210
1955   24.040   23.570   31.030   28.580   35.210   39.100   37.640   51.140   46.050   38.050   31.230   26.930
1956   25.450   25.640   28.490   30.080   35.080   42.700   31.390   44.420   52.330   40.600   25.070   19.070
1957   15.980   21.430   21.180   24.700   30.400   30.860   40.400   37.480   30.730   39.840   27.550   29.060
1958   25.910   28.060   27.980   27.050   32.260   47.700   31.300   38.170   40.010   29.340   25.630   23.550
1959   29.720   26.170   26.510   34.920   26.920   38.560   40.550   35.200   34.070   39.480   35.200   31.840
1960   29.820   23.760   22.940   23.390   31.420   36.180   37.860   35.820   37.300   29.380   31.750   25.490
1961   29.540   28.750   22.010   33.530   26.350   39.170   34.410   36.980   42.210   31.910   37.580   29.700
1962   29.510   26.970   21.750   30.980   34.640   34.810   33.260   35.610   42.520   36.530   27.730   27.600
1963   28.460   21.830   29.200   26.380   31.920   35.160   41.350   44.560   35.400   42.980   43.970   27.490
1964   22.440   32.440   26.080   36.130   28.900   46.100   36.860   38.830   36.600   31.310   25.680   30.240
1965   23.230   25.270   15.300   32.610   39.030   33.450   35.680   41.750   38.400   44.090   28.530   33.640
1966   26.050   28.360   28.950   34.940   21.840   43.310   37.670   39.730   39.660   42.630   37.100   36.540
1967   30.740   29.220   31.340   24.310   34.170   46.670   39.590   39.220   38.570   37.500   28.430   21.970
1968   25.840   24.070   29.600   22.830   20.270   39.210   36.590   36.280   36.920   44.440   26.800   30.700
1969   18.370   27.290   29.310   34.330   37.350   36.450   35.790   42.030   35.510   43.750   38.870   26.300
1970   31.420   14.520   23.170   24.930   32.860   42.950   33.940   38.140   39.420   35.940   34.180   27.430
1971   27.000   25.190   28.860   31.350   25.280   35.760   31.630   34.500   39.430   25.000   25.740   24.690
1972   17.990   18.660   30.610   24.190   29.100   32.540   40.990   35.740   32.860   39.900   38.950   29.830
1973   28.440   28.230   26.640   30.070   40.020   30.620   36.330   31.630   42.550   40.850   36.400   32.760
1974   19.290   28.310   24.570   21.270   28.410   36.630   41.620   31.550   39.390   27.170   36.500   28.510
1975   24.730   27.700   30.760   25.290   30.050   30.850   36.190   38.210   29.600   35.890   34.580   25.630
1976   21.610   26.590   31.020   23.700   29.830   40.700   38.620   31.800   27.260   37.300   22.350   29.560
1977   24.760   28.530   23.280   18.680   22.010   33.070   39.030   31.400   28.640   28.300   33.720   23.670
1978   27.140   27.720   26.040   24.880   25.400   33.720   28.660   25.320   33.090   32.040   32.340   23.490
1979   25.960   25.730   28.340   27.030   26.260   34.630   24.620   32.160   41.100   34.030   35.050   29.450
1980   22.210   20.710   20.270   29.000   30.930   37.480   34.300   35.690   25.860   38.410   31.940   20.890
1981   31.830   22.210   26.500   25.010   32.340   28.300   30.410   30.650   31.780   37.820   38.180   35.940
1982   25.540   25.560   27.470   17.850   24.440   31.270   39.310   28.500   32.350   43.480   39.580   20.550
1983   19.260   20.640   31.740   40.950   38.670   42.280   40.880   44.840   36.360   30.880   19.540   19.550
1984   20.930   22.050   30.860   26.920   42.690   38.700   35.030   33.540   35.100   36.990   38.840   27.540
1985   23.000   24.790   25.670   27.780   31.580   23.100   26.100   32.260   30.610   38.970   26.990   29.160
1986   27.260   21.530   26.370   27.500   28.210   32.210   23.660   33.990   35.350   28.950   34.270   25.470
1987   27.500   15.130   16.780   26.750   35.220   23.840   41.230   41.510   41.060   32.850   31.600   24.060
1988   32.250   17.940   23.050   32.530   33.700   37.750   36.360   49.680   35.970   34.090   27.640   26.780
1989   20.460   17.500   25.870   21.530   28.220   30.550   28.730   29.520   35.700   35.240   21.000   26.140
1990   24.460   18.830   25.490   32.300   30.790   22.160   28.370   27.990   31.270   36.960   36.640   33.620
1991   33.670   28.550   24.470   27.250   33.550   32.550   37.630   36.590   29.580   37.900   27.990   26.800
1992   19.980   22.370   16.470   29.250   44.970   38.090   34.860   25.740   22.590   32.730   24.610   29.700
1993   20.910   14.160   18.510   30.790   36.260   37.490   34.090   31.310   35.840   32.440   39.710   33.710
1994   23.490   25.050   17.030   29.770   33.480   33.670   35.670   35.940   31.570   42.020   28.970   20.620
1995   27.400   29.400   30.900   27.290   27.860   35.660   46.970   48.640   40.220   40.870   34.640   20.920
1996   27.910   30.750   23.770   31.470   29.450   31.410   34.210   38.520   29.380   34.040   27.290   31.810
1997   23.550   27.640   18.230   19.520   22.970   43.530   36.420   27.730   51.120   48.870   42.160   36.120
1998   32.850   34.210   35.770   33.050   35.610   37.000   38.290   35.920   35.690   25.040   33.110   26.740
1999   22.720   22.840   30.760   29.020   31.830   35.130   32.490   32.600   34.960   36.490   26.620   30.830
2000   28.590   28.970   31.030   29.060   39.140   34.750   25.240   38.030   36.940   31.750   34.270   27.150
2001   27.290   16.960   24.240   29.550   35.180   30.080   38.430   25.740   38.740   34.210   37.650   16.050
2002   27.970   29.470   27.080   38.290   36.370   38.090   24.210   32.010   35.920   39.840   38.630   29.350
2003   28.810   24.550   21.610   27.970   31.920   37.710   31.270   29.300   31.160   28.740   26.400   34.390
2004   24.550   26.350   28.190   27.670   25.210   27.080   27.930   31.020   38.210   33.600   29.990   30.470
2005   27.420   25.310   28.630   31.670   37.810   35.280   33.660   34.790   29.420   34.890   32.860   33.140
2006   21.220   23.800   33.830   27.490   24.400   33.940   39.510   34.330   34.770   37.220   38.720   32.510
2007   25.260   33.350   29.990   32.550   31.990   48.850   33.890   37.440   34.690   34.890   30.540   31.460
2008   28.510   23.610   28.580   24.690   27.540   38.240   42.070   44.760   37.790   40.190   29.100   30.520

