1948    1.320    0.880    1.370    1.260    1.090    1.430    2.690    2.090    1.610    2.510    1.550    1.300
1949    1.330    0.450   -0.100   -0.500    0.030    0.650    1.580    0.800    1.130    0.250    0.550    0.510
1950    0.440    0.370   -0.150   -0.240    0.680    0.530    0.750    1.270    0.350    0.660    0.240    0.380
1951    0.310   -0.330   -0.270   -0.450    0.490    1.170    1.200    0.520    1.600    0.360    0.500    0.200
1952    0.490    0.130   -0.400   -0.190    0.460    1.060    1.760    0.340    0.110    1.000   -0.190    0.410
1953    0.690   -0.060    0.050    0.100    0.590   -0.030    0.460    0.780    1.710    1.240    0.150   -0.090
1954    0.800    0.400    0.750    0.310   -0.010    1.440    1.030    1.660    0.870    0.780    0.890    0.790
1955    0.790    0.600    0.630    0.130    0.140    1.270    1.140    1.270    0.980    0.390    0.030    1.160
1956    0.920   -0.270   -0.030    0.120    0.140    0.190    1.370    1.270    2.590    0.510    0.660    0.650
1957    0.610    0.230   -0.180   -0.490    0.380    0.600    1.360    1.520    2.120    1.810    1.220    1.900
1958    1.130    0.070    0.250    0.610    0.400    0.820   -0.110    0.560    0.810   -0.620    0.060   -0.270
1959    0.330   -0.040   -0.370    0.010    0.440    0.750    0.930    1.700    0.910    0.840    0.600    0.420
1960    0.570    0.470    0.010    0.230    0.550    2.340    2.400    1.630    2.360    2.340    0.860    1.410
1961    1.670    0.860    0.950    1.330    1.370    3.340    2.600    3.740    3.630    1.510    1.970    0.840
1962    0.670    0.310    0.720    1.210    0.420    2.760    1.090    2.470    2.070    1.860    1.540    0.230
1963    0.410   -0.050    0.160    0.830    1.030    2.490    2.990    3.830    3.470    1.800    1.660    0.330
1964    0.610    0.900    0.730    0.320    0.710    2.150    1.930    2.610    1.560    0.990    1.500    1.440
1965    0.650    0.790    0.620    1.300    1.340    1.760    3.470    2.940    2.190    2.100    0.910    0.500
1966    0.570    0.500    0.660    0.430    1.430    3.660    2.030    2.070    1.820    1.280    0.840    1.350
1967    0.680    0.160    0.940    1.210    2.130    2.650    3.400    3.700    3.590    2.500    1.150    1.730
1968    2.060    2.300    1.650    2.440    3.600    2.940    3.350    3.940    3.870    4.370    2.770    2.600
1969    1.820    1.980    2.200    2.880    3.180    4.390    2.780    2.060    3.620    2.710    2.830    1.970
1970    1.710    1.300    1.390    2.720    3.740    3.790    3.990    3.060    2.970    3.090    2.320    2.640
1971    2.080    0.650    1.460    1.150    1.530    3.080    2.050    1.460    1.350    1.160    0.950    1.750
1972    1.050    0.230    0.110    0.510    1.350    1.760    1.440    3.550    3.180    2.370    1.680    0.700
1973    1.790    1.280    0.970    1.680    1.950    1.810    1.830    0.590    1.150    2.130    0.630    0.970
1974    1.060    0.690    0.950    0.390    1.240    2.990    1.590    1.740    1.120    1.230    1.380    1.220
1975    1.020    1.400    0.480    1.170    1.080    1.520    1.930    1.090    0.950    1.090    1.830    1.290
1976    1.090    0.740    0.750    0.650    1.060    1.450    0.980    1.030    1.260    1.500    1.460    1.290
1977    1.160    0.300    0.910    0.590    0.610    1.520    3.590    1.370    1.120    0.860    0.850    0.250
1978    0.730    0.920    0.910    0.840    1.240    2.300    3.470    0.780    2.080    1.800    1.960    1.380
1979   -0.060    0.080   -0.550   -0.370   -0.150   -0.630    0.480    0.060    0.170    0.240    0.370    1.620
1980    1.910    1.990    0.900    2.660    2.560    2.690    3.470    2.000    1.940    1.120    1.370    1.600
1981    1.000    0.530    1.040    0.640    2.670    2.400    2.150    2.230    2.620    2.000    1.850    0.830
1982   -1.030   -0.380   -0.230   -0.620    0.020    0.940    1.070    0.790    0.890    1.080    0.370   -0.230
1983   -0.160   -0.270   -0.400   -0.050    0.640    1.320    1.940    1.100    1.430   -0.070   -0.120    0.580
1984    0.670    0.620    0.010    0.320    1.640    0.880    2.030    0.680    1.080    0.690    0.330    0.320
1985    0.600   -0.030    1.160   -0.040    0.400    0.430    1.310    1.010    0.810    1.540   -0.240    0.020
1986    0.180    0.260    0.240    0.960    1.700    0.840    0.450    1.390    0.560    0.990    0.810   -0.330
1987    0.480   -0.190    0.090   -0.140    0.670    0.330    2.640    1.390    1.610    1.490    0.750    0.990
1988    1.460    0.310    0.590    1.570    0.640    2.490    1.350    2.350    1.510    1.590    1.180    1.140
1989    0.450    0.440    0.510    0.650    0.600    1.650    1.750    2.390    1.500    0.740    1.000    1.050
1990    1.410    0.440    0.920    1.510    1.460    0.740    1.430    1.590    1.310    1.980    1.860    1.190
1991    0.760    0.340    0.980    1.370    1.920    2.070    2.420    1.320    1.380    1.200    1.280    2.820
1992    0.570    1.200    1.370    1.680    3.690    3.800    1.580    1.990    1.500    1.980    1.310    1.570
1993    1.480    0.800    1.150    1.500    2.950    2.860    1.420    2.070    2.160    1.750    1.930    1.920
1994    1.300    1.510    1.060    1.480    2.570    2.580    2.640    1.830    1.530    0.740    0.690    1.410
1995    1.360    1.130    1.170    1.990    0.770    3.090    4.140    2.810    1.870    2.080    1.080    0.570
1996    1.730    1.600    1.090    1.650    1.910    2.030    1.200    3.140    1.210    2.310    1.580    2.030
1997    0.730    0.570    0.580    1.850    1.540    4.100    3.050    2.510    3.350    3.320    1.790    2.520
1998    0.940    0.200    0.330    0.240    0.290    0.680    1.220    1.380    1.390    0.070    0.950    0.570
1999    0.090    0.210    0.130   -0.210    0.430    1.130    1.080    1.730    1.540   -0.510   -0.240   -0.370
2000    0.550    0.590    0.170   -0.060    0.220    2.970    0.710    1.290    1.570    0.280    0.210    0.720
2001    0.740    0.490    0.230   -0.400    0.800    0.710    2.180    1.480    0.560    0.340    0.000   -0.280
2002    0.650   -0.020    0.940    0.740    1.250    1.410    1.280    1.390    1.280    1.850    1.100    0.670
2003    0.530    1.340   -0.640   -0.100   -0.040    0.900    0.760    0.270    1.260    0.820    1.520    1.070
2004    0.180   -0.710    0.270    0.330   -0.600    1.190    1.430    0.960    1.320    1.810   -0.060    0.570
2005    0.430   -0.790    0.140    0.410    2.210    2.490    1.730    2.550    1.400    1.460    1.170    0.530
2006    0.480    0.380    0.580   -0.460   -0.720    1.650    2.660    2.160    2.040    1.370    0.450    0.910
2007    0.540    0.150   -0.080    0.550    0.750    2.600    2.170    1.620    1.850    1.560    0.810    0.420
2008    0.030    0.150   -0.600    0.810    0.860    0.830    1.750    2.300    0.590    1.050    0.860   -0.170

