1948   15.590   12.280   17.140   19.490   25.480   17.630   23.340   28.450   21.910   30.070   16.850   15.670
1949   12.610   12.570   15.170   13.740   26.990   24.810   26.960   21.550   31.170   25.490   19.350   15.240
1950    9.890   18.000   17.700   22.000   21.790   24.830   26.810   30.460   22.880   19.430   19.850   12.890
1951   14.750   13.630   12.660   11.080   18.790   23.370   20.720   20.700   27.320   22.570   20.860   15.180
1952   13.770   13.070   10.760   12.880   20.680   25.910   26.200   25.800   19.580   28.790   11.530   17.910
1953   14.500   10.170   14.220   16.970   24.410   20.600   24.000   23.980   32.080   27.910   17.390   12.590
1954   15.430   16.410   11.600   16.400   17.680   25.760   29.210   24.120   24.250   25.240   16.460   11.570
1955    9.600   12.790   18.580   16.150   20.510   21.980   20.950   25.080   24.910   20.500   14.360   14.010
1956   12.490   11.690   15.500   16.730   18.730   22.580   15.990   26.370   29.780   23.460   13.990   11.410
1957    8.280   14.260   13.830   15.750   19.030   20.300   21.860   22.630   19.230   21.930   15.980   17.280
1958   13.840   16.120   14.670   13.970   20.220   26.960   15.350   23.390   20.020   14.870   15.580   13.270
1959   17.270   15.420   12.630   21.930   18.300   23.380   24.140   21.650   21.170   23.420   20.920   17.980
1960   15.390   11.500   11.680   11.100   15.680   25.210   23.190   19.630   23.180   18.030   16.860   13.040
1961   16.620   14.460   13.270   18.060   15.790   26.010   21.380   25.690   26.170   18.900   23.370   17.190
1962   15.960   15.120   12.030   18.620   21.830   21.800   18.230   24.240   24.990   20.790   17.880   13.470
1963   17.520   10.330   16.480   14.070   20.320   22.500   24.710   26.970   24.340   28.910   28.610   15.770
1964   11.200   20.130   14.970   21.750   17.020   27.890   20.940   20.670   23.560   17.180   15.410   17.810
1965    9.160   13.830    8.290   20.190   24.190   21.730   23.890   28.060   21.040   22.640   15.950   20.070
1966   14.550   16.620   17.160   20.400   10.260   26.490   23.490   23.770   23.230   26.430   20.680   20.080
1967   14.650   18.490   18.080   13.220   21.430   24.670   23.880   24.470   24.440   24.450   17.030   14.630
1968   13.970   12.270   21.430   13.990   12.920   26.740   20.570   20.770   23.960   26.640   15.950   17.280
1969   10.750   18.860   19.570   17.800   20.730   21.900   21.600   25.660   21.950   27.080   23.740   13.440
1970   17.680    5.850   12.310   12.460   21.100   24.970   21.920   23.590   23.170   23.650   20.130   14.540
1971   16.520   13.840   15.740   19.200   13.700   22.660   19.730   20.470   24.430   13.380   13.120   12.980
1972    9.160    9.080   17.120   11.130   19.130   22.910   23.090   25.360   20.110   26.370   24.920   17.430
1973   18.610   16.760   15.970   17.520   22.680   19.340   24.640   16.520   24.630   23.310   18.820   16.720
1974   11.550   16.280   12.560   10.150   18.980   19.880   23.630   16.200   23.750   12.390   22.560   16.070
1975   12.640   17.540   19.710   15.240   19.820   18.710   21.220   21.360   15.260   20.890   17.200   13.660
1976   12.130   15.770   17.460   14.570   17.310   25.650   22.150   18.660   18.300   22.980   13.260   18.360
1977   13.530   12.300   12.650    9.990   14.800   21.230   28.500   16.990   16.410   18.010   18.100   14.020
1978   15.010   14.240   16.310   11.610   15.730   21.310   21.130   16.420   20.460   21.360   20.200   10.270
1979   11.480   12.310   13.460   15.520   17.420   17.460   14.820   20.430   23.690   21.250   18.240   17.220
1980   10.150   10.360   12.080   19.000   18.790   22.910   21.340   20.320   13.660   22.840   18.750   10.290
1981   18.020   10.870   12.860   14.700   19.670   17.650   16.150   16.560   20.860   21.560   20.320   16.970
1982    8.860   11.260   10.380    9.290   13.620   20.640   25.950   20.680   22.690   25.790   25.720   11.040
1983   12.050   11.350   18.220   22.840   24.400   27.270   24.550   26.620   19.180   17.240   10.960   11.010
1984   12.810   12.530   17.140   16.360   26.880   25.880   24.130   20.370   23.470   23.480   23.970   16.390
1985   11.380   15.100   14.610   14.780   18.550   14.220   16.910   17.560   16.620   25.460   16.300   16.290
1986   16.610    9.850   12.910   15.620   17.850   19.360   12.850   22.060   22.750   16.600   21.380   12.730
1987   15.660    6.520    6.810   14.060   21.190   14.280   25.320   27.220   22.950   19.820   17.050   14.300
1988   18.520    8.800   11.660   19.140   21.200   22.190   21.750   32.050   23.670   18.300   13.350   13.220
1989    7.500    8.740   13.350    9.550   13.630   16.150   18.300   20.410   19.500   20.790   10.490   13.410
1990   14.200   11.040   15.990   17.700   18.580   10.860   17.110   15.730   19.800   21.150   21.820   19.200
1991   18.140   12.680   12.620   15.960   19.610   20.320   24.570   23.470   17.970   22.340   16.520   15.930
1992   10.670   10.970    8.600   17.330   26.500   24.920   21.250   17.050   13.500   19.240   14.810   16.870
1993   13.160    4.770    9.160   18.250   21.770   25.670   21.130   18.050   21.690   20.110   22.560   18.240
1994   12.830   14.770   10.180   17.840   19.430   21.560   25.330   22.180   20.360   24.320   15.920   12.170
1995   17.080   14.230   16.560   15.010   14.580   22.940   29.360   30.380   24.460   23.590   18.670   11.070
1996   15.050   18.130   11.130   16.550   15.470   19.280   20.740   23.840   17.790   21.230   13.550   19.100
1997   12.790   13.510    7.330   10.260   11.930   26.320   21.490   16.740   29.990   26.610   22.730   19.310
1998   19.010   17.510   19.570   17.200   17.290   19.880   17.820   19.750   21.200   11.620   18.730   11.320
1999    9.750   10.320   16.700   15.970   17.330   19.620   16.800   20.690   22.290   19.940   12.140   14.770
2000   14.230   13.980   14.630   14.280   22.050   22.090   14.070   22.280   20.390   20.180   18.440   13.660
2001   13.400    6.460   12.490   17.620   21.410   18.080   23.750   18.130   23.190   19.470   23.390    5.370
2002   13.110   13.530   15.810   20.230   20.530   21.670   16.070   20.210   23.300   23.350   21.230   16.100
2003   14.000   13.850   10.080   15.540   19.940   23.630   20.350   16.760   17.640   16.240   16.350   16.290
2004    9.340   12.050   14.180   17.660   12.680   17.680   17.620   20.700   20.060   19.820   17.510   17.050
2005   13.960   11.990   14.750   18.320   23.180   22.200   17.470   22.880   17.350   18.540   15.230   17.690
2006   10.470   10.710   19.840   13.990   12.970   19.680   25.600   20.490   22.460   22.210   18.670   17.880
2007   12.500   14.310   15.190   17.260   17.290   28.220   22.790   23.840   20.630   22.930   16.530   13.610
2008   12.840   10.300   14.570   12.250   15.840   20.840   23.590   26.800   21.390   22.230   13.760   11.660

