1948   -4.100   -1.170   -0.820   -3.270   -7.510   -3.850    1.620    4.410    0.350   -3.500   -1.920   -7.250
1949   -4.440   -5.320   -4.450   -2.180  -16.750   -6.960   -4.110   -4.440   -5.580   -9.150   -3.740   -7.860
1950   -2.460   -7.310   -2.470  -11.730   -8.020   -5.060   -4.070   -8.170   -4.020   -9.410   -8.320    0.260
1951   -2.630   -3.140   -2.930    0.430    0.300   -3.520   -0.760    4.990   -3.970    0.780   -8.550   -9.010
1952   -4.630    0.820   -4.570    3.280   -9.050   -3.870    0.510   -3.220    0.810   -4.220   -3.450   -5.500
1953   -4.500   -8.780  -11.110   -7.700   -2.990   -5.930    4.850   -6.950  -11.260  -10.340   -3.510   -3.930
1954   -5.920   -7.540   -3.910   -0.140   -3.020    2.530   -4.230    2.820   -6.130   -2.880   -2.140    1.490
1955   -0.960  -10.660  -10.170   -8.720   -1.670    1.620    4.030   -5.230   -6.190   -4.470   -3.620   -3.250
1956   -1.440   -7.060   -8.610   -2.070   -1.510   -7.450   -0.390   -2.050  -13.070   -4.630   -4.500   -6.160
1957   -9.300  -11.220   -5.190   -4.930   -6.490    1.810    1.200   -2.030    2.040   -6.280   -1.270   -7.190
1958   -6.140   -5.390   -7.330    1.180   -3.010   -8.330   -9.690    6.830   -8.820   -5.020   -8.040   -6.400
1959   -4.590  -12.450   -2.950   -8.520    1.320   -4.270   -2.680   -1.840   -0.380  -10.640   -2.860   -2.070
1960   -8.130    3.490   -0.510    0.930   -1.110    5.750   -4.540    2.020   -3.170   -5.940    0.750   -4.710
1961   -4.800   -4.540    0.770   -2.410   -2.170   -6.690   -1.110   -3.700   -7.180   -4.670   -1.930   -3.420
1962   -3.640   -0.160   -0.700   -1.920    0.740   -3.970    3.690   -1.650   -5.410   -4.860   -7.540   -8.660
1963   -6.320   -1.900   -7.430    1.790   -5.840   -1.270   -9.220   -8.390   -6.800   -9.720   -7.650   -8.120
1964   -3.490   -4.770   -8.180   -4.370   -3.400   -3.190    0.660   -3.390   -2.260   -0.790   -4.640   -6.220
1965   -6.290    0.760    4.250   -4.890   -4.450   -4.690   -0.910   -6.320   -1.830   -6.080   -5.630   -9.380
1966   -1.430    0.370   -1.500   -6.670    0.220   -7.760   -0.810   -0.880   -0.800   -4.150   -7.860  -10.070
1967    4.620   -1.750    2.070    3.300  -11.130   -3.130   -7.780   -4.420   -8.580   -7.410   -0.080   -5.370
1968    1.850   -2.190   -9.310    0.190    0.970  -13.860   -3.600   -3.440   -1.870  -12.850  -11.930   -2.810
1969   -2.220  -10.180   -5.190   -1.820   -5.620   -2.900   -2.470    0.240    0.800   -0.460   -5.520   -0.240
1970  -10.260   -1.990   -6.860    1.740   -4.460   -3.310   -3.240    4.040   -0.700   -1.220   -1.580   -4.560
1971   -3.150   -6.670   -0.990    0.870    4.420    1.170   -0.460    1.380   -4.950    0.690    1.830   -5.840
1972    1.200    1.570   -6.050    1.510    1.720   -3.580   -3.600    3.080   -7.180   -1.870   -7.590   -4.740
1973   -3.280   -7.710   -1.470   -5.700   -2.270    0.490   -3.030    1.680   -9.100   -3.710   -0.200    1.540
1974    0.000   -3.180    3.430   -1.600   -0.930    0.740   -8.540   -0.250   -6.620   -0.410    1.530   -7.570
1975   -6.110   -8.420   -7.930   -2.320   -8.140   -7.420    0.670   -1.380   -6.820   -0.570   -1.860   -0.200
1976   -7.580    0.680   -1.770   -0.010    3.760    2.020   -3.290   -2.820   -2.430   -1.090    0.480   -1.410
1977   -6.720   -4.340   -5.420    5.110    6.900    2.990   -7.190   -3.310   -0.710   -6.000    1.190   -5.290
1978   -2.600   -2.630   -6.470    2.080    8.400   -3.040    2.170   -3.090    0.000   -0.490   -2.940   -2.700
1979  -10.330    3.520   -4.310    0.760    9.700   -8.430    0.160    7.490   -1.650   -6.010   -5.860  -14.300
1980    1.780    0.110   -4.030  -10.660   -3.740    1.830   -5.940   -1.450   -1.210  -12.910   -4.820   -3.680
1981   -5.350   -5.980   -2.930   -2.570   -5.320    5.560   -0.570   -4.030   -3.620   -9.150   -3.620   -0.610
1982    1.300    3.930   -2.590    3.300    0.710    1.130   -2.360   -1.250  -10.690   -4.540   -4.770   -3.530
1983   -3.740    2.070   -3.140   -4.380   -1.280   -3.520    1.420  -11.900   -6.230    1.510    2.680   -0.490
1984   -7.280   -7.710  -10.610   -1.210  -10.110  -11.330   -0.910   -1.810   -2.560  -11.630   -6.530   -2.640
1985   -2.750   -5.730   -0.190   -3.080   -2.300   -2.190   -3.540   -3.350   -5.510   -6.690  -10.430   -8.680
1986    0.320   -0.640    1.530   -5.360    1.040   -3.930   -3.060    0.480   -7.740   -3.180  -12.190   -3.110
1987   -5.300    0.120   -6.520   -0.780   -1.930    2.690   -7.950    1.300   -2.020   -3.900   -4.570    1.720
1988   -5.070    2.760   -5.530   -6.550    0.390   -0.570   -8.240   -3.640   -8.490    1.390   -0.530   -2.190
1989    0.780    1.210   -1.370   -4.530   -6.250   -1.520   -1.400   -1.820   -4.160   -2.210   -4.170   -7.670
1990   -3.200  -11.210   -6.610   -9.000    0.280    2.310    2.670   -2.580    2.700  -14.020  -11.860   -9.180
1991   -7.290    1.370   -1.860   -6.870   -4.870    1.030   -1.750  -11.210   -3.550   -6.270   -8.970   -9.360
1992   -8.840   -7.980   -1.210   -6.160   -2.380   -9.110   -4.210   -2.060    1.190   -4.570   -7.510  -12.200
1993   -8.380    3.420   -2.630   -7.030   -5.690    0.320   -1.900   -3.310   -4.300   -8.950   -5.600   -3.990
1994   -1.220   -0.330    3.690   -4.870   -4.090    3.060   -1.060   -7.800   -3.580   -7.700   -4.440   -6.620
1995   -4.200   -1.090   -3.870   -3.200    2.640    2.820   -8.110  -10.370   -7.570    3.550   -8.870   -6.310
1996   -3.200   -0.950   -0.310  -10.610   -0.710   -4.350   -0.680  -12.630   -2.730   -3.370   -7.500   -7.830
1997   -1.560   -9.890   -6.560    1.530   -5.590    1.940   -6.520   -4.220  -12.740  -10.560  -10.020   -7.350
1998   -2.350   -9.740   -3.980   -5.330   -1.160   -7.240   -3.860    0.820   -1.420   -3.630   -3.960    0.850
1999   -0.150   -2.510  -13.000   -4.920    2.550   -2.140   -5.210   -5.120   -2.980  -12.260    1.010   -5.970
2000   -6.230   -3.140   -0.570   -5.560   -5.030   -3.290    4.480   -5.940   -2.260   -7.910   -0.360   -9.090
2001   -4.200   -0.340   -6.620   -9.160   -4.170   -0.740   -2.150   -8.020  -13.730   -5.200   -4.240   -2.850
2002   -1.090    2.820   -8.980  -13.500   -9.080   -6.730   -2.550   -1.910   -0.260  -13.170   -7.430  -11.570
2003   -2.390    1.070   -4.040   -4.760   -3.390    0.010   -2.740    0.350   -1.550   -2.230   -0.310   -5.520
2004   -1.380   -1.940   -6.100   -7.430    6.290    1.620   -3.320  -13.740   -6.380   -2.330   -4.710    0.110
2005    0.890  -14.320   -7.870   -5.910   -3.540    1.240   -3.350    2.520   -3.630   -9.120   -6.610   -0.700
2006   -1.210   -0.410   -2.820   -2.310    1.640   -0.390   -3.100   -3.530    1.850   -9.550   -8.510   -6.190
2007  -10.510   -8.640  -10.210   -9.670   -6.030   -8.740    1.540   -7.810  -15.020   -8.870   -2.520   -5.350
2008   -4.540   -3.770   -5.220    0.450    0.530   -1.970   -5.870    3.790   -4.800   -7.320   -3.740   -6.460

