1948   -5.570   -2.180   -1.450   -4.250   -8.900   -5.450    0.360    4.120    0.150   -2.450   -2.380   -8.800
1949   -5.940   -7.970   -5.750   -2.270  -18.220   -7.700   -5.340   -5.290   -5.600   -9.720   -5.130   -9.680
1950   -3.650   -8.380   -2.350  -13.730  -10.170   -5.740   -4.000   -9.060   -3.990  -10.950  -10.480    0.610
1951   -2.140   -2.500   -2.930    0.300   -0.010   -4.550   -1.910    4.910   -4.860    0.010  -10.860  -11.020
1952   -5.100   -0.060   -5.340    3.020  -11.220   -3.730    0.170   -4.500    0.920   -5.850   -5.010   -8.160
1953   -6.050   -9.140  -12.290   -8.870   -3.560   -7.460    4.670   -6.020  -12.480  -11.820   -5.200   -4.980
1954   -8.350   -9.160   -5.530   -2.670   -4.000    1.630   -5.300    2.350   -6.590   -3.160   -2.330    1.110
1955   -2.000  -12.290  -12.890  -10.680   -2.900    0.440    3.240   -5.740   -7.650   -4.370   -3.860   -4.910
1956   -2.590   -8.490  -10.090   -3.350   -2.910   -8.630   -0.810   -1.500  -14.660   -5.420   -5.620   -7.950
1957  -13.010  -13.870   -6.010   -5.650   -6.710    1.170   -0.120   -3.650    1.740   -6.550   -1.970   -8.870
1958   -8.120   -5.840   -7.010    1.210   -2.890   -8.320   -9.310    5.770   -8.630   -5.570   -9.480   -7.930
1959   -6.450  -14.890   -3.570  -10.850   -0.510   -5.730   -4.170   -2.830   -0.930  -11.690   -3.940   -3.600
1960   -9.830    3.180   -1.320   -0.300   -1.720    5.550   -5.190    1.770   -2.500   -7.230   -1.210   -7.150
1961   -6.510   -6.760   -0.720   -3.500   -2.720   -8.310   -2.190   -3.630   -8.340   -4.950   -2.950   -5.230
1962   -5.160   -0.480   -0.930   -3.130    0.000   -5.390    2.860   -1.400   -4.230   -5.010   -8.550  -10.230
1963   -7.050   -1.440   -9.280    0.740   -7.240   -2.020  -10.200   -8.000   -7.040   -8.780   -7.980  -10.750
1964   -4.990   -6.450   -9.320   -5.100   -4.530   -4.230    1.120   -3.490   -1.440   -0.880   -6.500   -7.110
1965   -5.880   -0.050    4.540   -5.940   -5.620   -5.040   -0.920   -5.500   -1.180   -6.000   -5.850  -13.700
1966   -2.260   -1.360   -1.910   -7.080   -0.110   -8.920   -0.830   -1.120    0.150   -4.800   -7.770  -12.740
1967    4.080   -1.850    2.200    3.420  -12.600   -4.640   -7.630   -4.400   -9.800   -7.430   -0.040   -6.500
1968    1.120   -2.520   -9.590   -0.680    1.020  -13.850   -3.720   -2.990   -1.560  -13.210  -13.240   -4.700
1969   -3.710  -12.750   -6.400   -2.850   -6.650   -4.040   -2.830    0.430    0.620   -1.030   -5.980   -1.080
1970  -12.200   -3.620   -8.700    1.140   -5.260   -4.380   -3.630    3.750    0.540   -1.600   -1.490   -6.310
1971   -2.940   -7.480   -0.770    0.580    3.750    0.020   -0.880    1.640   -4.510    0.720    1.430   -7.970
1972    0.520    2.170   -6.630    1.560    1.880   -3.460   -4.060    3.640   -7.100   -2.180   -7.860   -6.300
1973   -3.540   -8.550   -1.610   -6.870   -3.470   -0.240   -3.590    1.530   -8.120   -3.440   -0.450    2.060
1974   -0.410   -2.590    3.530   -2.210   -1.570   -0.390   -8.310   -0.750   -6.710   -1.040    1.120   -8.970
1975   -5.740   -8.630   -8.250   -2.650   -8.700   -7.310    0.200   -1.370   -7.600   -0.800   -2.930   -0.220
1976  -10.330    0.780   -1.550   -0.550    3.860    2.600   -2.960   -2.900   -2.310   -0.890   -0.700   -1.820
1977   -7.650   -5.660   -6.630    4.590    7.020    2.360   -8.050   -4.320   -1.050   -6.350    0.870   -6.380
1978   -2.990   -4.380   -5.610    1.730    7.590   -3.120    1.970   -4.200   -0.100   -0.940   -3.890   -4.000
1979  -12.300    3.970   -4.920    1.590   10.190   -8.080    1.340    8.560   -0.860   -5.560   -6.820  -15.840
1980    2.410    0.000   -4.580  -11.100   -3.570    2.340   -6.390   -0.630   -0.860  -12.720   -5.160   -4.400
1981   -6.220   -6.990   -4.390   -3.490   -5.820    6.000    0.450   -2.830   -3.540   -8.600   -3.400   -1.410
1982    2.100    4.230   -2.960    3.290    1.430    2.050   -1.400   -0.090   -9.090   -4.200   -4.430   -3.310
1983   -4.810    1.960   -2.570   -3.680   -0.740   -3.050    2.710  -10.300   -5.220    3.650    3.000   -0.050
1984   -8.560  -10.040  -11.530   -1.080  -10.830  -11.080   -0.010   -0.840   -1.090  -11.550   -6.640   -2.300
1985   -3.180   -6.600   -0.180   -3.740   -2.280   -1.180   -2.590   -2.550   -5.340   -6.050  -11.520   -9.780
1986   -0.390   -0.710    1.120   -6.410    1.180   -4.670   -1.900    1.100   -6.390   -2.110  -12.570   -4.600
1987   -5.680    0.130   -6.750   -0.440   -1.680    2.810   -6.600    0.670   -1.310   -3.870   -4.500    1.240
1988   -6.450    2.930   -6.790   -7.110    0.540   -0.360   -7.710   -2.230   -7.570    1.350   -0.550   -2.710
1989    0.820    0.550   -1.660   -5.210   -6.600   -0.950   -1.200   -1.660   -3.050   -1.280   -5.220   -8.970
1990   -4.460  -13.000   -6.970   -9.710    0.490    2.810    2.740   -1.780    3.460  -13.950  -11.770  -10.280
1991   -8.400    1.030   -1.570   -7.680   -4.750    1.340   -0.860   -9.760   -1.850   -6.160   -9.720  -10.580
1992   -9.980   -9.150   -1.080   -5.820   -1.750   -8.240   -3.430   -1.310    1.650   -4.600   -7.640  -13.570
1993  -10.050    3.730   -2.770   -7.380   -5.410    1.700   -1.270   -2.010   -2.540   -8.390   -5.910   -4.140
1994   -1.220   -0.610    4.370   -4.930   -3.870    3.340    0.260   -6.740   -2.980   -7.440   -5.190   -8.830
1995   -5.050   -1.180   -4.380   -2.800    3.420    3.330   -7.430   -9.340   -6.810    5.210   -9.190   -6.970
1996   -3.300   -1.190    0.110  -11.060   -0.270   -3.570   -0.110  -11.240   -1.310   -2.980   -8.630   -8.140
1997   -2.370  -11.250   -7.520    1.920   -4.490    2.610   -5.200   -2.920  -11.790  -10.850  -10.040   -7.470
1998   -2.720  -10.430   -3.370   -4.930   -0.630   -7.070   -2.930    1.960   -0.240   -3.170   -4.280    0.360
1999   -0.100   -3.490  -14.470   -5.590    2.880   -1.740   -4.990   -4.460   -3.230  -11.970    0.050   -7.700
2000   -8.080   -3.840   -0.860   -5.890   -4.710   -2.580    4.520   -4.690   -2.160   -7.860   -0.690  -11.490
2001   -5.090   -1.540   -7.760   -9.590   -4.190   -1.250   -1.590   -6.760  -12.730   -5.210   -4.160   -3.840
2002   -1.020    2.700   -9.640  -14.650   -8.980   -6.850   -2.140   -1.140   -0.120  -14.160   -8.070  -11.800
2003   -3.370    1.160   -3.810   -5.270   -3.220    1.010   -1.720    0.870   -1.270   -1.330   -0.690   -7.000
2004   -2.470   -1.790   -6.460   -7.430    7.050    2.050   -2.380  -11.650   -5.520   -2.020   -4.910   -0.220
2005    0.250  -16.420   -8.810   -6.750   -3.590    2.750   -2.650    3.660   -3.360   -9.290   -8.620   -0.900
2006   -1.020   -0.310   -3.740   -2.370    2.130   -0.410   -1.920   -2.510    2.380  -10.050   -9.670   -7.600
2007  -11.360   -9.990  -10.690  -10.810   -6.600   -8.450    1.420   -7.220  -14.260   -8.760   -3.980   -6.370
2008   -5.050   -4.490   -5.390   -0.020    0.810   -2.370   -5.420    3.820   -4.420   -7.140   -4.020   -6.140

