1948   -1.530   -1.750   -2.060   -0.120    0.230    1.540    1.090    2.010    1.260   -1.060   -2.140   -1.030
1949   -1.880   -2.350   -1.350    1.790    2.160    2.120   -2.160    0.800   -1.200   -0.560   -0.700   -2.570
1950   -1.540   -2.650   -1.730   -0.070    0.570    1.790    0.640   -0.540    0.450   -1.590   -1.190   -1.580
1951   -2.380   -1.850   -2.030   -0.130    0.700    0.640    0.160   -1.180    2.520    0.160   -1.690   -0.560
1952   -1.540   -3.280   -0.880    0.800    0.770   -3.220    0.590   -0.280   -1.800   -0.870   -0.940   -3.200
1953   -2.880   -2.140   -2.100   -0.610   -0.120    2.410   -0.020    1.910   -1.680   -2.150   -2.330   -1.680
1954   -3.450   -2.820   -2.150   -1.100   -1.450    0.770    0.170    1.440   -0.060   -3.230   -1.800   -2.010
1955   -2.840   -2.010   -2.030   -0.740    0.100   -1.300    0.900   -0.300   -0.610   -2.030   -1.100   -2.290
1956   -3.640   -3.320   -2.740    0.330    2.250   -0.850   -0.340   -1.540   -1.510   -1.230   -0.400   -1.260
1957   -2.560   -1.360   -1.190    0.540   -0.980   -1.460    0.190   -0.030   -2.410   -3.020   -0.180   -2.320
1958   -2.310   -1.490   -1.690    0.900   -1.460   -0.450   -0.700   -2.640   -0.660   -0.490   -1.440   -3.140
1959   -2.850   -2.480   -2.460   -1.280   -1.580    1.730    2.240   -0.100   -0.230   -2.200   -1.460   -2.680
1960   -1.980   -1.130   -0.980    0.790    2.520   -2.630   -1.970   -0.520   -1.350   -1.020   -1.540   -3.100
1961   -1.980   -0.510   -1.290   -1.090    1.690   -0.300    1.270    2.230    0.090   -0.240   -0.730   -1.700
1962   -2.780   -2.830   -1.650    0.860    2.600   -1.370   -0.730   -1.210   -0.730   -1.480    1.120   -2.020
1963   -1.290    0.910   -2.070    1.410   -1.910   -1.340    0.900    1.930   -0.900    0.590   -0.960   -1.470
1964   -2.120   -2.260   -1.570    1.270    1.080   -0.500   -0.750   -1.910   -2.240   -0.420   -0.690   -2.300
1965   -0.620   -1.480   -1.610   -0.160   -1.440   -0.710   -1.920    0.020   -2.020   -1.940   -0.870   -3.250
1966   -2.750   -2.000   -1.690    0.630    1.440    2.080    0.300    0.220    0.430    0.000   -0.740   -1.710
1967   -2.550   -2.000   -1.900    0.550    1.090   -2.480    1.330   -0.840   -2.710    0.230   -1.340   -1.730
1968    0.590   -0.520   -1.640   -0.650    1.400    0.090    0.680    0.230   -1.740   -1.680   -0.400   -3.180
1969   -1.190   -1.710   -2.580   -0.660    0.330    0.030    0.780   -0.150   -0.580   -1.730   -1.040   -1.030
1970   -1.370   -0.320   -1.540    0.990   -0.230   -0.240   -2.120   -1.910    1.100   -1.160   -1.020   -2.730
1971   -0.650    0.710   -1.000    1.120   -0.340   -2.290   -0.500   -1.270   -2.430   -1.090   -0.570   -2.360
1972   -1.110   -0.930   -1.670    0.820    0.470   -1.700   -3.020    1.630   -0.290   -0.160   -0.810   -0.920
1973   -1.120    0.660   -0.280    0.600   -2.080   -3.320    0.070   -0.920   -2.490   -1.280   -0.700   -1.850
1974   -1.460   -1.160   -2.260    0.970    1.460    0.390   -0.420   -3.100   -0.210   -1.980   -0.960   -1.580
1975   -1.020   -1.010   -1.330    1.050   -1.210    0.050   -1.170   -1.190   -2.100   -0.110   -1.180   -2.250
1976   -1.640   -1.230   -1.650   -0.140    0.490   -0.450   -1.350    0.030    1.650   -2.530   -0.230   -1.620
1977   -0.730   -1.850   -1.550    0.840   -0.030   -0.950   -1.130   -0.950   -2.910   -1.200   -0.600   -1.400
1978   -1.600   -0.700   -0.990    1.470    2.780   -2.590   -1.460   -2.520   -1.040   -1.630   -0.260   -1.740
1979   -0.350    0.080    0.190    1.480    0.150   -0.840    1.160   -0.270   -3.530   -0.910   -1.670   -1.490
1980   -0.420   -0.690   -0.730    0.790   -0.980    0.030   -0.530    1.120   -0.260   -0.730   -2.220   -2.250
1981   -1.020    0.520   -0.590    1.990    1.720    1.110   -0.360   -0.640    0.590    0.240   -1.840   -2.670
1982   -0.330   -0.920   -0.610    1.390   -0.420   -0.330    0.320    0.600    0.320    3.240   -1.280   -1.440
1983   -1.390   -1.540   -1.160    1.170    1.140   -0.970    1.020    0.870   -0.480    1.370   -0.800   -1.950
1984   -1.730   -1.830    0.150    0.500   -0.450   -2.510    0.080   -0.560   -0.540   -0.650   -0.920   -2.200
1985    1.180    0.180   -1.480    0.470    0.030    1.090    0.060    1.720    1.110    1.730    1.040   -1.330
1986   -1.730   -1.340   -2.210   -0.070   -0.560   -0.010    1.580   -1.610    1.410    0.540   -1.230   -1.250
1987   -1.470    0.290   -1.250    0.020   -1.730    0.280    0.460   -0.910   -0.100   -0.010   -1.060   -2.290
1988   -2.470   -1.590   -0.020    1.520   -1.170   -1.450   -1.400   -1.580   -1.580   -1.980   -1.020   -1.870
1989   -2.020   -1.360   -0.760    0.440   -0.900   -0.380    0.280    0.860   -0.580   -1.440   -0.630   -1.880
1990   -1.860   -0.250   -0.680    0.120   -1.100   -0.540    1.290    0.420    1.390    1.770   -1.680   -1.630
1991   -1.100   -0.610   -1.090    0.650    1.000   -1.140   -0.620    0.180   -0.950   -3.650   -1.030   -3.050
1992   -1.210   -1.530   -1.160    0.380   -1.290   -4.040   -1.030   -1.780   -0.730   -0.380   -0.330   -1.600
1993   -1.390   -1.230   -0.300   -0.520   -0.750   -0.310    0.430    0.270    0.090    1.340   -1.130   -1.700
1994   -0.870   -1.420   -0.360    1.680   -0.520    0.280   -2.350   -0.610   -1.490   -1.750   -1.450   -1.290
1995   -0.640    0.180   -0.420    0.490    1.130    0.110   -2.780    2.010   -1.220    0.600   -0.630   -0.790
1996   -2.010   -1.800   -1.340    0.940    0.270   -1.480    0.020    0.350   -1.750    0.200   -1.200   -2.480
1997   -2.010   -1.540   -0.560    0.150   -1.090   -0.590    0.150   -0.540    1.930    0.830    0.190   -2.350
1998   -1.030   -1.100   -0.810    0.880    0.330    0.020   -0.960   -0.810   -3.280   -0.070   -1.530   -2.750
1999   -2.660   -2.080   -0.880    0.910   -0.570   -0.730   -0.410    1.190   -0.390    0.810   -0.430   -2.290
2000   -2.730   -2.250   -1.280    0.810   -1.350   -2.670   -1.280    0.410    0.450    1.850   -0.110   -2.540
2001   -1.210    0.170   -0.280    0.170   -3.610   -2.140   -0.750   -0.580    1.170    2.290   -0.450   -2.000
2002   -1.600   -0.720   -1.060   -0.540   -1.000   -1.120    0.150    0.850   -1.360    1.170   -0.820   -2.080
2003   -0.170    0.310   -0.880    0.410   -0.090    0.190    0.140   -0.730   -2.680    0.810   -1.200   -3.000
2004    1.430    0.480   -0.280    0.500   -1.220   -0.530    0.480   -0.590    0.270    1.920    0.200   -1.570
2005   -2.510   -0.880   -1.160    0.230   -0.320   -2.500   -0.750   -0.970   -1.430    2.370   -0.590   -1.910
2006    0.600    0.760   -0.470    2.310    0.070    0.920    1.540    2.170    2.450    1.920   -0.640   -2.270
2007   -1.030   -1.300   -1.320   -0.230    0.230   -0.130    2.120   -0.540    0.440    1.520   -2.030   -1.980
2008   -0.540    0.540   -1.310   -0.730    0.500   -0.340    1.440   -0.460    0.480    1.520   -1.030   -1.730

