1948   -3.060   -0.320   -1.850   -3.160   -4.210   -1.320    1.250    2.600   -0.770   -4.540   -3.570   -4.570
1949   -3.530   -1.400   -1.850   -1.860  -10.070   -4.580   -3.200   -3.640   -4.370   -5.500   -2.110   -2.520
1950   -0.120   -2.430   -0.840   -4.230   -3.100   -3.920   -4.430   -3.760   -3.750   -4.070   -4.160   -1.480
1951   -0.780   -0.860   -0.770   -0.960   -1.710   -2.900    1.180    2.130   -2.960    0.400   -3.210   -4.010
1952   -2.490    2.000   -0.280    1.880   -2.600   -2.970   -0.850   -1.690   -0.550   -2.920   -0.750   -0.590
1953   -0.250   -2.360   -3.740   -3.260   -2.520   -3.940    1.450   -6.370   -7.150   -5.370   -1.270   -0.520
1954   -2.660   -1.370   -0.080    1.160   -0.580    0.130   -1.720    0.990   -3.580   -3.020   -3.620   -0.140
1955   -0.450   -2.390   -2.600   -3.500   -0.700    0.940    3.380   -2.730   -3.120   -4.890   -3.530   -1.650
1956    0.740   -1.750   -3.820   -1.220    0.900   -3.510   -0.940   -4.250   -7.140   -4.340   -4.490   -3.720
1957   -2.070   -5.860   -3.750   -3.930   -5.620    0.460    0.450   -1.110   -0.160   -5.910   -3.060   -4.380
1958   -3.280   -2.760   -6.020   -1.730   -3.420   -6.300   -7.320    2.240   -9.280   -3.660   -4.700   -4.330
1959   -2.130   -5.270   -1.760   -4.930    1.090   -3.330   -2.150   -1.490   -2.040   -6.770   -3.790   -0.830
1960   -2.550   -1.290   -2.150    0.550   -1.240    1.190   -4.750   -0.810   -3.770   -5.610    0.730   -0.810
1961   -0.760   -2.790   -0.020   -1.480   -2.370   -3.990   -0.820   -4.550   -2.900   -4.260   -3.370   -2.000
1962   -1.100   -0.420   -2.180   -2.180    0.020   -2.210    1.120   -1.970   -5.150   -3.730   -6.660   -4.670
1963   -3.110   -3.200   -2.990    0.900   -3.650   -1.300   -5.650   -5.090   -4.650   -8.310   -5.570   -2.890
1964   -1.950   -1.730   -3.580   -4.670   -2.900   -0.190   -0.800   -3.090   -3.290   -2.700   -2.790   -2.710
1965   -1.000    0.840    2.310   -3.140   -2.170   -4.760   -1.610   -6.230   -2.960   -5.690   -4.590   -2.320
1966   -1.730    0.610   -1.590   -6.100   -0.050   -5.060   -1.130   -0.820   -2.420   -3.090   -7.470   -4.410
1967    1.400   -0.720    0.560    0.590   -8.250    0.130   -5.750   -2.080   -4.130   -5.550   -1.330   -1.330
1968    1.430    0.470   -5.400   -0.350   -0.520   -9.340   -4.400   -4.680   -2.610   -9.000   -7.140   -1.370
1969   -0.440   -3.560   -3.550   -2.760   -3.790   -2.940   -1.930   -1.150    0.130   -1.920   -5.040   -1.030
1970   -6.850    1.850   -2.960    0.960   -3.330   -1.310   -3.410    0.660   -4.010   -3.310   -2.560   -1.790
1971   -1.320   -1.780   -0.280   -0.170    1.750    0.470   -1.250   -0.870   -5.600   -1.930    0.910   -1.960
1972    1.670    1.910   -3.320    0.030   -0.440   -4.480   -3.090    0.200   -7.170   -3.240   -6.640   -1.690
1973   -2.850   -4.010   -0.910   -3.530   -1.760    0.480   -2.140    0.160   -5.820   -5.370   -1.770   -0.160
1974   -0.570   -2.240    0.810   -0.620   -2.020   -0.780   -4.960    0.300   -4.830   -1.220   -0.160   -4.020
1975   -0.520   -2.370   -3.730   -1.450   -6.230   -7.170    0.110   -1.650   -4.620   -1.850   -1.070   -0.370
1976   -1.300   -0.670   -1.030    0.000   -0.850    0.920   -3.350   -3.370   -4.440   -3.850   -2.330   -1.970
1977   -2.690   -1.350   -2.250    1.400    2.900    0.380   -3.470   -2.070   -2.010   -4.840   -0.200   -1.380
1978    0.200    0.080   -3.940    0.170    4.250   -4.640    0.050   -2.530   -2.980   -1.160   -1.490   -1.660
1979   -1.750    0.430   -2.690   -1.800    4.770   -4.820   -2.060    2.690   -1.320   -3.430   -3.050   -5.800
1980    0.080    0.250   -1.440   -6.150   -3.120    0.250   -2.900   -2.120   -2.600   -8.940   -3.680   -1.050
1981   -2.500   -1.840   -0.950   -1.850   -4.880    2.370   -1.470   -5.670   -2.440   -7.530   -3.930   -0.560
1982   -0.610    0.140   -0.890    1.460   -1.890   -0.720   -2.230   -2.690   -9.140   -2.190   -4.210   -1.640
1983   -2.380    2.090   -3.500   -4.150   -2.760   -3.240   -1.700   -8.850   -4.550   -3.170    0.050   -1.210
1984   -1.920   -2.780   -5.460    0.030   -5.630   -7.170   -1.940   -2.120   -5.130   -8.290   -5.510   -1.490
1985   -1.900   -2.170   -0.970   -0.680   -1.170   -3.860   -4.150   -3.270   -4.710   -5.930   -5.010   -4.640
1986   -0.440   -1.310   -0.370   -3.610   -0.370   -2.860   -2.670   -2.560   -7.480   -5.000   -8.830   -0.550
1987   -1.730   -0.330   -3.280   -2.080   -2.430    1.440   -8.540   -0.390   -2.780   -4.280   -3.210    0.690
1988   -2.880    0.780   -2.690   -2.850    0.110    0.380   -6.170   -3.420   -7.210   -0.730   -2.080   -2.660
1989   -0.430    1.540   -1.010   -2.320   -3.400   -2.010   -2.150   -1.510   -4.400   -3.320   -2.630   -4.060
1990   -1.390   -3.210   -2.900   -4.380    0.390    0.190    0.980   -3.420    0.580   -8.970   -7.890   -4.760
1991   -2.120    0.210   -2.450   -4.130   -4.120   -0.600   -1.720   -9.090   -4.700   -4.710   -6.270   -5.590
1992   -2.780   -3.770   -1.950   -4.900   -4.230   -8.150   -4.020   -3.500   -1.000   -3.410   -5.460   -5.990
1993   -1.960    1.690   -2.250   -4.010   -4.590   -1.590   -0.900   -4.030   -4.830   -7.820   -4.360   -3.030
1994   -1.640   -1.160    0.990   -3.950   -3.510    1.400   -3.790   -6.170   -4.190   -6.650   -3.210   -3.510
1995   -1.640   -2.810   -1.720   -3.260    0.110    1.380   -5.540   -6.310   -6.570   -1.570   -7.380   -3.880
1996   -2.840   -1.960   -1.230   -5.610   -2.260   -4.090   -2.460   -9.990   -4.060   -4.280   -3.920   -5.400
1997   -1.620   -4.090   -3.870    0.990   -4.950   -0.990   -6.790   -4.780   -9.130   -8.490   -7.070   -6.710
1998   -2.830   -7.940   -4.060   -4.840   -2.760   -5.260   -4.090   -1.830   -3.140   -3.330   -3.420    1.100
1999   -0.840   -1.420   -6.500   -2.320   -0.230   -2.550   -2.810   -4.500   -2.930   -7.900    0.880   -1.130
2000   -1.700   -1.680   -1.170   -3.370   -2.870   -2.790    2.580   -4.860   -2.570   -5.240   -0.500   -1.590
2001   -1.640   -0.140   -2.210   -5.060   -3.010    0.810   -2.070   -6.250   -7.920   -3.400   -2.200    0.060
2002   -0.950    1.180   -2.940   -6.330   -6.880   -3.650   -1.670   -2.110   -0.740   -7.420   -3.570   -5.980
2003    0.030    0.990   -1.260   -1.980   -3.490   -2.480   -1.690    0.290   -1.620   -2.960   -0.470   -1.050
2004   -0.600   -1.260   -3.750   -3.730    2.670    0.500   -4.170   -9.840   -3.610   -1.930   -3.130   -0.340
2005    0.680   -5.290   -3.940   -2.610   -4.010   -2.750   -3.920   -3.350   -2.560   -3.970   -3.610   -0.700
2006   -0.640    0.090   -0.750   -0.830   -0.590   -1.660   -3.480   -2.520    0.180   -6.260   -3.340   -3.400
2007   -4.280   -3.710   -4.550   -5.740   -3.150   -3.860    2.970   -2.680   -9.760   -5.040   -0.480   -2.340
2008   -1.700   -1.580   -2.960    0.470   -0.330    0.110   -5.450   -0.140   -4.890   -4.330   -3.540   -3.090

