1948    2.950    1.870    0.350    1.270   -1.260    0.910   -2.070   -0.620   -1.230   -2.120    0.750    2.640
1949    2.700    1.920    0.300    1.110    3.200    1.160   -2.550   -2.410   -2.880    0.860    2.350    2.000
1950    2.480    2.180    1.020   -0.120   -0.190    0.260   -0.530   -3.410    0.030   -0.610    2.890    2.140
1951    2.660    2.300    0.970    0.060    0.340   -0.600   -1.620   -2.080    2.560   -0.700    1.010    3.000
1952    2.360    2.120    2.940    0.250   -0.280   -4.570    0.750   -0.680   -2.100   -0.280    1.620    2.280
1953    2.700    2.310    1.330    0.010   -0.970    1.090   -1.120    1.250   -0.850   -0.900    0.110    2.980
1954    2.510    2.410    1.690    0.650   -1.100   -1.350   -0.480    0.890    0.120   -2.200    2.280    3.000
1955    2.580    2.340    0.420   -1.090    1.310   -2.610    0.440   -3.040   -2.430   -0.480    1.390    2.750
1956    2.260    1.920    0.690    0.040    0.880   -0.300   -0.930   -1.920   -2.730    0.210    2.370    2.730
1957    2.580    2.910    1.000    1.980    0.580   -3.280   -0.550    0.810   -1.820   -1.670    3.680    2.280
1958    3.680    2.900    1.490    1.850   -0.240   -1.270   -1.550   -3.110   -1.330    0.990    2.560    1.620
1959    2.970    2.890    0.410   -1.020   -0.680    1.260    0.070   -1.560   -0.120   -2.770    1.500    2.490
1960    3.800    3.750    1.520    0.330    0.540   -3.550   -3.010   -1.780   -1.850    0.140    2.150    1.710
1961    3.820    3.240    2.200   -0.380    2.510   -0.370   -0.370    1.530   -0.620    0.820    1.670    2.790
1962    3.500    2.260    2.140    1.210    2.740   -2.640   -1.360   -3.140   -2.020    0.330    2.650    2.510
1963    4.070    2.950    1.740    0.920   -1.010   -3.130   -0.150    0.310   -0.840   -0.640    1.720    2.830
1964    3.650    2.830    1.920    1.890    0.890   -1.970   -1.360   -2.680   -2.490    0.960    1.710    2.140
1965    3.830    3.470    2.640    1.080   -0.920   -2.490   -0.610   -1.870   -3.750   -0.280    1.880    2.400
1966    3.510    3.100    1.500   -0.160    2.900   -0.020   -2.010   -0.130   -0.470    0.950    0.250    3.470
1967    4.070    3.360    1.460    0.150    1.550   -2.360    2.500   -1.740   -2.310   -0.030    1.700    3.500
1968    3.590    2.950    2.570   -0.540    1.540   -0.880   -0.630   -0.080   -2.530    0.600    2.040    1.530
1969    2.830    2.420    1.210    1.010    1.700   -0.600   -1.130   -0.160   -0.800   -0.760    3.240    3.240
1970    3.940    3.640    2.370    0.500   -1.290    0.030   -2.200   -2.890    1.080    0.270    1.640    2.410
1971    4.010    2.690    2.550    1.150   -0.330   -1.930   -0.310   -1.960   -3.100    0.740    1.500    2.740
1972    4.100    4.060    2.070    0.850    0.730   -1.380   -3.620   -2.600   -1.860   -0.540    2.050    3.120
1973    4.340    3.480    2.780    1.300   -1.710   -3.840   -0.910   -2.170   -2.540   -0.980    1.560    3.680
1974    4.350    4.380    3.220    1.870    1.230    1.410   -0.270   -3.990   -0.120   -1.000    2.020    2.460
1975    3.700    2.550    1.190    0.640   -0.220    0.230    0.650   -1.790   -0.610   -0.250    0.630    2.770
1976    3.930    3.580    2.180    0.800    2.130   -1.940   -1.150   -1.160   -0.470   -1.150    4.290    3.590
1977    3.640    3.000    0.320    1.110    0.580   -2.520    0.600   -1.260   -2.410   -0.560    0.720    2.710
1978    3.380    2.890    1.620    0.820    3.110   -3.430   -1.980   -3.510   -1.500   -0.820    0.710    2.980
1979    3.460    2.350    0.400    1.740    0.040   -0.330    2.230   -0.570   -4.100   -1.950    1.450    3.060
1980    4.200    2.850    1.210   -0.040    1.310   -1.020   -1.060    0.590   -0.690   -0.730    1.130    2.850
1981    3.810    2.770    0.500    2.020    2.390   -0.050   -1.800   -1.510   -1.180   -0.170   -0.360    2.520
1982    3.880    2.670    0.050    1.820    0.890   -0.720   -0.520    1.620   -0.080    2.380    1.160    2.760
1983    3.550    2.640   -0.120    0.790    1.030   -2.230   -1.700    0.250   -1.240   -0.360    0.820    2.570
1984    4.130    3.430    1.000    0.900   -2.410   -3.620    0.440   -1.240   -1.630    0.050   -0.400    2.470
1985    2.540    2.520    0.330   -1.230    0.350    0.870   -0.030    0.900    0.260    0.760    1.440    2.350
1986    3.540    3.030    1.250    0.340   -0.820    0.200    0.630   -3.230    1.410    1.330   -0.330    2.120
1987    3.740    2.320    1.800   -0.130   -0.970   -1.000    0.430   -1.030   -0.050    0.940    1.130    3.080
1988    2.790    2.700    0.420    0.600   -0.080   -2.160   -2.200   -3.120   -2.680   -3.950    0.930    3.080
1989    3.730    3.590    0.550    0.300   -0.930   -2.360   -0.280    0.030   -2.060   -2.440    1.400    3.380
1990    4.090    3.870    0.350    0.310   -1.770   -3.160   -0.380   -0.440    1.480    1.390   -0.280    2.710
1991    4.510    3.780    0.570    0.240    0.490   -2.530   -0.760    0.210   -2.310   -5.500    1.270    2.790
1992    4.450    3.080    0.760    1.020   -3.330   -5.900   -1.290   -2.610   -0.760   -1.400    1.970    3.270
1993    3.780    3.370    0.710   -0.760   -0.580   -1.570    0.100   -2.060   -2.440    0.810    1.090    3.270
1994    4.570    3.460    1.140    1.060   -1.700   -1.730   -3.070   -0.300   -2.440   -2.790    1.320    2.860
1995    4.330    3.080    0.830    0.690    1.160   -2.210   -6.250    0.170   -2.430   -0.940    1.040    2.820
1996    3.660    3.030    0.750    0.300   -0.820   -2.850   -1.950   -0.340   -2.300    0.520   -0.080    2.670
1997    3.290    2.430    0.450    0.330    0.530   -2.350   -0.930   -2.690   -1.430   -0.470    0.420    2.870
1998    3.960    3.670    0.250    1.240    0.420   -0.180   -1.480   -0.830   -2.470   -0.240   -0.630    2.320
1999    2.980    2.430    0.680    0.920   -0.030   -1.130   -0.970    0.280   -1.230    0.100    0.820    1.800
2000    3.070    2.640    0.680    1.750   -0.830   -3.580   -2.480   -2.120   -0.790    1.130    1.800    2.680
2001    4.120    3.180    0.150    0.810   -2.870   -3.520   -0.620   -1.900    0.690    1.980   -0.160    2.310
2002    3.530    3.490    0.660   -0.540   -1.330   -1.940   -1.680    0.060   -1.830    0.230    0.050    3.050
2003    4.340    3.030    0.740    0.160   -1.090   -2.150   -0.650   -0.600   -2.400   -0.170    1.440    2.600
2004    3.670    3.420    0.860    0.610   -2.530   -0.890   -0.530   -1.020   -2.950    0.190    2.290    3.290
2005    2.810    3.860    1.450    0.360   -0.840   -3.780   -1.480   -1.900   -1.650    0.270    2.030    3.410
2006    3.840    3.160    0.510    1.910    1.270   -0.040    0.530    0.850    0.970    1.950    1.410    3.080
2007    4.080    3.870    1.920   -0.060   -0.230   -2.430    0.610   -1.370   -0.130    1.490    1.920    2.810
2008    3.860    3.630    1.720   -1.010    1.300   -1.510    0.060   -2.710   -0.630    0.130    2.490    3.650

