1948   -1.840    0.850   -0.650   -2.440   -4.560   -1.200    1.930    4.060    0.170   -4.080   -2.370   -4.420
1949   -2.700   -1.160   -1.680   -1.350  -11.860   -5.120   -2.690   -3.830   -4.810   -6.550   -1.790   -2.400
1950    0.320   -2.700   -0.460   -5.960   -3.890   -4.020   -4.080   -4.930   -3.750   -4.960   -4.730   -0.210
1951   -0.650   -0.870   -0.910    0.070   -0.750   -3.300    1.520    3.400   -3.060    1.480   -4.570   -4.600
1952   -2.980    3.230   -0.820    2.660   -4.290   -3.330    0.160   -1.760    0.160   -2.760   -0.690   -0.980
1953   -0.490   -3.340   -5.290   -4.330   -2.800   -4.490    3.160   -6.390   -7.990   -6.870   -0.710   -0.530
1954   -2.660   -1.370   -0.230    1.850   -0.760    1.420   -2.020    2.400   -3.870   -2.490   -2.940    0.890
1955    0.430   -4.200   -3.860   -4.450   -0.470    1.450    4.120   -3.540   -3.350   -4.860   -3.020   -1.360
1956    0.960   -2.110   -4.530   -0.630    0.740   -4.070   -0.260   -3.500   -8.200   -4.430   -3.730   -3.660
1957   -3.070   -6.760   -3.650   -3.760   -5.580    1.280    1.110   -0.820    1.170   -5.570   -2.070   -4.320
1958   -2.990   -3.090   -5.850   -0.180   -2.650   -6.090   -8.590    3.950   -8.930   -2.900   -4.850   -4.290
1959   -1.420   -5.670   -1.670   -5.450    1.980   -2.490   -1.850   -1.270   -1.270   -7.430   -2.770    0.070
1960   -2.640    0.830   -1.000    1.430   -0.690    3.330   -4.670    0.210   -3.630   -4.840    1.900   -0.640
1961   -0.350   -1.510    1.310   -0.820   -1.710   -4.110   -0.440   -4.430   -3.750   -4.460   -2.680   -1.260
1962   -0.120    0.850   -0.920   -1.380    0.760   -1.940    2.240   -1.940   -5.660   -3.500   -6.900   -4.680
1963   -3.080   -1.920   -3.030    2.000   -4.070   -0.410   -6.350   -5.970   -5.070   -8.470   -6.010   -3.340
1964   -1.330   -1.260   -4.370   -3.570   -2.620   -0.590   -0.250   -3.290   -2.980   -1.080   -2.590   -2.020
1965   -1.110    2.230    3.010   -3.040   -2.200   -4.440   -0.950   -6.570   -2.860   -5.970   -5.010   -2.470
1966    0.060    1.750   -0.990   -5.870    0.500   -5.750   -0.830   -0.790   -1.760   -2.990   -7.740   -4.490
1967    3.350    0.080    1.540    1.950   -8.820    0.030   -6.630   -2.670   -5.270   -6.220   -0.810   -1.440
1968    2.880    0.400   -6.440    0.490   -0.100  -10.230   -4.370   -3.780   -2.530  -10.240   -8.090   -0.760
1969   -0.090   -4.330   -3.390   -1.850   -4.500   -2.390   -2.330   -0.960    0.220   -0.940   -4.870    0.230
1970   -6.870    1.650   -3.740    1.510   -3.230   -1.600   -2.760    1.420   -4.040   -2.440   -1.710   -1.460
1971   -1.330   -2.210   -0.230    0.120    3.040    1.440   -0.490   -0.560   -5.580   -1.060    1.910   -1.440
1972    2.240    2.290   -3.510    0.870    0.230   -4.030   -2.730    1.400   -7.430   -2.450   -6.600   -2.430
1973   -2.500   -4.830   -0.360   -4.210   -1.890    0.410   -2.240    0.760   -7.200   -5.020   -0.880    1.360
1974    0.280   -1.880    2.330   -0.350   -1.680    0.440   -6.110    0.100   -5.580   -0.420    0.740   -4.620
1975   -1.360   -3.870   -4.810   -1.380   -6.800   -7.290    0.800   -0.990   -5.080   -1.130   -0.170    0.240
1976   -1.740    0.780   -0.740    0.570    0.730    1.570   -3.330   -2.920   -3.340   -2.500   -0.850   -0.600
1977   -2.870   -1.590   -2.340    3.710    4.510    1.230   -4.200   -1.590   -1.570   -5.380    0.910   -1.600
1978    0.270    0.740   -4.830    1.570    6.360   -4.000    0.980   -2.520   -1.920   -0.790   -1.160   -0.660
1979   -3.700    1.780   -2.280   -0.690    7.020   -6.160   -1.880    4.090   -1.190   -4.230   -3.360   -7.940
1980    1.080    0.810   -2.010   -7.670   -3.420    0.520   -4.020   -2.390   -2.030  -10.570   -3.670   -1.240
1981   -2.750   -2.830   -1.060   -1.030   -4.900    3.890   -1.210   -5.360   -3.000   -8.320   -3.660    0.570
1982    0.100    1.440   -1.080    2.460   -1.040    0.260   -2.110   -2.140  -10.260   -2.620   -4.410   -2.060
1983   -2.050    2.910   -3.680   -4.150   -2.180   -3.680   -0.870  -10.810   -5.400   -2.130    1.480   -0.920
1984   -2.870   -3.530   -6.420    0.060   -7.540   -8.610   -1.620   -2.230   -4.840  -10.070   -5.540   -1.160
1985   -1.220   -2.680   -0.920   -0.980   -1.350   -4.030   -4.160   -3.660   -4.760   -6.420   -6.050   -5.460
1986    0.470   -0.430    0.820   -3.590    0.430   -2.770   -3.140   -1.830   -8.470   -4.560   -9.840   -0.410
1987   -2.220    0.010   -4.460   -1.310   -1.700    1.730   -8.160    0.660   -2.620   -3.710   -3.080    1.860
1988   -2.650    1.950   -3.050   -4.080    0.610    0.230   -7.350   -4.150   -8.230    0.190   -1.050   -1.630
1989    0.190    1.950   -0.850   -2.840   -4.480   -1.770   -2.010   -1.850   -4.330   -3.270   -2.310   -4.520
1990   -0.770   -4.940   -3.530   -5.480    0.400    1.270    1.750   -3.430    1.420  -10.310   -8.990   -5.490
1991   -2.930    1.100   -2.140   -4.870   -4.660    0.060   -1.620  -10.520   -5.120   -5.540   -6.790   -6.400
1992   -3.940   -4.940   -1.300   -5.220   -3.610   -8.640   -4.360   -3.030   -0.170   -3.560   -5.820   -7.350
1993   -3.030    2.520   -2.090   -5.200   -5.390   -1.190   -1.450   -4.230   -4.990   -8.720   -4.290   -2.610
1994   -0.940   -0.450    2.000   -4.370   -3.840    1.920   -3.290   -6.880   -4.170   -7.290   -3.050   -3.790
1995   -1.510   -1.860   -1.680   -3.340    0.580    1.760   -6.820   -8.170   -7.370    0.010   -7.760   -4.400
1996   -2.640   -1.020   -0.790   -7.340   -1.730   -4.270   -1.750  -11.230   -4.020   -3.750   -3.760   -5.310
1997   -0.240   -4.750   -4.490    1.430   -5.570    0.100   -7.570   -4.960  -10.360   -9.470   -7.630   -6.740
1998   -2.310   -7.980   -3.840   -4.850   -1.930   -6.280   -4.220   -1.500   -2.890   -3.740   -3.710    1.740
1999   -0.270   -1.050   -8.160   -3.120    0.220   -2.540   -4.030   -5.230   -3.760   -9.830    1.240   -2.360
2000   -2.470   -2.260   -1.030   -4.540   -4.060   -3.060    2.670   -5.840   -2.540   -6.600   -0.580   -3.150
2001   -2.520    0.180   -3.370   -6.850   -3.980    0.180   -2.900   -7.780  -10.890   -4.000   -3.590   -0.120
2002   -0.710    2.260   -4.760   -8.910   -7.710   -4.500   -2.110   -2.160   -0.640   -9.730   -4.900   -7.840
2003   -0.790    0.800   -2.410   -3.070   -3.500   -3.140   -2.630    0.320   -2.100   -3.440   -0.420   -2.360
2004   -0.270   -1.570   -4.550   -5.350    3.660    0.450   -4.530  -12.790   -4.930   -2.150   -4.100   -0.470
2005    0.050   -7.580   -5.090   -3.510   -4.260   -1.870   -4.470   -2.490   -3.340   -5.900   -4.080   -0.450
2006   -0.500    0.010   -1.580   -1.640   -0.270   -1.570   -4.420   -2.890    0.480   -7.520   -4.670   -4.720
2007   -5.800   -4.900   -7.270   -7.280   -3.920   -5.810    2.680   -5.310  -12.030   -6.710   -0.540   -2.800
2008   -1.970   -1.890   -3.500    0.400   -0.300   -0.390   -5.830    0.710   -5.310   -5.560   -3.570   -4.070

