1948   -4.120   -3.250   -5.300   -5.050   -5.510   -4.540   -2.890   -2.990   -3.400   -5.470   -4.450   -3.780
1949   -2.770   -1.800   -2.010   -3.170   -7.060   -4.020   -5.120   -3.300   -4.230   -3.220   -2.460   -1.250
1950   -0.400   -1.870   -2.580   -3.800   -3.870   -5.380   -4.950   -3.300   -2.840   -1.820   -1.100   -0.930
1951   -0.530   -0.770   -1.020   -2.620   -3.430   -2.840   -0.820    0.220   -2.500   -0.610   -1.230   -2.390
1952   -0.870    0.140   -0.750   -0.680   -2.120   -2.870   -3.620   -1.330   -0.320   -2.470   -0.560   -0.410
1953    0.020   -1.340   -3.040   -2.860   -2.420   -2.670   -1.240   -4.540   -5.340   -3.130   -0.610   -0.540
1954   -1.820   -1.280   -0.990   -0.920   -0.830   -2.440   -3.190   -1.990   -3.220   -2.430   -2.050   -0.150
1955   -0.590   -1.270   -2.360   -2.530   -2.070   -0.770    0.150   -2.560   -3.780   -3.410   -1.690   -0.870
1956    0.290   -1.240   -2.750   -2.540   -0.350   -4.190   -3.050   -5.350   -6.270   -2.680   -2.340   -1.420
1957   -0.190   -3.030   -3.290   -4.080   -4.870   -1.360   -2.630   -2.770   -3.600   -5.810   -4.120   -4.580
1958   -3.240   -3.700   -6.770   -3.960   -4.300   -6.050   -5.570   -1.630   -7.360   -3.490   -2.890   -3.950
1959   -2.560   -4.020   -2.680   -4.910   -1.180   -4.920   -3.840   -3.750   -2.790   -4.810   -4.310   -1.810
1960   -3.520   -3.250   -4.380   -1.560   -2.980   -3.280   -5.220   -2.450   -4.230   -4.800   -0.440   -1.340
1961   -2.320   -4.090   -2.910   -3.400   -4.140   -5.060   -3.540   -5.850   -3.730   -3.100   -3.590   -2.230
1962   -2.590   -2.740   -3.200   -4.200   -2.560   -4.260   -2.420   -3.030   -4.470   -4.570   -4.810   -4.540
1963   -3.110   -3.870   -3.610   -1.220   -4.110   -3.540   -6.890   -5.930   -4.590   -6.910   -4.140   -3.680
1964   -2.890   -4.100   -3.410   -6.440   -5.100   -2.220   -2.620   -3.960   -2.850   -4.330   -2.810   -3.720
1965   -1.920   -1.060   -0.850   -4.680   -3.370   -4.750   -4.750   -5.510   -3.810   -5.130   -3.680   -3.120
1966   -2.580   -1.600   -2.660   -6.240   -2.230   -5.440   -3.100   -3.100   -4.320   -3.190   -5.090   -4.370
1967   -0.220   -2.370   -1.620   -1.800   -6.920   -1.690   -5.120   -2.210   -3.640   -3.870   -0.800   -0.810
1968    0.220    0.340   -3.960   -2.100   -1.950   -7.900   -4.690   -6.240   -4.450   -6.260   -4.120   -1.570
1969   -1.630   -2.790   -4.470   -4.090   -4.420   -4.830   -2.760   -3.120   -1.690   -3.040   -5.380   -1.480
1970   -6.150    0.230   -2.730   -0.730   -4.770   -3.010   -5.210   -1.750   -3.880   -3.710   -3.060   -3.260
1971   -1.790   -1.830   -1.960   -1.490   -1.180   -2.950   -3.260   -2.350   -4.520   -2.800    0.370   -2.180
1972    1.320    0.730   -2.120   -0.390   -1.820   -5.430   -3.530   -3.110   -6.370   -3.370   -4.980   -0.950
1973   -3.270   -3.040   -2.610   -2.340   -2.390   -0.480   -3.040   -1.200   -3.270   -3.090   -0.580   -0.890
1974   -0.110   -2.400   -0.660   -1.120   -2.920   -3.350   -4.010   -0.910   -3.990   -2.090   -0.900   -1.730
1975    1.140   -1.710   -3.260   -1.960   -4.850   -6.280   -2.460   -2.750   -2.990   -1.520   -1.180   -0.250
1976   -0.320   -1.830   -2.080   -1.450   -3.430   -1.510   -4.000   -4.030   -4.790   -3.790   -1.510   -2.350
1977   -1.630   -0.990   -1.880   -1.380    0.100   -1.840   -4.590   -2.890   -1.940   -3.060   -0.470   -1.360
1978   -0.210   -0.900   -2.120   -1.430    0.480   -5.780   -2.980   -2.740   -3.370   -1.550   -1.710   -0.650
1979   -0.710   -1.650   -3.080   -3.470    0.590   -3.640   -2.720   -0.340   -1.630   -2.090   -1.830   -2.190
1980    0.410   -0.410   -0.490   -4.650   -2.730   -1.340   -3.510   -2.180   -2.570   -4.660   -2.070    0.420
1981   -1.480   -0.780   -0.320   -2.390   -4.180   -0.720   -2.150   -5.090   -2.060   -5.120   -2.260   -1.080
1982   -1.180   -1.160   -0.990   -0.520   -3.030   -3.810   -3.820   -3.780   -6.060   -2.250   -2.540   -0.500
1983   -1.900    0.250   -2.810   -4.000   -3.800   -4.140   -3.530   -6.370   -3.220   -1.750    0.280   -0.320
1984   -0.880   -1.530   -4.570   -1.230   -4.730   -5.760   -4.420   -2.780   -4.730   -3.500   -3.440   -1.550
1985   -1.990   -1.120   -2.590   -0.900   -1.870   -4.020   -4.400   -2.930   -4.150   -3.460   -2.060   -2.560
1986   -1.100   -2.180   -2.150   -4.230   -2.230   -3.370   -2.600   -4.350   -4.400   -2.720   -4.880   -0.770
1987   -0.930   -1.250   -2.140   -3.630   -5.210   -0.290   -9.610   -3.420   -3.560   -3.670   -1.170   -0.090
1988   -2.530   -0.560   -1.710   -2.340   -2.200   -1.500   -4.640   -2.980   -3.960   -1.100   -0.280   -1.530
1989   -0.880    0.180   -1.300   -2.160   -2.750   -2.910   -3.950   -1.820   -3.910   -1.870   -0.840   -1.520
1990   -1.070   -0.680   -2.190   -3.580   -0.780   -1.110   -1.680   -3.010   -0.810   -5.110   -3.760   -2.270
1991   -0.610   -0.710   -2.570   -2.900   -3.100   -2.820   -2.090   -5.890   -3.570   -2.820   -3.060   -2.300
1992   -0.950   -3.040   -3.010   -3.950   -5.190   -7.000   -3.530   -4.770   -1.910   -2.220   -2.710   -2.550
1993   -0.710    1.020   -0.990   -3.240   -3.730   -2.730   -1.480   -3.050   -3.670   -3.700   -2.490   -1.950
1994   -0.150   -0.860   -0.340   -2.900   -3.220   -0.620   -4.310   -4.170   -2.440   -3.530   -1.300   -1.050
1995   -0.460   -2.270   -1.780   -2.520   -0.680   -0.410   -4.010   -4.370   -3.660   -1.800   -4.010   -0.400
1996   -1.250   -1.490   -1.680   -3.820   -2.900   -4.200   -3.560   -6.710   -2.770   -2.660   -2.060   -2.810
1997   -2.030   -2.870   -2.380    0.380   -3.650   -3.920   -4.970   -4.400   -6.250   -5.560   -4.300   -5.340
1998   -2.910   -6.300   -3.700   -4.400   -2.370   -4.640   -3.150   -2.260   -3.570   -4.140   -3.190   -0.440
1999   -2.010   -1.980   -3.910   -2.590   -2.110   -2.740   -1.950   -3.160   -2.140   -6.230   -2.120   -2.000
2000   -0.810   -1.760   -2.420   -2.810   -2.260   -2.960    0.900   -3.680   -3.390   -3.760   -1.300   -1.830
2001   -0.910   -1.210   -2.220   -2.970   -2.500    0.890   -1.750   -3.750   -4.880   -4.160   -2.000   -1.300
2002   -2.170   -2.010   -2.840   -3.830   -5.390   -2.690   -2.150   -2.750   -1.900   -4.110   -3.130   -4.720
2003   -0.790   -1.060   -1.270   -0.740   -2.660   -1.010   -1.190   -0.280   -1.360   -2.310   -0.740   -0.890
2004   -1.280   -2.980   -2.820   -2.050   -0.600    0.240   -2.840   -5.310   -2.840   -2.460   -2.880   -1.070
2005   -0.840   -3.780   -3.030   -2.580   -3.680   -3.070   -3.080   -3.850   -4.540   -3.750   -3.100   -2.200
2006   -1.880   -2.300   -1.410   -1.580   -1.370   -1.760   -2.120   -2.010   -1.130   -3.300   -3.090   -1.770
2007   -2.880   -3.370   -2.530   -3.600   -2.950   -2.790    1.020   -1.920   -5.640   -2.620   -2.360   -2.990
2008   -3.240   -2.720   -4.000   -0.970   -1.130   -0.900   -3.370   -1.310   -4.380   -3.520   -3.790   -3.340

