1948   -7.010   -3.160   -2.790   -5.660   -8.030   -6.400    0.180    3.930    1.270   -0.960   -3.100  -10.050
1949   -7.760  -10.960   -7.500   -2.130  -17.020   -7.710   -5.550   -5.650   -5.140   -8.120   -5.720   -9.510
1950   -4.070   -8.880   -2.170  -13.240  -10.870   -5.920   -3.930   -9.900   -4.540   -9.830  -11.000    0.710
1951   -2.070   -2.740   -2.830    0.210   -0.350   -4.850   -1.770    5.110   -5.250   -0.140  -12.390  -11.150
1952   -5.570   -0.590   -5.640    2.040  -12.950   -4.030   -0.190   -4.760    0.530   -6.310   -5.280  -10.270
1953   -6.540   -8.170  -11.530   -9.410   -4.180   -8.180    4.120   -6.360  -12.700  -11.850   -5.800   -4.670
1954   -9.930   -9.590   -6.490   -5.990   -4.770   -0.230   -4.810    1.660   -5.570   -3.110   -2.350    0.510
1955   -2.840  -12.550  -13.660  -11.070   -3.200   -1.410    2.780   -4.620   -6.910   -3.510   -3.480   -6.260
1956   -3.550   -7.800   -9.880   -3.980   -2.750   -7.960    0.360   -0.820  -12.860   -4.940   -6.740   -9.490
1957  -14.920  -15.030   -7.200   -6.450   -6.510    0.850   -1.350   -4.550    1.520   -6.590   -4.330  -10.630
1958   -9.350   -5.570   -6.490    0.610   -2.170   -7.520   -7.640    3.820   -8.610   -5.360  -11.330  -10.340
1959   -7.010  -14.980   -4.550  -12.190   -2.380   -5.820   -4.960   -3.420   -1.480  -11.650   -5.050   -5.100
1960   -9.510    2.000   -3.000   -2.270   -1.640    5.450   -5.760    0.890   -1.630   -7.250   -3.380   -9.220
1961   -7.600   -8.040   -3.170   -3.990   -3.180   -7.660   -1.980   -3.240   -7.640   -4.510   -3.360   -5.590
1962   -6.100   -0.550   -1.640   -5.120   -0.820   -4.490    1.430   -0.890   -3.460   -4.180   -9.010  -11.190
1963   -6.490   -0.520   -9.950   -1.490   -7.040   -2.820   -8.910   -6.770   -5.480   -6.080   -7.300  -11.920
1964   -6.130   -6.600   -9.570   -5.480   -5.170   -3.130    0.820   -3.460   -0.920   -0.660   -8.180   -7.490
1965   -4.030   -1.270    2.730   -6.990   -5.010   -3.950   -0.880   -3.930   -1.320   -5.210   -5.770  -16.620
1966   -3.650   -3.540   -2.690   -7.090    0.280   -8.420   -0.820   -0.730    0.810   -4.320   -7.090  -13.560
1967    2.670   -2.260    1.400    2.750  -11.940   -4.260   -6.730   -4.960   -8.640   -7.520   -1.380   -7.660
1968    0.600   -1.660   -8.770   -2.390    0.390  -11.590   -4.190   -2.650   -1.090  -10.970  -12.470   -7.100
1969   -4.930  -13.060   -7.210   -4.200   -6.610   -4.630   -2.530   -1.110   -0.250   -1.260   -5.710   -3.080
1970  -12.750   -4.670  -10.250   -0.440   -5.860   -4.250   -3.330    1.700    0.440   -2.200   -1.520   -6.880
1971   -3.050   -7.000   -1.250    0.200    1.720   -0.960   -1.280    0.350   -3.900   -0.660   -0.050   -7.860
1972    0.470    2.450   -6.720    0.960    0.630   -3.210   -2.170    3.310   -6.170   -1.810   -7.260   -8.310
1973   -4.670   -8.320   -2.270   -7.360   -4.160   -1.890   -3.650    0.970   -6.450   -3.500   -0.840    1.850
1974   -1.530   -2.780    2.210   -2.410   -1.820   -0.650   -7.610   -0.900   -6.330   -1.800   -0.720  -10.160
1975   -4.010   -8.300   -8.010   -3.460   -7.930   -6.550   -0.020   -1.310   -6.400   -0.960   -3.230   -1.220
1976  -11.390   -0.590   -1.830   -0.920    2.940    3.350   -1.730   -1.980   -1.420   -0.430   -1.810   -3.060
1977   -7.970   -6.950   -6.510    3.690    5.630    1.640   -7.020   -3.440   -0.940   -5.810   -0.430   -6.270
1978   -3.450   -5.540   -4.180    0.960    6.180   -3.370    2.220   -4.080   -0.660   -1.240   -4.180   -4.440
1979  -11.730    2.720   -4.420    1.770    8.790   -5.730    2.150    8.100   -0.020   -4.590   -6.040  -14.940
1980    2.430   -0.140   -4.970  -10.040   -3.280    2.700   -5.450    0.410   -0.200   -9.940   -5.270   -4.610
1981   -6.230   -6.970   -4.840   -3.160   -4.950    6.510    1.280   -2.650   -3.050   -6.850   -2.860   -2.270
1982    2.000    3.540   -3.280    3.080    2.000    3.190   -0.380    1.040   -6.650   -2.890   -3.730   -2.620
1983   -5.550    1.300   -1.730   -2.250    0.110   -2.140    3.420   -7.540   -4.280    3.600    2.870    0.390
1984   -8.450  -10.970  -11.100   -0.910   -9.330   -8.930    0.320    0.080   -0.470  -10.240   -5.950   -1.950
1985   -3.450   -6.360   -0.200   -3.810   -1.690   -1.100   -2.370   -1.870   -4.180   -5.120   -9.370   -8.970
1986   -1.760   -0.150    0.380   -7.000    1.210   -4.330   -0.340    1.840   -4.540   -0.740  -11.310   -4.630
1987   -5.700    0.230   -6.520    0.180   -1.380    2.700   -5.200    0.940   -0.490   -3.060   -4.140    0.130
1988   -7.370    2.590   -7.590   -6.560    0.960    0.550   -6.190   -1.050   -6.330    1.310   -1.130   -2.610
1989    0.450   -0.190   -2.170   -4.890   -5.270   -0.020   -1.260   -1.040   -1.620   -0.350   -5.100   -9.940
1990   -5.240  -11.960   -5.990   -8.910    0.350    2.770    1.930   -1.040    2.970  -11.250  -10.800   -9.480
1991   -7.520    0.950   -1.490   -7.150   -4.120    1.120    0.480   -7.910   -0.810   -5.040   -9.320  -11.250
1992   -9.070   -9.680   -0.860   -4.570   -1.300   -7.130   -2.230   -0.350    1.990   -4.150   -6.290  -13.220
1993   -8.730    3.450   -2.940   -6.390   -4.280    3.150   -0.260   -0.350   -0.640   -7.090   -5.410   -3.870
1994   -0.620   -1.440    4.490   -4.410   -2.470    3.540    1.320   -4.580   -1.750   -7.140   -4.770   -9.360
1995   -5.250   -1.710   -3.660   -2.030    4.260    4.230   -5.760   -7.020   -5.220    5.850   -8.450   -6.310
1996   -3.420   -2.210    0.090   -9.750    0.200   -1.540    0.720   -8.720    0.010   -2.360   -8.690   -7.700
1997   -3.180   -9.850   -7.340    1.970   -3.030    2.260   -3.080   -1.240   -8.880   -9.780   -8.680   -7.400
1998   -3.180  -10.710   -2.450   -4.290   -0.230   -5.600   -1.680    1.660    0.230   -2.440   -3.660    0.630
1999   -1.060   -2.830  -13.520   -5.200    2.830   -0.760   -3.880   -3.580   -2.700   -9.760   -0.930   -7.050
2000   -8.380   -4.270   -1.190   -5.490   -3.710   -2.400    4.570   -2.790   -1.090   -6.700   -1.560  -11.200
2001   -6.130   -2.160   -7.760   -8.660   -3.600   -0.930   -0.690   -4.880   -9.350   -3.820   -3.680   -4.040
2002   -2.120    2.480   -9.430  -13.700   -7.290   -5.090   -0.890   -0.450    0.540  -12.950   -7.430  -11.380
2003   -3.870    0.140   -3.450   -4.100   -1.830    0.960   -0.580    1.200   -1.050   -0.670   -0.560   -6.940
2004   -2.290   -0.870   -6.260   -6.470    7.470    2.200   -0.940   -8.370   -3.450   -1.540   -4.580   -0.680
2005   -0.870  -13.950   -8.220   -6.490   -2.930    3.350   -1.630    2.640   -3.040   -7.990   -8.520   -0.240
2006   -0.590   -0.180   -4.400   -1.860    2.730   -0.010   -1.200   -1.460    2.500   -8.460   -8.670   -8.000
2007  -10.970   -9.500   -9.220  -10.390   -5.680   -6.780    1.710   -5.770  -11.810   -6.920   -3.730   -6.110
2008   -3.510   -4.240   -4.540   -0.310    0.940   -1.620   -4.530    2.240   -2.180   -5.620   -4.500   -3.990

