1948   -2.090   -2.180   -3.050   -3.050   -3.260   -3.770   -3.520   -3.010   -2.380   -3.140   -1.980   -1.600
1949   -1.260   -0.690   -0.610   -1.890   -3.210   -2.540   -3.610   -2.180   -2.190   -0.620   -0.870    0.440
1950    0.310    0.100   -1.420   -1.760   -2.750   -3.830   -3.360   -2.150   -1.010   -0.130    0.800    1.010
1951    0.590    0.310   -0.330   -1.690   -2.360   -2.390   -1.880   -0.430   -1.420    0.160    0.610   -0.170
1952    0.470    0.660   -0.120   -1.260   -1.860   -2.020   -3.450   -0.760   -0.210   -0.360    1.010    0.550
1953    1.100    0.450   -0.970   -1.510   -1.630   -1.740   -1.920   -2.380   -2.490   -0.510    0.920    0.680
1954    0.190    0.220   -0.740   -0.640   -0.900   -2.840   -2.440   -2.380   -0.570   -0.460    0.020    0.820
1955    0.590   -0.200   -1.180   -1.430   -2.000   -1.770   -1.550   -2.180   -2.090   -1.340    0.230    0.410
1956    0.780   -0.360   -1.190   -1.760   -0.930   -3.150   -2.810   -3.540   -3.700   -0.520    0.080    0.360
1957    1.020   -0.800   -1.460   -2.190   -3.000   -1.710   -2.920   -2.760   -2.440   -3.040   -2.890   -3.130
1958   -2.420   -2.580   -4.090   -2.920   -2.790   -2.790   -2.420   -1.870   -4.110   -2.320   -0.990   -2.480
1959   -1.710   -2.330   -1.760   -2.280   -1.150   -3.520   -2.990   -2.840   -1.490   -1.170   -2.330   -1.560
1960   -2.800   -2.650   -2.020   -1.770   -2.290   -3.440   -3.220   -1.950   -2.720   -2.310   -0.370   -1.190
1961   -1.490   -2.630   -2.230   -2.370   -3.210   -3.990   -3.750   -4.350   -2.740   -1.700   -1.990   -1.570
1962   -1.900   -2.570   -2.220   -2.870   -2.360   -3.730   -2.870   -2.330   -2.510   -2.670   -2.340   -2.660
1963   -1.690   -2.470   -2.280   -1.330   -3.150   -3.780   -5.430   -5.070   -3.120   -3.420   -2.010   -2.190
1964   -2.490   -3.070   -2.350   -4.360   -3.530   -2.500   -2.650   -3.050   -1.810   -2.540   -2.100   -2.390
1965   -1.570   -1.100   -1.200   -3.210   -1.890   -2.980   -4.290   -3.540   -2.380   -2.380   -1.350   -1.250
1966   -1.780   -1.830   -1.830   -2.960   -2.270   -4.070   -3.020   -2.530   -2.830   -1.340   -2.410   -2.020
1967   -0.360   -1.860   -1.220   -2.470   -4.090   -2.430   -3.390   -2.100   -2.350   -1.800   -0.480   -0.730
1968   -0.500   -0.470   -1.950   -2.360   -2.690   -4.930   -3.260   -4.150   -3.290   -3.230   -2.310   -0.760
1969   -1.520   -1.230   -2.680   -2.650   -3.130   -4.000   -2.640   -2.890   -1.540   -2.140   -3.090   -1.150
1970   -3.650   -0.780   -2.430   -1.730   -3.520   -2.940   -3.990   -1.930   -2.220   -2.650   -2.070   -2.200
1971   -1.440   -1.480   -2.300   -1.740   -1.820   -3.430   -2.770   -2.210   -2.720   -1.840   -0.030   -1.430
1972    0.360   -0.010   -1.460   -1.170   -1.970   -3.920   -2.920   -3.200   -3.900   -1.820   -2.690   -1.010
1973   -1.930   -2.320   -2.070   -1.370   -1.990   -1.290   -2.260   -0.850   -1.960   -0.710   -0.030   -0.700
1974    0.360   -1.580   -0.810   -1.680   -2.330   -3.070   -2.420   -1.410   -2.400   -1.640   -0.360   -0.190
1975    0.850   -1.230   -1.520   -1.250   -2.640   -3.340   -2.630   -1.890   -1.450   -0.580   -0.320   -0.130
1976   -0.400   -1.270   -1.320   -1.490   -3.000   -2.080   -2.860   -2.250   -2.390   -1.560   -0.260   -1.110
1977   -0.720   -0.520   -1.690   -1.230   -1.070   -1.960   -3.470   -1.810   -0.950   -1.310    0.240   -0.840
1978   -0.390   -1.590   -0.920   -1.980   -0.420   -3.650   -2.780   -1.330   -1.540   -0.430   -0.960   -0.650
1979   -1.190   -1.200   -2.430   -2.420   -0.710   -2.460   -2.190   -0.400   -0.480   -0.590   -0.610   -0.130
1980    0.600    0.240    0.180   -2.230   -1.660   -1.820   -3.590   -1.570   -0.830   -1.590   -0.380    0.860
1981   -0.020   -0.430   -0.340   -1.160   -2.170   -1.560   -1.660   -2.730   -1.090   -2.020   -0.280    0.080
1982   -0.320   -1.060   -0.610   -1.350   -2.250   -3.430   -3.350   -2.680   -2.880   -0.840   -0.800    0.010
1983   -1.070   -0.260   -1.610   -2.820   -2.600   -2.980   -3.630   -3.950   -1.670   -0.160    0.210    0.030
1984   -0.470   -0.970   -3.310   -1.530   -3.480   -3.520   -3.820   -2.240   -2.660   -0.150   -1.150   -0.650
1985   -0.940   -0.170   -1.610   -0.480   -1.770   -3.140   -3.270   -1.800   -2.260   -1.070   -0.390   -0.850
1986   -0.220   -1.680   -1.660   -2.630   -2.390   -2.600   -2.330   -2.970   -1.460   -0.700   -1.230    0.040
1987   -0.460   -1.240   -0.750   -2.110   -3.610   -1.230   -6.140   -3.190   -2.330   -1.500    0.050    0.110
1988   -1.160   -1.210   -0.140   -1.630   -2.380   -2.810   -3.230   -2.370   -1.540   -0.350    0.920   -0.450
1989   -0.340    0.340   -0.950   -1.870   -2.560   -2.870   -3.600   -1.540   -2.240   -0.540   -0.070    0.600
1990   -0.050   -0.530   -1.580   -2.290   -1.270   -1.990   -2.060   -1.950   -0.950   -1.740   -1.340   -0.590
1991    0.170   -0.110   -1.640   -2.100   -2.550   -3.190   -2.560   -2.850   -1.770   -0.980   -0.900   -0.020
1992   -0.360   -1.350   -1.980   -2.010   -3.920   -4.030   -2.500   -3.500   -1.490   -1.000   -0.660    0.050
1993   -0.040    0.280   -0.150   -1.940   -2.220   -3.130   -1.910   -1.940   -2.160   -0.950   -0.480   -0.780
1994    0.330   -0.380   -0.800   -2.040   -2.390   -1.560   -3.400   -2.260   -1.070   -1.010    0.240    0.260
1995    0.600   -1.210   -1.220   -1.260   -1.200   -1.770   -3.020   -2.750   -1.430   -0.960   -1.800    0.480
1996   -0.280   -0.400   -1.190   -2.000   -2.750   -3.430   -3.150   -3.800   -1.200   -0.940   -0.450   -1.160
1997   -0.480   -1.420   -1.840   -0.120   -2.500   -4.040   -2.810   -2.620   -3.180   -2.680   -1.440   -2.910
1998   -1.710   -3.060   -1.920   -2.260   -1.260   -3.010   -2.300   -1.880   -1.890   -2.740   -1.810   -0.530
1999   -1.310   -1.340   -1.570   -2.400   -2.380   -3.240   -2.570   -2.840   -2.100   -3.510   -1.390   -1.320
2000    0.040   -0.870   -1.900   -2.790   -3.100   -4.210   -2.060   -3.820   -3.500   -2.500   -1.180   -1.360
2001   -0.490   -1.490   -1.240   -2.530   -3.020   -1.440   -3.730   -3.500   -3.200   -3.500   -1.360   -1.820
2002   -2.200   -2.540   -2.010   -3.040   -4.300   -3.300   -3.180   -3.510   -2.780   -2.740   -2.580   -2.720
2003   -1.210   -1.810   -1.270   -1.800   -2.870   -2.930   -2.720   -1.690   -2.120   -1.870   -1.330   -0.930
2004   -0.460   -2.240   -2.590   -2.160   -2.670   -2.140   -3.050   -3.510   -2.950   -2.020   -1.130   -0.770
2005   -0.340   -2.850   -2.540   -2.790   -3.610   -4.260   -3.770   -4.020   -4.010   -3.070   -2.170   -2.320
2006   -1.270   -2.030   -2.320   -2.450   -2.610   -3.760   -3.390   -3.780   -2.780   -2.060   -2.330   -1.700
2007   -2.080   -2.490   -2.170   -3.200   -3.410   -3.950   -2.280   -2.710   -3.560   -2.200   -2.270   -2.280
2008   -2.400   -2.510   -3.120   -2.850   -3.090   -2.940   -3.140   -2.850   -3.400   -2.450   -2.570   -2.300

