1948    0.420    0.180   -0.970   -1.400   -1.820   -2.260   -2.710   -1.670   -1.050   -1.600    0.350    1.030
1949    1.130    1.330    1.160    0.320   -1.490   -1.460   -2.870   -1.240   -0.590    1.300    1.660    2.280
1950    2.010    2.250    1.150    0.080   -1.130   -2.200   -2.340   -0.870    0.500    1.680    2.520    2.510
1951    2.110    2.260    1.600    0.470   -1.240   -1.560   -1.110    0.300   -0.230    1.660    2.750    2.320
1952    2.200    2.050    1.550    0.600   -0.730   -1.260   -2.570    0.390    0.800    1.210    2.530    2.750
1953    2.740    2.410    1.170   -0.010   -0.780   -0.400   -0.940   -1.100   -1.020    1.130    2.790    2.240
1954    2.090    2.210    1.120    0.520   -0.170   -2.300   -1.540   -1.520    0.770    1.130    1.740    2.000
1955    2.410    2.040    0.810    0.130   -1.030   -1.230   -1.400   -1.160   -0.810    1.130    2.100    2.010
1956    2.320    1.870    0.950   -0.170   -0.100   -2.070   -1.680   -2.210   -2.440    1.190    1.920    2.000
1957    2.520    1.520    0.890    0.060   -1.210   -0.500   -1.700   -1.730   -0.990   -0.760   -0.680   -0.910
1958   -0.040   -0.330   -1.600   -0.610   -0.650   -1.080   -0.290   -0.680   -2.070    0.020    1.120   -0.020
1959    0.510    0.350    0.530   -0.260   -0.340   -2.600   -2.150   -1.520    0.030    0.420   -0.020    0.660
1960   -0.220   -0.230    0.150   -0.120   -0.790   -2.630   -2.220   -0.680   -1.240   -0.730    1.510    0.750
1961    0.060   -0.220   -0.440   -0.750   -2.040   -3.150   -3.260   -3.550   -1.920   -0.200   -0.030    0.610
1962   -0.030   -0.560   -0.630   -1.190   -1.150   -2.590   -1.580   -1.530   -1.320   -1.240   -0.360   -0.390
1963    0.600   -0.600    0.380   -0.280   -1.360   -2.950   -4.730   -4.500   -2.210   -1.860   -0.600    0.220
1964   -0.550   -0.680   -0.850   -2.390   -1.700   -1.740   -1.750   -2.150   -0.210   -0.540   -0.030   -0.640
1965    0.340    0.470    0.180   -1.510   -0.370   -2.050   -3.560   -2.630   -1.180   -0.650    0.760    1.110
1966    0.740    0.090   -0.070   -1.250   -0.710   -3.090   -2.260   -1.500   -1.210    0.240   -0.280   -0.420
1967    1.350    0.160    0.260   -0.900   -2.600   -2.030   -2.220   -1.320   -1.280   -0.480    1.140    0.780
1968    0.900    0.820   -0.260   -1.410   -1.870   -4.220   -2.450   -3.680   -2.770   -1.870   -0.840    0.800
1969   -0.270    0.960   -0.810   -1.570   -2.170   -3.590   -1.960   -1.940   -0.610   -0.770   -1.820   -0.060
1970   -1.390    0.780   -0.670   -0.520   -2.810   -2.480   -3.320   -1.130   -0.690   -1.310   -0.710   -0.330
1971    0.470    0.060   -0.330    0.040   -0.760   -2.780   -2.030   -0.980   -1.050   -0.080    1.730    0.560
1972    1.660    1.220    0.910    0.220   -0.730   -3.040   -1.870   -2.570   -2.140   -0.380   -1.190    1.260
1973    0.350   -0.270   -0.230   -0.210   -1.060   -0.350   -1.440    0.540   -0.310    0.630    1.480    0.870
1974    1.920    0.660    0.880   -0.170   -1.350   -2.290   -1.220   -0.400   -1.210    0.060    1.210    1.530
1975    2.150    0.190    0.570    0.020   -1.540   -2.320   -1.890   -0.780   -0.030    0.940    1.230    1.390
1976    1.110    0.590    0.310    0.100   -1.660   -1.370   -1.310   -0.900   -0.870   -0.170    1.100    0.540
1977    1.150    1.550    0.000    0.230   -0.260   -1.070   -2.990   -0.910    0.140    0.100    1.780    0.810
1978    1.260   -0.010    1.010   -0.530    0.370   -2.600   -2.420   -0.060   -0.460    0.860   -0.030    0.810
1979    0.660    0.710    0.290   -0.540    0.530   -0.710   -1.120    0.870    0.850    1.300    1.070    1.360
1980    2.020    1.340    1.610   -1.020   -1.080   -1.470   -2.760   -0.740    0.290    0.300    1.020    1.770
1981    1.480    1.530    0.790    0.080   -1.550   -0.940   -1.020   -1.280   -0.130   -0.460    1.300    1.790
1982    1.520    1.280    0.820    0.340   -0.610   -2.220   -2.370   -1.360   -1.280    0.490    1.290    1.390
1983    0.530    1.480    0.490   -0.960   -1.410   -1.590   -2.490   -2.510   -0.500    1.640    1.610    1.450
1984    1.710    0.850   -1.140   -0.230   -2.490   -2.290   -2.860   -1.160   -1.340    1.610    0.920    1.450
1985    0.870    1.760    0.040    0.990   -0.590   -1.890   -2.540   -0.550   -0.590    0.460    1.820    1.350
1986    1.520    0.240    0.700   -1.060   -1.550   -1.490   -1.210   -1.790   -0.150    0.890    0.810    2.010
1987    1.170    0.210    0.660    0.010   -2.200   -0.510   -4.530   -1.940   -1.120    0.050    1.580    1.800
1988    0.820    0.710    1.450   -0.630   -1.260   -2.340   -2.130   -1.780   -0.480    1.150    2.070    1.000
1989    1.050    1.700    0.900   -0.050   -1.490   -2.270   -2.380   -0.870   -1.010    1.000    1.240    2.100
1990    1.210    1.390    0.190   -1.480   -0.820   -1.010   -1.460   -1.010   -0.150    0.110    0.480    1.280
1991    1.930    1.460    0.090   -1.190   -1.820   -2.330   -2.280   -1.650   -0.430    0.440    1.130    0.790
1992    1.560    0.340   -0.550   -0.810   -3.620   -3.050   -1.520   -2.280    0.040    0.530    0.880    1.440
1993    1.220    1.250    1.260   -0.950   -1.650   -2.740   -1.470   -0.880   -0.780    0.510    0.810    0.620
1994    2.110    1.350    0.460   -0.720   -1.680   -1.360   -2.850   -0.870    0.160    0.370    2.060    1.610
1995    2.210    0.550    0.520   -0.300    0.030   -1.380   -2.440   -1.860    0.170    0.240    0.240    2.050
1996    1.650    1.270    0.360   -0.790   -2.040   -2.390   -1.990   -2.400    0.250    0.420    1.190    0.340
1997    1.150    0.350   -0.300    0.200   -1.590   -3.440   -1.860   -1.590   -1.870   -1.480    0.220   -0.960
1998    0.300   -0.200   -0.080   -0.820   -0.500   -1.670   -1.500   -0.810   -0.460   -1.540   -0.360    0.700
1999    0.530    0.430    0.330   -1.400   -1.400   -2.680   -2.600   -2.720   -2.480   -2.720   -1.290   -0.580
2000    1.330   -0.310   -0.910   -2.490   -3.570   -4.710   -2.470   -3.920   -3.700   -2.300   -0.910   -0.110
2001    0.400   -0.500   -0.280   -2.610   -3.240   -2.440   -3.860   -3.320   -2.830   -3.280   -1.650   -1.000
2002   -1.380   -1.540   -1.250   -2.960   -3.860   -3.590   -3.560   -4.050   -2.900   -2.530   -2.030   -1.710
2003   -0.700   -1.730   -0.850   -2.220   -3.460   -3.620   -3.220   -2.130   -2.470   -2.040   -1.220   -0.510
2004    0.790   -1.260   -1.940   -2.360   -3.410   -3.180   -2.900   -3.200   -3.110   -2.040   -0.250   -0.120
2005    0.150   -1.480   -2.020   -2.750   -3.910   -4.660   -3.740   -3.860   -3.460   -3.010   -1.710   -2.510
2006   -0.630   -1.530   -2.430   -2.900   -3.260   -4.240   -4.040   -4.340   -3.700   -2.770   -2.650   -2.240
2007   -1.850   -2.560   -2.550   -3.610   -3.850   -4.570   -3.230   -2.820   -3.270   -2.970   -2.740   -2.710
2008   -2.030   -2.770   -3.230   -3.980   -3.730   -3.390   -3.510   -3.230   -3.540   -2.990   -2.320   -1.450

