1948   -4.700   -2.860   -4.520   -4.470   -4.510   -2.500   -0.150    0.020   -2.100   -5.140   -4.900   -5.300
1949   -3.940   -2.250   -2.690   -3.280   -8.860   -4.020   -4.250   -3.650   -4.470   -4.680   -3.050   -3.190
1950   -1.170   -3.360   -2.300   -4.230   -3.040   -4.350   -4.590   -3.330   -3.640   -3.310   -3.540   -2.340
1951   -1.380   -1.740   -1.750   -2.700   -2.500   -2.740    0.790    1.070   -2.780   -0.550   -2.700   -4.130
1952   -2.390    0.430   -0.730    0.450   -2.090   -2.770   -1.980   -1.640   -0.620   -2.950   -1.460   -1.510
1953   -0.930   -2.620   -4.020   -3.290   -2.390   -3.310    0.230   -5.700   -6.330   -4.760   -1.770   -1.260
1954   -3.210   -2.490   -1.130   -0.030   -0.560   -0.810   -2.220   -0.280   -3.810   -3.230   -3.830   -0.920
1955   -1.550   -2.600   -2.840   -3.280   -1.230    0.430    2.150   -2.200   -3.460   -4.610   -3.690   -2.410
1956   -0.330   -2.190   -3.950   -2.230    0.540   -3.630   -1.810   -4.870   -6.730   -4.070   -4.310   -3.270
1957   -1.620   -5.210   -4.130   -4.520   -5.260   -0.230   -0.700   -1.530   -2.150   -6.230   -4.060   -4.910
1958   -4.100   -3.840   -6.930   -3.300   -4.100   -6.440   -7.270    0.210   -8.680   -4.160   -4.630   -4.790
1959   -3.090   -5.420   -2.720   -5.380   -0.320   -4.280   -3.000   -2.700   -2.700   -6.320   -4.680   -1.870
1960   -3.570   -3.090   -4.240   -0.530   -2.460   -0.960   -5.030   -1.640   -4.200   -5.740   -0.600   -1.390
1961   -2.240   -4.660   -1.980   -2.910   -3.420   -4.190   -1.850   -4.810   -2.840   -3.760   -4.000   -2.980
1962   -2.810   -2.120   -3.410   -3.420   -0.950   -2.930   -0.540   -2.300   -5.010   -4.560   -6.190   -5.360
1963   -3.990   -4.040   -3.640   -0.330   -3.450   -2.120   -5.820   -4.900   -4.560   -8.000   -5.090   -3.840
1964   -2.590   -3.350   -3.460   -5.850   -4.160   -0.820   -1.550   -3.520   -3.030   -4.060   -3.260   -3.910
1965   -2.120   -0.630    0.540   -4.180   -2.770   -4.750   -2.800   -5.860   -3.690   -5.910   -4.520   -3.400
1966   -2.960   -1.230   -2.750   -6.610   -1.560   -4.780   -1.920   -1.560   -3.700   -3.560   -6.990   -5.100
1967   -0.280   -2.630   -1.260   -0.560   -7.440   -0.300   -5.030   -1.750   -3.870   -4.860   -1.440   -1.430
1968    0.000    0.030   -5.300   -1.060   -1.310   -8.420   -4.370   -5.400   -3.260   -7.900   -5.970   -2.120
1969   -1.360   -4.000   -4.670   -3.830   -3.560   -3.550   -1.890   -1.880   -0.650   -2.670   -5.780   -2.010
1970   -7.290    0.570   -3.060    0.300   -3.990   -1.750   -4.140   -0.270   -4.110   -3.880   -3.270   -3.170
1971   -2.260   -2.220   -1.370   -0.840    0.360   -0.760   -2.180   -1.430   -5.150   -2.600    0.110   -2.610
1972    1.020    1.170   -3.150   -0.420   -0.880   -4.850   -3.030   -1.250   -6.760   -3.590   -6.180   -1.600
1973   -3.800   -3.540   -2.160   -2.910   -1.910    0.390   -2.210   -0.680   -4.430   -4.870   -1.580   -1.070
1974   -1.220   -3.080   -0.450   -1.040   -2.340   -1.760   -4.380   -0.110   -4.260   -2.070   -0.970   -3.390
1975   -0.020   -2.510   -3.960   -1.910   -5.670   -7.150   -1.200   -2.310   -3.930   -2.290   -1.710   -0.870
1976   -1.290   -2.000   -1.900   -0.860   -2.300   -0.110   -3.570   -3.890   -5.390   -4.700   -2.590   -3.030
1977   -2.590   -1.850   -2.540   -0.800    1.630   -0.620   -3.630   -2.680   -2.270   -4.330   -0.940   -1.970
1978   -0.380   -0.930   -3.560   -1.140    2.340   -5.160   -1.270   -2.890   -3.560   -1.680   -1.960   -1.560
1979   -1.150   -1.400   -3.400   -3.410    2.570   -4.330   -2.400    0.950   -1.730   -3.040   -2.850   -4.260
1980   -0.530   -1.000   -1.370   -5.510   -2.870   -0.440   -2.530   -2.190   -3.150   -7.270   -3.760   -0.880
1981   -2.960   -1.890   -1.050   -2.670   -4.690    0.840   -1.790   -5.680   -2.390   -6.950   -4.080   -1.730
1982   -1.400   -1.210   -1.430    0.140   -2.760   -2.290   -2.840   -3.330   -7.810   -2.450   -4.040   -1.540
1983   -2.800    0.530   -3.690   -4.490   -3.430   -3.480   -2.500   -7.490   -4.060   -3.300   -0.450   -1.500
1984   -2.090   -2.490   -5.380   -0.700   -4.870   -6.320   -3.020   -2.460   -5.260   -6.350   -5.000   -2.310
1985   -2.880   -2.400   -2.170   -0.880   -1.440   -3.930   -4.300   -3.320   -4.830   -4.960   -3.980   -4.470
1986   -1.800   -2.520   -2.040   -4.220   -1.000   -3.160   -2.540   -3.450   -6.200   -4.290   -7.320   -1.520
1987   -1.980   -1.150   -2.990   -3.530   -3.910    0.740   -9.400   -1.700   -3.260   -4.460   -2.660   -0.630
1988   -3.530   -0.390   -2.560   -2.610   -0.850   -0.060   -5.130   -2.740   -5.920   -1.270   -1.710   -2.780
1989   -0.990    0.320   -1.940   -2.450   -2.940   -2.500   -2.840   -1.650   -4.690   -3.120   -2.130   -3.790
1990   -2.360   -2.350   -2.770   -3.940   -0.080   -0.500   -0.230   -3.270   -0.190   -7.560   -6.510   -4.170
1991   -2.020   -1.360   -3.300   -3.630   -3.530   -1.720   -1.710   -7.670   -4.530   -4.110   -5.510   -4.860
1992   -2.370   -4.160   -3.280   -4.830   -4.590   -7.660   -3.830   -4.360   -1.870   -3.200   -4.700   -5.270
1993   -1.960    0.910   -2.320   -3.830   -4.060   -1.970   -0.880   -3.740   -4.350   -6.320   -4.210   -3.280
1994   -1.980   -1.960   -0.310   -3.720   -3.520    0.440   -4.090   -5.350   -3.550   -5.480   -3.090   -3.070
1995   -1.850   -3.440   -2.410   -3.270   -0.330    0.850   -4.320   -4.990   -5.490   -2.350   -6.580   -2.650
1996   -3.090   -2.940   -2.000   -5.090   -2.570   -4.190   -3.160   -8.690   -3.590   -4.080   -3.790   -5.100
1997   -3.320   -4.440   -3.340    0.410   -4.260   -2.080   -6.200   -5.130   -7.880   -7.570   -6.640   -7.250
1998   -3.930   -8.270   -4.540   -5.190   -3.180   -5.020   -3.750   -2.420   -3.880   -3.980   -3.910   -0.330
1999   -2.140   -2.240   -5.760   -2.260   -0.880   -2.320   -1.920   -3.820   -2.210   -7.010   -0.810   -1.460
2000   -2.000   -1.820   -2.060   -2.760   -2.110   -1.950    2.370   -3.850   -2.600   -4.260   -1.000   -2.030
2001   -1.430   -1.220   -2.540   -3.420   -2.190    1.260   -1.240   -4.740   -6.090   -3.910   -2.100   -0.630
2002   -1.650   -0.370   -2.690   -4.610   -5.860   -2.800   -1.420   -2.250   -1.260   -5.790   -3.420   -5.360
2003   -0.180    0.160   -1.010   -1.020   -2.940   -1.570   -0.950    0.410   -1.260   -2.620   -0.760   -1.140
2004   -1.890   -1.970   -3.010   -2.320    1.480    0.690   -3.170   -7.260   -2.730   -2.220   -3.370   -0.830
2005   -0.370   -4.310   -3.390   -2.260   -3.480   -2.700   -2.960   -3.420   -3.420   -3.280   -3.620   -1.130
2006   -1.370   -1.130   -0.510   -0.860   -0.570   -1.260   -2.370   -1.620    0.050   -4.910   -3.210   -2.340
2007   -3.370   -3.430   -2.860   -4.270   -2.530   -2.670    2.490   -1.310   -7.610   -3.910   -1.660   -2.750
2008   -2.710   -1.970   -3.450    0.270   -0.080   -0.190   -4.150   -0.520   -4.430   -3.850   -3.700   -3.290

