1948   -4.250   -2.720   -2.420   -5.400   -5.490   -4.660    0.560    1.880    0.870   -0.770   -1.680   -5.930
1949   -5.260   -6.110   -4.120   -2.120  -11.960   -5.620   -6.300   -4.530   -3.990   -4.080   -2.570   -5.900
1950   -2.210   -5.760   -1.590   -7.090   -7.260   -4.780   -4.260   -7.040   -4.430   -6.030   -5.660    0.500
1951   -0.120   -3.920   -2.910   -0.300    0.120   -4.530   -2.050    2.840   -4.810    0.030   -7.680   -5.950
1952   -2.880    0.040   -5.810    1.260  -12.120   -4.690   -2.310   -5.250   -0.940   -5.420   -3.040   -5.680
1953   -3.100   -6.670   -7.980   -7.360   -5.020   -6.070    1.690   -5.180  -11.080   -7.300   -3.140   -2.020
1954   -6.770   -5.740   -3.420   -5.800   -4.340   -1.850   -4.640    0.740   -4.660   -3.380   -1.930    0.930
1955   -2.790   -9.370   -7.310   -6.200   -2.710   -1.320    1.480   -3.360   -5.150   -3.270   -0.620   -3.510
1956   -1.980   -4.330   -6.360   -2.570   -1.470   -5.120   -0.380   -1.190   -7.160   -3.490   -4.540   -5.680
1957   -9.150   -8.130   -4.850   -5.580   -5.560    0.120   -4.410   -4.760   -0.600   -7.070   -3.340   -6.930
1958   -5.960   -3.140   -4.430   -0.330   -3.310   -7.410   -5.590    0.200   -8.920   -4.490   -7.700   -7.320
1959   -2.560   -8.190   -3.020   -9.740   -2.060   -4.660   -3.990   -3.380   -2.240   -8.490   -3.240   -1.670
1960   -4.910   -0.220   -3.920   -1.300   -1.540    3.030   -6.130   -1.670   -2.670   -5.400   -2.030   -4.680
1961   -5.080   -4.810   -2.180   -3.270   -3.240   -6.280   -2.600   -3.000   -6.410   -3.970   -1.850   -2.570
1962   -3.490   -0.260   -1.220   -4.240   -2.000   -4.570   -0.970   -2.280   -4.180   -3.530   -6.020   -6.070
1963   -4.790   -1.560   -6.660   -1.820   -5.320   -2.970   -5.700   -6.470   -6.230   -5.540   -4.320   -6.330
1964   -2.880   -3.710   -6.160   -4.300   -3.180   -3.370   -1.540   -4.960   -2.620   -1.560   -5.750   -3.020
1965   -2.360   -2.260    1.250   -6.120   -5.070   -3.800   -3.100   -4.270   -2.810   -3.720   -4.240   -8.770
1966   -2.210   -1.730   -2.490   -5.920    1.040   -7.550   -2.780   -2.310   -1.080   -2.370   -4.930   -7.740
1967    0.790   -2.460    0.640    0.800   -7.950   -7.220   -7.270   -4.930   -6.130   -5.610   -1.780   -4.340
1968    0.990   -1.480   -5.520   -2.030   -0.370   -8.990   -5.190   -4.050   -2.770   -7.640   -7.370   -4.850
1969   -1.270   -9.420   -6.760   -4.060   -6.820   -4.640   -3.590   -3.620   -2.490   -2.680   -4.710   -1.760
1970   -7.300   -2.690   -7.330   -1.290   -5.070   -4.490   -5.270   -1.560   -2.050   -1.730   -0.850   -3.120
1971   -3.920   -5.190   -2.850   -0.560   -0.830   -2.790   -3.240   -1.650   -3.940   -1.840   -0.110   -3.790
1972   -1.840   -1.150   -5.040   -0.150   -0.240   -2.460   -2.690    0.200   -6.070   -1.810   -4.030   -5.490
1973   -2.740   -5.340   -1.770   -4.950   -4.050   -3.760   -3.790   -0.560   -6.080   -2.700    0.420    0.630
1974   -2.820   -3.870   -1.150   -1.930   -1.820   -3.140   -6.750   -2.130   -4.810   -1.730   -1.390   -6.540
1975   -2.290   -5.600   -4.780   -3.050   -5.900   -6.610   -1.460   -3.060   -5.750   -1.140   -1.870   -0.610
1976   -7.110   -2.460   -2.880   -0.810    0.100    0.210   -3.960   -3.380   -1.230   -1.250   -1.950   -2.430
1977   -5.680   -5.680   -4.310    1.800    2.890   -1.040   -6.100   -3.760   -1.810   -4.400   -1.510   -2.760
1978   -2.320   -3.910   -3.170    1.330    3.830   -3.830   -0.310   -3.790   -3.310   -2.010   -2.230   -2.410
1979   -5.350    0.330   -1.460    2.000    6.430   -3.420    1.990    5.180   -1.160   -2.510   -2.720   -6.960
1980    1.440    0.560   -4.360   -6.800   -3.790    1.040   -4.080   -0.450   -0.070   -4.920   -3.140   -1.980
1981   -3.940   -5.460   -2.770   -1.750   -3.100    4.820    0.280   -1.670   -1.880   -3.610   -1.490   -0.530
1982    1.280    1.670   -1.320    2.330    1.170    2.210   -0.270    0.790   -4.100   -0.040   -1.690   -0.670
1983   -3.010    1.580   -0.580   -0.630    0.090   -1.990    1.340   -4.850   -3.440    1.540    2.180    0.550
1984   -5.030   -7.180   -5.110   -0.160   -4.730   -6.760    0.410   -0.550   -1.380   -6.120   -2.110    0.580
1985   -1.770   -3.940    0.430   -1.850    0.290   -1.200   -2.780   -2.020   -2.850   -3.550   -3.330   -4.650
1986   -0.930    0.540    1.040   -4.700    1.510   -3.540    0.340   -0.090   -3.210    0.260   -7.250   -2.640
1987   -2.610   -0.020   -4.010    0.470   -1.640    2.090   -4.990   -0.820   -1.030   -2.520   -2.460    0.130
1988   -4.260    0.850   -4.540   -2.370    1.280    0.170   -4.250   -2.260   -4.740    0.420   -0.250   -0.960
1989   -0.150   -1.030   -1.900   -3.200   -2.740   -0.650   -1.750   -1.670   -1.700    0.260   -2.210   -6.220
1990   -2.880   -7.170   -3.630   -6.220   -0.260    2.340    0.020   -1.030    1.330   -6.180   -6.820   -4.060
1991   -4.230   -0.070   -0.710   -4.440   -2.850   -0.210   -0.920   -5.330   -0.900   -3.100   -5.550   -8.220
1992   -4.580   -6.220   -0.880   -3.270   -1.890   -6.860   -2.730   -1.230    0.160   -2.470   -3.260   -7.270
1993   -3.480    1.160   -2.000   -3.560   -3.850    0.800   -0.030   -0.280   -2.130   -4.490   -3.570   -1.590
1994    0.510   -0.970    2.930   -2.540   -1.480    2.140    0.070   -3.440   -1.890   -4.700   -3.420   -4.900
1995   -3.330   -2.090   -1.390   -1.180    3.200    2.490   -5.390   -4.200   -4.160    2.770   -4.790   -3.500
1996   -2.670   -2.460   -1.470   -5.250    0.430   -1.630   -0.210   -5.290   -0.110   -1.400   -4.870   -3.830
1997   -3.330   -3.820   -5.050    2.120   -3.280   -0.520   -2.590   -1.570   -4.400   -6.590   -5.580   -4.140
1998   -2.360   -6.290   -0.910   -3.110   -0.310   -3.890   -1.620   -0.760   -1.170   -1.630   -2.380    0.700
1999   -1.100   -0.520   -7.490   -3.430    1.770   -1.550   -4.560   -2.480   -1.990   -5.650   -0.960   -4.140
2000   -5.500   -2.010   -0.520   -3.530   -2.860   -3.880    2.820   -2.430   -2.020   -3.980   -0.820   -6.330
2001   -3.400   -3.640   -4.760   -5.110   -3.220   -1.300   -1.050   -3.920   -5.720   -2.350   -2.640   -3.140
2002   -1.810    0.860   -5.560   -8.050   -6.270   -4.660   -0.570   -1.840    0.060   -8.880   -4.480   -6.750
2003   -2.670   -2.210   -1.190   -1.420   -0.670    0.360   -0.340   -0.890   -2.000   -0.180    0.080   -2.740
2004   -1.440    0.180   -5.380   -4.770    4.730    1.150   -0.630   -5.630   -1.260   -1.380   -3.040   -1.810
2005   -1.340   -8.600   -4.830   -4.550   -4.890   -0.460   -2.030   -0.090   -4.010   -5.030   -4.310    0.720
2006   -1.030   -0.590   -3.510   -0.670    1.490   -0.920   -1.640   -1.350    0.250   -5.020   -4.330   -5.440
2007   -6.320   -6.410   -5.620   -7.120   -3.600   -6.970    1.000   -5.410   -7.850   -5.290   -2.510   -3.640
2008   -1.910   -3.570   -3.970   -1.140   -1.640   -1.610   -3.210   -0.130   -2.950   -3.920   -3.790   -1.450

