1948   -2.050   -2.530   -2.380   -4.520   -3.410   -3.010    1.930    1.500    0.030   -1.050   -1.310   -4.200
1949   -2.530   -3.520   -2.310   -1.200   -5.750   -3.340   -5.240   -1.930   -1.180   -0.210   -0.820   -5.260
1950   -2.000   -4.580   -2.030   -2.980   -1.970   -1.800   -1.470   -3.160   -1.210   -1.240   -3.100   -0.680
1951   -0.210   -3.400   -2.380   -1.280    1.060   -2.050   -1.030    1.070    0.090    2.020   -3.830   -4.010
1952   -1.100   -0.070   -4.820    0.450   -7.250   -3.680   -1.320   -2.710    0.150   -2.370   -2.150   -3.630
1953   -1.440   -4.720   -4.280   -3.650   -1.390   -2.210    1.270   -0.740   -4.560   -2.590   -0.760   -1.140
1954   -3.460   -2.830   -0.870   -3.220   -1.520   -1.330   -2.050    2.510   -0.740   -2.150   -2.070    0.820
1955   -2.850   -5.710   -3.320   -3.320   -1.160   -0.720    1.360   -2.390   -2.610   -1.440   -0.010   -1.630
1956   -0.960   -1.290   -3.350   -0.830   -1.390   -3.400   -0.590   -0.680   -2.050   -0.780   -1.560   -2.930
1957   -4.120   -2.880   -3.700   -3.790   -4.420   -1.300   -2.800   -3.350   -1.850   -3.960   -1.710   -3.970
1958   -3.510   -1.730   -2.120   -1.270   -3.340   -4.380   -3.220   -1.340   -4.220   -1.880   -1.860   -3.730
1959   -0.680   -3.170   -1.230   -5.090   -2.390   -2.310   -2.180   -1.160   -0.420   -3.200   -0.610   -1.060
1960   -3.570   -1.060   -3.380   -0.650   -0.110    0.720   -3.650   -1.360   -0.970   -2.730   -0.640   -2.660
1961   -1.960   -1.400   -1.460   -2.590   -2.220   -4.580   -0.570   -0.640   -2.910   -2.010    0.200   -1.850
1962   -2.960   -0.590   -1.230   -1.910   -0.810   -2.760   -1.510   -1.310   -2.140   -2.150   -2.970   -2.820
1963   -2.330   -0.680   -3.900   -1.410   -4.440   -3.130   -1.690   -2.320   -2.930   -0.040   -1.420   -2.800
1964   -2.170   -1.720   -2.730   -2.490   -1.660   -2.750   -0.730   -2.360   -1.500   -1.280   -2.890   -1.490
1965   -1.590   -1.350    0.200   -2.630   -3.500   -2.410   -1.810   -1.230   -1.050   -2.040   -1.710   -2.050
1966   -1.290   -1.730   -2.130   -3.760    0.860   -3.370   -1.090   -1.110    0.310   -0.090   -2.360   -2.920
1967   -0.710   -2.070    0.310    0.970   -4.190   -5.200   -3.640   -1.740   -2.540   -2.110   -1.470   -2.980
1968    1.060   -1.770   -2.560   -0.560    0.080   -4.840   -3.540   -1.820   -1.510   -4.290   -3.830   -2.560
1969   -0.290   -5.710   -4.780   -3.110   -4.320   -2.800   -1.580   -1.840   -0.880   -1.770   -2.810   -1.890
1970   -3.490   -1.480   -3.250   -0.380   -3.340   -4.150   -3.670   -1.280   -1.970   -1.160   -1.080   -1.480
1971   -2.140   -1.610   -1.940    0.320   -1.280   -2.390   -1.350   -0.850   -2.630   -1.430    0.370   -1.740
1972   -1.130   -0.620   -2.580   -0.410   -0.060   -1.620   -2.420    0.940   -2.960   -0.690   -1.590   -3.020
1973   -0.590   -2.100   -1.980   -2.330   -3.750   -3.220   -1.920   -0.240   -2.500   -1.070    1.410   -0.560
1974   -0.790   -0.590   -0.710   -1.190   -1.380   -2.610   -3.190   -1.100   -2.500   -1.440   -1.100   -4.050
1975   -1.030   -2.690   -2.580   -1.350   -4.640   -4.350   -0.900   -2.020   -3.920   -1.430   -0.750   -1.360
1976   -3.360   -1.340   -1.050   -0.520   -1.680    0.590   -2.870   -2.270   -0.360   -2.400   -2.430   -0.350
1977   -3.360   -2.790   -1.800    0.320    0.750   -1.930   -3.870   -2.730   -2.510   -3.390   -0.900   -1.750
1978   -1.870   -2.910   -2.650    1.380    2.440   -3.950   -0.900   -3.850   -3.010   -2.140   -1.010   -2.040
1979   -1.740    0.790   -0.080    0.640    3.950   -0.530    1.770    3.510   -1.310   -1.190   -0.630   -2.580
1980    0.750    0.420   -1.990   -4.490   -3.640   -0.050   -2.650    0.310   -0.160   -2.440   -1.440   -1.450
1981   -1.950   -1.470   -1.190   -0.800   -1.470    3.020   -0.050   -1.410   -0.930   -1.950   -1.170   -0.780
1982    0.970    0.530   -1.050    0.570    0.810    0.700    0.710    0.920   -1.790    2.270   -0.560    0.360
1983   -1.560    0.550   -0.660    0.230   -0.590   -2.370    0.180   -1.630   -2.630    1.240    0.910    0.050
1984   -1.920   -2.610   -1.530   -0.150   -2.940   -5.070    1.400   -0.530   -1.310   -3.820   -0.290    1.350
1985   -0.200   -0.610    0.100   -1.370    0.010   -1.070   -1.400   -0.730   -0.890   -1.590   -0.870   -2.100
1986   -0.380    0.220   -0.200   -1.890    0.590   -2.480    1.260   -0.170   -0.910    0.710   -3.360   -1.510
1987   -1.120   -0.520   -2.290   -0.600   -2.300    0.840   -1.890   -0.580   -1.230   -2.100   -1.090   -0.570
1988   -1.570   -0.400   -2.320   -0.060    0.570   -0.470   -2.810   -1.640   -2.870   -0.090    0.180   -1.010
1989   -0.650   -1.230   -1.470   -1.880   -1.310    0.250   -0.250   -0.360   -1.220    0.310   -1.090   -3.450
1990   -2.390   -2.790   -2.570   -3.730   -1.030    0.920    0.390   -0.180    1.430   -2.050   -3.430   -1.250
1991   -2.280   -0.730   -1.450   -2.390   -1.610   -1.060   -0.770   -2.450   -0.570   -1.570   -2.650   -4.300
1992   -1.900   -2.820   -1.650   -2.740   -3.050   -5.870   -2.200   -1.530   -0.290   -0.890   -1.480   -1.950
1993   -1.320   -0.720   -1.350   -1.460   -2.830   -0.190    0.440    0.390   -0.920   -2.080   -1.970   -0.670
1994    0.650   -0.580    0.740   -1.140   -1.500    1.640    0.380   -1.550   -0.980   -2.690   -1.540   -2.970
1995   -1.170   -0.440   -0.770   -1.190    2.370    1.690   -4.360   -2.550   -2.420    1.850   -2.030   -1.820
1996   -1.500   -1.810   -2.030   -2.940    0.880   -2.330   -0.030   -2.810   -0.390   -0.530   -2.080   -1.630
1997   -2.240   -1.550   -2.790    1.550   -3.120   -0.310   -1.530   -1.400   -0.610   -3.880   -2.190   -2.150
1998   -1.550   -2.680   -0.910   -2.220   -0.450   -2.270   -1.570   -0.600   -1.370   -0.700   -0.960    0.000
1999   -1.310   -0.600   -3.650   -2.160    1.050   -1.260   -3.150    0.440   -0.490   -2.680   -0.870   -3.360
2000   -3.150   -1.810   -0.680   -1.450   -1.020   -2.410    1.690   -0.670   -0.800   -0.930   -0.100   -3.340
2001   -1.720   -2.140   -2.820   -1.960   -2.690   -0.300    0.350   -1.940   -1.680    0.000   -0.730   -2.820
2002   -1.780   -0.360   -2.530   -3.400   -3.980   -3.540   -0.160   -0.390   -0.420   -3.860   -2.310   -3.440
2003   -0.930   -1.740   -0.870   -0.950    0.460    1.110    0.320   -0.760   -1.930    0.300    0.540   -1.360
2004    0.260    0.520   -3.600   -1.830    2.260    0.590    1.360   -3.170   -0.240    0.130   -1.500   -2.240
2005   -2.540   -3.950   -2.340   -2.780   -3.320   -1.130   -0.920    0.850   -1.670   -0.200   -0.890   -0.210
2006   -0.150   -0.230   -1.640    0.080    0.960    1.610    0.440    1.000    2.560   -0.550   -0.820   -1.980
2007   -3.610   -2.170   -1.990   -3.450   -1.990   -4.010    1.780   -2.380   -2.530   -0.210   -0.270   -2.380
2008   -1.610   -1.750   -1.850   -0.940   -1.270   -1.300   -0.630    0.800   -1.430   -1.030   -2.780   -1.180

