1948   -2.190   -1.560   -0.740    1.970   -0.950   -0.210    2.590    2.470    0.070   -4.970   -4.440   -1.010
1949   -1.890   -1.690    0.930    0.860    1.590    0.460   -2.580    3.580   -4.290   -4.020   -2.570   -1.150
1950   -1.880   -1.930   -0.410    1.820    0.410   -0.500    0.670   -2.800    1.030   -6.280   -2.570   -1.100
1951   -2.150   -1.870   -0.770   -0.200   -0.090    0.580    1.380   -1.160    3.000   -6.010   -4.560    0.560
1952   -1.160   -1.370    0.020   -0.130    1.830   -2.870    1.110   -1.750   -2.830   -3.270   -2.090   -0.630
1953   -1.820   -1.680   -1.110    0.340    0.900   -0.130   -3.520   -0.540   -1.950   -7.130   -4.760   -0.480
1954   -2.000   -1.960   -1.710    0.480   -0.110   -0.060   -0.180   -0.240   -0.530   -6.920   -3.050   -1.440
1955   -2.140   -2.300   -0.880    1.480    0.410   -0.120    1.260   -7.460   -0.370   -3.230   -2.250   -1.350
1956   -2.220   -1.840   -0.590    1.550    4.190   -0.390   -1.110   -1.540   -3.690   -4.560   -1.020   -1.450
1957   -1.940   -2.030   -0.120    2.850    1.620   -4.580    1.740    3.170   -3.420   -6.450   -3.040   -1.890
1958   -2.330   -2.450   -1.200    1.410   -1.520   -2.070    0.110   -0.840   -1.450   -3.500   -2.150   -1.950
1959   -2.630   -2.460   -0.560    2.150   -0.760    0.930    0.120   -2.970   -1.060   -3.500   -5.040   -1.380
1960   -2.330   -2.520    0.530    4.420    1.540    0.520   -2.760   -2.430   -2.680   -3.270   -1.360   -1.660
1961   -3.190   -2.710   -1.290    3.730   -0.360    0.580   -0.410    0.780   -4.300   -1.820   -4.120   -1.160
1962   -2.370   -2.200   -2.060    3.830    3.050    2.150    0.410   -0.730   -1.890   -2.610   -3.340   -1.450
1963   -3.340   -3.020   -0.980    3.010   -0.840   -1.330   -0.880    2.700   -2.440   -1.960   -1.660   -1.330
1964   -2.510   -2.400   -1.150    1.520   -0.780    0.160   -0.420   -1.120   -4.570   -4.020   -1.550   -2.900
1965   -2.590   -2.140   -1.820    4.340    0.500   -3.790   -0.680    0.640   -5.550   -5.460   -1.890   -0.970
1966   -2.560   -2.810   -1.790    1.700    1.320   -0.540   -1.290   -1.390   -3.710   -4.970   -5.250   -2.550
1967   -3.020   -2.810   -3.170   -0.730    0.390    2.750    2.770   -2.320   -2.900   -2.920   -2.700   -3.060
1968   -2.870   -2.150   -2.000   -0.170    3.470   -0.210    0.670   -0.320   -4.670   -3.980    0.500   -2.000
1969   -2.470   -2.180   -1.330    1.990    0.240   -1.390   -0.620    0.190   -1.970   -3.010   -2.780   -1.410
1970   -2.720   -2.270   -1.860   -0.570    1.120    2.990   -0.550    1.370   -1.810   -1.700   -1.330   -2.650
1971   -1.940   -1.530   -2.200    2.420    0.270   -1.850   -2.690    0.650   -3.950   -4.610   -4.110   -2.140
1972   -2.580   -2.440   -1.660    0.790    0.390   -1.550   -3.170    5.470   -0.320   -3.630   -1.370   -1.450
1973   -2.380   -2.320   -2.180    1.410    0.990   -1.460    1.550    3.520   -2.870   -3.540   -3.360   -2.180
1974   -2.720   -2.610   -3.310   -0.570    0.820    3.380   -0.880   -5.690   -1.920   -4.790   -2.630   -1.970
1975   -2.810   -3.000   -2.080    2.750   -1.620   -1.160   -1.020   -1.590   -2.510   -1.450   -4.610   -1.350
1976   -3.170   -2.870   -2.430    0.570    0.860   -1.030   -1.390   -1.370   -0.490   -4.140   -3.240   -1.740
1977   -3.290   -3.110   -2.290    1.300    0.160    0.750    0.180   -2.180   -3.280   -1.410   -3.300   -2.790
1978   -3.230   -3.080   -2.440    1.650    2.100   -2.780   -3.280   -5.300   -2.540   -3.600   -5.200   -2.260
1979   -4.300   -2.650    0.390    6.710   -0.750    0.060    1.910   -0.400   -4.070   -1.720   -1.080   -1.930
1980   -2.940   -2.560   -0.900    5.380    3.140   -0.880   -0.450    1.490   -0.020   -0.460   -3.930   -2.090
1981   -3.170   -3.000    0.180    5.190    2.390    1.340   -0.380   -2.840   -0.240    0.430   -2.430   -2.650
1982   -3.560   -2.290    0.420    4.150   -0.200    0.630   -0.090    0.340   -1.700    0.200   -2.120   -1.490
1983   -2.510   -2.700    0.960    4.460   -0.550   -0.930    0.480    0.530   -0.020    0.950   -2.140   -2.680
1984   -3.280   -2.560   -0.090    4.330   -1.050   -2.700   -1.580    1.690    0.550   -0.750   -1.110   -2.370
1985   -2.360   -1.490   -1.200    4.980    0.480    0.080   -1.070    1.400   -0.630    0.180   -1.730   -2.100
1986   -2.610   -3.260   -2.930   -4.500   -5.510   -0.360   -1.490   -5.400   -3.390   -5.710   -6.360   -2.470
1987   -2.600   -2.730   -3.340   -4.590   -1.680   -2.590    2.090   -1.150   -2.350   -0.790   -1.920   -1.840
1988   -2.330   -2.440    0.900    4.820    0.760   -0.530   -1.140   -1.600    0.480   -1.870   -2.540   -2.540
1989   -3.200   -3.130    0.280    5.620   -1.420   -0.530    0.590    1.250    3.020   -3.440   -1.940   -2.330
1990   -3.090   -2.610    1.630    2.180   -2.130   -2.800    0.310   -1.070   -0.690   -0.170   -3.270   -2.030
1991   -3.010   -2.610   -0.290    4.830   -0.600   -2.650   -0.680   -0.250   -2.770   -5.320   -2.270   -2.250
1992   -3.110   -2.190   -0.080    1.390   -1.410   -2.140   -1.560   -1.180   -1.040   -1.650   -1.590   -2.050
1993   -2.500   -2.570   -0.040    4.870   -0.350   -0.240    1.230   -1.420    1.860   -1.630   -2.440   -2.320
1994   -3.460   -2.430    0.170    4.200   -0.250    0.430   -2.050    1.800   -3.530   -4.020   -3.910   -2.700
1995   -3.310   -2.730   -0.540    4.870    0.040   -1.460   -6.460   -1.960   -3.000   -2.550   -2.710   -2.170
1996   -3.080   -2.360   -0.720    5.890   -1.750   -1.130   -1.500   -1.330   -2.810    1.340   -2.990   -1.450
1997   -3.150   -2.320   -0.210    1.190    0.120   -3.000   -1.790    0.660    1.910   -1.300   -2.970   -2.950
1998   -3.420   -2.910    0.410    4.730    0.840    1.370   -1.700   -0.130   -0.760    0.000   -2.200   -2.460
1999   -3.190   -3.430   -1.110    3.980   -0.290    0.620    0.030    2.020   -0.730    0.830   -1.430   -2.410
2000   -3.410   -3.310   -1.340    2.930   -0.700   -0.790   -1.100    1.200   -0.420   -0.500   -1.730   -2.970
2001   -4.000   -3.050   -0.730    1.210    0.050   -1.110   -0.080   -2.920    2.060    4.360   -0.620   -2.380
2002   -3.840   -3.490   -1.130    0.690   -3.120   -4.070   -3.060   -1.560   -0.790    1.860   -2.970   -2.020
2003   -3.640   -2.940   -1.300    2.500   -1.900   -1.200   -0.140    0.500   -1.770   -1.280   -1.850   -2.510
2004   -3.800   -3.190   -0.400    2.050   -3.580   -0.170   -1.910   -2.180   -2.920    0.710   -2.410   -1.820
2005   -2.510   -3.540   -0.740    3.350   -0.240   -2.820   -0.890   -1.800   -4.020    0.410   -1.880   -3.310
2006   -4.220   -2.960   -0.930    3.620   -1.230   -1.300    0.600    2.120   -0.130    1.880   -2.170   -1.130
2007   -2.580   -3.810   -3.220   -0.760   -1.450   -3.690    0.600   -1.460   -0.770   -0.540   -2.530   -2.820
2008   -3.310   -3.570   -3.580   -0.230   -1.420   -1.880    0.130   -4.960   -2.980   -2.210   -2.530   -2.790
;This file contains all the velocity data for the pressure level 1040.  This file was downloaded from the Earth System Research 
;Laboratory website.
