1948    0.000   -0.110   -1.440   -1.790   -2.350   -3.040   -3.290   -2.390   -1.690   -2.230   -0.350    0.550
1949    0.630    1.060    1.170    0.070   -2.080   -1.910   -3.260   -1.570   -1.280    0.920    1.380    2.480
1950    2.300    2.220    0.840   -0.180   -1.710   -2.990   -2.870   -1.500    0.040    1.520    2.700    2.880
1951    2.410    2.570    1.680    0.340   -1.490   -1.880   -1.500   -0.110   -0.830    1.450    2.670    2.280
1952    2.530    2.340    1.820    0.310   -0.960   -1.500   -3.100    0.000    0.670    0.990    2.890    2.790
1953    2.930    2.770    1.030   -0.120   -1.060   -0.900   -1.430   -1.550   -1.650    0.760    2.930    2.550
1954    2.150    2.300    1.060    0.440   -0.260   -2.740   -1.990   -1.940    0.440    0.760    1.680    2.260
1955    2.700    2.140    0.710   -0.060   -1.450   -1.630   -1.570   -1.690   -1.400    0.550    2.050    1.970
1956    2.400    1.910    0.700   -0.240   -0.270   -2.610   -2.230   -2.840   -3.100    0.750    1.710    2.050
1957    2.870    1.490    0.710   -0.350   -1.710   -0.960   -2.230   -2.280   -1.440   -1.420   -1.170   -1.360
1958   -0.400   -0.770   -2.200   -1.070   -1.190   -1.640   -0.900   -1.120   -2.910   -0.360    0.810   -0.400
1959    0.160   -0.090    0.260   -0.850   -0.400   -2.970   -2.580   -1.930   -0.460    0.140   -0.620    0.380
1960   -0.760   -0.650   -0.200   -0.350   -1.200   -3.040   -2.710   -1.060   -1.760   -1.060    1.390    0.520
1961   -0.120   -0.710   -0.860   -1.100   -2.410   -3.520   -3.480   -3.990   -2.300   -0.570   -0.540    0.250
1962   -0.270   -0.750   -0.800   -1.610   -1.490   -3.000   -2.000   -1.870   -1.760   -1.470   -0.760   -0.770
1963    0.370   -0.850   -0.020   -0.200   -1.730   -3.420   -5.110   -4.990   -2.600   -2.400   -1.070   -0.150
1964   -0.830   -1.120   -1.150   -2.870   -2.130   -2.130   -2.090   -2.520   -0.620   -1.100   -0.490   -0.980
1965    0.150    0.440    0.300   -1.900   -0.690   -2.430   -3.960   -2.940   -1.610   -1.220    0.440    0.850
1966    0.410   -0.250   -0.220   -1.640   -1.180   -3.520   -2.670   -1.820   -1.760   -0.080   -0.740   -0.670
1967    1.320   -0.160    0.200   -1.140   -3.080   -2.320   -2.630   -1.650   -1.670   -0.880    1.010    0.730
1968    0.900    0.830   -0.560   -1.550   -2.100   -4.490   -2.740   -3.940   -2.970   -2.280   -1.120    0.740
1969   -0.310    0.670   -1.130   -1.760   -2.450   -3.820   -2.270   -2.340   -0.800   -1.170   -2.190    0.120
1970   -2.000    0.770   -0.970   -0.640   -3.070   -2.690   -3.550   -1.400   -1.160   -1.780   -0.940   -0.810
1971   -0.030   -0.180   -0.850   -0.380   -1.020   -3.120   -2.390   -1.390   -1.670   -0.390    1.820    0.260
1972    1.940    1.330    0.550    0.170   -1.100   -3.380   -2.270   -2.960   -2.870   -0.790   -1.680    0.900
1973   -0.100   -0.720   -0.550   -0.260   -1.280   -0.560   -1.900    0.240   -0.830    0.540    1.470    0.710
1974    1.950    0.320    0.920   -0.260   -1.640   -2.550   -1.610   -0.640   -1.700   -0.160    1.160    1.520
1975    2.370   -0.010    0.180   -0.150   -1.810   -2.610   -2.080   -1.200   -0.380    0.740    1.160    1.390
1976    1.000    0.280    0.150   -0.050   -2.020   -1.520   -1.920   -1.300   -1.300   -0.480    1.160    0.350
1977    0.970    1.470   -0.140    0.140   -0.210   -1.240   -3.210   -1.060    0.030   -0.060    1.810    0.740
1978    1.140   -0.290    0.780   -0.710    0.440   -3.080   -2.650   -0.330   -0.730    0.590    0.070    0.770
1979    0.530    0.480   -0.310   -0.940    0.240   -1.280   -1.480    0.510    0.590    0.910    0.850    1.240
1980    2.240    1.330    1.770   -1.450   -1.200   -1.610   -3.150   -0.960   -0.010   -0.140    0.870    1.960
1981    1.470    1.350    0.790   -0.040   -1.670   -1.050   -1.200   -1.850   -0.310   -0.860    1.280    1.790
1982    1.470    0.860    0.740    0.150   -1.020   -2.790   -2.790   -1.820   -1.810    0.240    0.820    1.570
1983    0.340    1.510    0.120   -1.580   -1.800   -2.210   -3.000   -3.200   -0.870    1.540    1.850    1.520
1984    1.390    0.590   -1.660   -0.420   -3.090   -2.940   -3.110   -1.380   -1.800    1.280    0.450    1.130
1985    0.510    1.760   -0.410    0.830   -1.000   -2.450   -3.030   -1.040   -1.230   -0.060    1.420    1.080
1986    1.320   -0.140    0.220   -1.720   -1.930   -2.030   -1.600   -2.450   -0.620    0.600    0.380    2.080
1987    1.210    0.080    0.490   -0.540   -2.800   -0.670   -5.460   -2.500   -1.500   -0.190    1.640    1.740
1988    0.440    0.600    1.400   -0.850   -1.580   -2.620   -2.580   -2.090   -0.840    0.980    2.360    1.020
1989    1.010    1.870    0.630   -0.350   -1.800   -2.480   -2.820   -1.070   -1.240    0.810    1.320    2.110
1990    1.380    1.190   -0.110   -1.740   -0.910   -1.320   -1.610   -1.400   -0.360   -0.400    0.160    0.950
1991    1.860    1.440   -0.190   -1.390   -2.250   -2.720   -2.590   -2.120   -0.890    0.150    0.780    0.750
1992    1.550    0.210   -0.790   -1.160   -3.740   -3.510   -1.980   -2.850   -0.280    0.150    0.710    1.410
1993    1.190    1.510    1.360   -1.120   -1.710   -3.070   -1.740   -1.420   -1.290    0.180    0.660    0.570
1994    2.200    1.190    0.420   -1.140   -1.790   -1.260   -3.190   -1.420   -0.250    0.140    2.020    1.720
1995    2.340    0.340    0.280   -0.380   -0.240   -1.550   -2.800   -2.330   -0.320    0.030   -0.110    2.170
1996    1.430    1.170    0.220   -1.070   -2.240   -2.810   -2.500   -2.920   -0.100    0.170    1.100    0.180
1997    1.060    0.240   -0.580    0.480   -1.820   -3.840   -2.180   -1.960   -2.370   -1.910   -0.140   -1.470
1998   -0.050   -1.040   -0.430   -1.200   -0.600   -2.170   -1.770   -1.160   -0.900   -1.640   -0.400    0.690
1999    0.270    0.210   -0.100   -1.580   -1.500   -2.910   -2.540   -2.740   -2.300   -2.930   -1.020   -0.460
2000    1.550   -0.060   -0.810   -2.300   -3.400   -4.660   -2.130   -3.970   -3.590   -2.210   -0.440   -0.060
2001    0.680   -0.350   -0.130   -2.490   -3.220   -1.980   -3.960   -3.460   -3.130   -3.300   -1.040   -0.810
2002   -1.260   -1.400   -1.070   -2.840   -3.990   -3.400   -3.420   -3.950   -2.710   -2.470   -2.020   -1.790
2003   -0.210   -1.390   -0.370   -1.720   -3.150   -3.250   -2.990   -1.800   -2.190   -1.570   -0.810   -0.060
2004    1.140   -1.120   -1.620   -2.020   -3.050   -2.770   -2.860   -3.360   -2.950   -1.800   -0.020    0.350
2005    0.880   -1.330   -1.680   -2.610   -3.840   -4.590   -3.800   -3.920   -3.550   -2.930   -1.470   -1.850
2006   -0.310   -1.220   -1.880   -2.420   -2.830   -4.120   -3.780   -4.300   -3.290   -2.160   -2.020   -1.620
2007   -1.470   -2.080   -2.040   -3.270   -3.620   -4.410   -2.710   -2.750   -3.440   -2.500   -2.140   -2.060
2008   -1.730   -2.370   -2.830   -3.270   -3.400   -3.080   -3.360   -2.980   -3.460   -2.390   -1.990   -1.230

