1948    0.940   -0.040   -0.610   -0.930    0.850    1.850    3.740    2.780    1.800    1.730   -0.150   -0.750
1949   -0.520   -1.370   -0.260    2.050   -0.070    0.100   -1.850    0.940    0.930    2.030    1.160   -1.850
1950    0.430   -1.770    0.310    0.110    1.450    1.800    0.600    0.170    0.550    0.200   -0.490    1.320
1951    0.450   -0.400   -0.340    1.080    2.670    0.280    0.630    0.590    2.480    3.040   -0.890   -0.630
1952    1.030    0.300   -1.140    0.500   -2.100   -2.170    0.900   -0.810    0.290   -0.430   -0.470   -1.350
1953    0.280   -0.860   -0.700   -1.140    0.770    1.830    1.900    2.440   -0.930   -0.450    0.150    0.710
1954   -2.200   -0.190    0.670   -0.970    0.450    0.930    0.460    3.310    1.410   -1.700   -0.160    1.920
1955   -1.100   -2.950   -0.720   -0.320    0.760    0.380    1.950   -1.360   -0.310    0.210    0.760    0.870
1956   -0.570    0.570   -0.480    0.370    1.020   -0.960    0.780    0.290    0.930    0.470    1.390    0.090
1957   -0.490   -1.310   -1.130   -0.080   -2.180   -0.310    0.190   -0.130   -0.270   -1.670   -0.210    0.170
1958   -0.010   -1.330    0.480    0.610   -1.360   -0.030    0.480   -0.620   -0.500    0.930    0.510    0.060
1959    0.870   -1.070    0.150   -0.910   -0.570    1.200    1.760    1.220    0.780   -0.520    0.880    1.280
1960   -0.840    0.260   -0.090    0.590    2.450    0.430   -1.580    0.090    0.940    0.200    0.570    0.540
1961    0.080    0.020    0.430   -0.340    1.720   -0.970    1.790    3.020   -0.170    0.540    1.330    1.130
1962   -0.410    0.670    0.190    0.490    1.840    0.410    0.030    0.530    0.440   -0.460    0.170    0.690
1963    0.100    0.590   -0.830    1.180   -0.950   -0.850    2.370    1.520   -0.390    2.460    0.960    1.120
1964    0.570    1.150    0.840    1.340    0.670    0.230    0.480   -0.570   -0.210    0.690    0.410    0.870
1965    0.030    0.050    1.320    1.240   -0.500   -0.290    0.170    1.940    0.000   -0.100    0.750    1.160
1966    0.350   -1.260   -0.200    0.230    2.880    1.290    0.620    0.450    2.130    1.770    1.160    0.990
1967    1.860    0.600    0.800    2.370   -0.130   -1.780    0.640    0.890    0.640    0.740    0.170    0.640
1968    0.660   -1.160   -0.110    1.420    1.110   -0.720   -0.630    0.910   -0.390   -0.650    0.380    0.050
1969    1.030   -1.930   -1.560   -0.580   -1.060    0.430   -0.110   -0.680    0.490    0.630    0.110    1.360
1970   -0.680    0.650    0.340    1.970   -0.680   -1.210   -1.770   -0.830   -0.140    1.050    1.500    0.670
1971    0.420   -0.580    0.680    1.630    0.690   -0.940    0.760    0.720   -1.710   -0.090    1.620    1.350
1972    1.420    0.950    0.030    1.260    1.470    0.560   -0.170    2.220   -0.070    1.880    1.570    0.550
1973    2.430    0.020    0.950    0.500   -2.140   -2.020    0.960   -0.020   -1.260    0.000    1.690    0.780
1974    1.610    1.150    1.150    1.060    1.250    0.040   -0.270   -1.000    0.490    0.040    0.190    0.240
1975    1.340   -0.390   -0.110    0.900   -1.100   -1.340    0.450   -0.540   -1.390   -0.080    0.150    0.380
1976    1.020    0.510    0.930    0.690   -0.320    1.130   -0.040    1.050    2.430   -0.340   -0.690    2.250
1977   -0.220    0.900    0.710    1.100    1.070   -0.500   -1.450   -1.470   -1.540   -1.050    0.960    1.260
1978    1.220    0.470    0.560    2.060    3.590   -2.330   -0.260   -1.570   -0.900    0.350    1.510    0.880
1979    0.860    0.350    0.410    0.830    2.430    0.910    2.420    2.740   -1.840   -0.680    1.230    1.780
1980    1.850    0.690    0.150   -2.040   -1.620    0.700   -1.090    0.810    0.230   -0.510   -0.220    0.390
1981    1.340    0.280   -0.040    0.270    0.770    2.610    0.340   -0.270    0.210   -0.400   -0.060    0.850
1982    1.720    0.270   -0.080    0.590    1.010    0.670    0.950    1.370   -0.260    3.650    0.730    1.990
1983    1.790    2.200   -0.090    1.100    0.990   -0.620    1.270    1.140   -1.260    0.830    0.790    1.730
1984    1.190   -0.030    0.510    0.330   -0.330   -2.510    2.270    0.140   -0.230   -1.380    0.440    2.360
1985    0.970    0.730    0.850   -0.780    1.390    0.170    0.390    0.640    0.400    0.740    1.390    0.890
1986    2.740    2.180    1.230    0.810    1.760   -1.030    1.970    0.710    2.150    1.990    0.750    0.820
1987    1.650    0.400    0.280    0.390    0.030    1.620    1.600    0.500    0.230   -0.940    0.780    0.390
1988    1.210    1.200    0.040    1.130    1.090    0.730   -1.220   -0.780   -1.340    0.230    1.260    1.220
1989    1.320    0.870   -0.460   -1.010    0.320    1.100    1.280    0.840   -0.950    0.460    0.620    1.020
1990    0.910    0.480   -1.400   -1.210   -0.340    0.910    1.230    0.440    1.600    0.520   -0.490    1.140
1991    1.510    1.550    0.280   -0.400    0.760   -0.180    1.040    0.160    0.150   -1.040   -0.280    0.030
1992    1.180    0.650    0.020   -0.250   -1.300   -3.320   -0.690   -1.900   -0.710   -0.430    0.160    1.650
1993    1.780    1.620    0.230   -0.170   -0.120    0.560    1.060    1.250   -0.440    0.530    0.050    1.630
1994    2.680    0.860    0.750    0.850    0.220    2.000    0.950   -0.270   -0.380   -1.130   -0.250    1.190
1995    1.860    1.170    0.260   -0.600    3.010    2.110   -2.050    0.600   -1.260    1.690    0.170    0.880
1996    1.380    1.210   -0.060   -0.600    2.430   -1.210    0.600   -0.650   -0.050    0.650   -0.220    0.580
1997    1.070    0.860   -0.210    1.850   -0.250    1.640    1.500   -0.290    1.710   -0.220    0.950    1.430
1998    0.520    0.220    0.330   -0.270    0.680   -0.100   -0.020    0.510   -1.340   -0.120    0.350    0.890
1999    0.600    0.860   -0.740   -0.890    1.930    0.750   -0.410    2.020    0.680    0.590    0.420    0.090
2000    0.580    0.400    0.320    0.550    1.370    0.310    2.070    1.520    1.120    1.400    1.570    0.510
2001    1.130    0.270   -0.630   -0.050   -0.700    0.750    2.160   -0.300    0.880    0.780    0.260    0.250
2002    0.580    1.620    0.880   -0.200   -0.290   -0.110    0.950    1.300    0.870    0.870    0.810    1.150
2003    2.180    0.740    0.460    0.380    2.690    3.850    1.940    0.460   -1.020    1.680    1.450    1.480
2004    1.630    1.970    0.050    0.930    1.510    1.500    2.430   -0.400    1.370    0.620    1.000    0.890
2005    0.700    0.770    0.380    0.100   -0.120    0.820    1.090    1.640   -0.470    1.820    2.190    1.770
2006    1.710    1.480    0.190    1.290    1.550    3.100    3.460    3.100    3.360    1.060    0.990    1.080
2007    0.750    1.070    1.180    0.570    1.570    0.530    3.590   -0.020    0.630    1.930    1.490    0.670
2008    1.220    1.010    0.490    0.910    0.770    0.650    1.860    2.240    0.480    1.360    0.820    1.390

