1948   -2.660    0.030   -0.220   -2.410   -5.930   -2.510    2.300    4.680    0.710   -3.750   -1.750   -5.780
1949   -3.020   -2.860   -2.990   -1.580  -14.560   -6.130   -3.080   -4.080   -5.280   -8.150   -2.630   -5.080
1950   -0.950   -5.420   -1.700   -9.450   -5.960   -4.390   -4.040   -6.910   -3.900   -7.510   -6.730    0.340
1951   -1.900   -2.160   -2.250    0.610    0.190   -3.150    0.770    4.840   -3.230    1.460   -6.740   -6.700
1952   -3.710    2.590   -2.950    3.430   -7.030   -3.920    0.880   -2.220    0.690   -3.120   -1.660   -3.490
1953   -2.860   -6.890   -8.650   -6.170   -2.830   -5.190    4.530   -6.840   -9.640   -9.040   -1.870   -2.300
1954   -4.110   -4.760   -1.990    1.070   -1.790    2.420   -2.960    3.040   -4.990   -2.540   -2.320    1.480
1955    0.030   -8.170   -7.300   -6.660   -0.820    1.860    4.450   -4.380   -4.580   -4.380   -3.040   -2.140
1956   -0.250   -4.900   -6.910   -0.860   -0.180   -5.820    0.170   -2.530  -10.730   -4.170   -3.890   -4.750
1957   -6.070   -9.220   -4.440   -4.110   -5.860    1.820    1.430   -1.040    2.240   -5.980   -1.390   -5.640
1958   -4.550   -4.400   -6.770    1.150   -2.720   -7.390   -9.230    6.470   -8.580   -3.840   -6.580   -5.320
1959   -2.920   -9.340   -2.000   -7.050    1.920   -2.770   -1.930   -1.200   -0.620   -9.150   -2.350   -0.760
1960   -5.270    3.010   -0.170    1.540   -0.930    5.260   -4.370    1.690   -3.060   -4.850    1.840   -2.290
1961   -2.450   -2.510    2.080   -1.200   -1.620   -5.150   -0.290   -3.790   -5.420   -4.290   -1.460   -1.840
1962   -1.780    0.790   -0.150   -1.020    1.260   -2.700    3.540   -1.760   -5.730   -4.040   -6.780   -6.360
1963   -5.020   -1.590   -5.210    2.220   -4.670   -0.540   -7.820   -7.340   -6.060   -9.260   -6.780   -5.460
1964   -2.300   -2.660   -6.560   -3.690   -2.630   -1.780    0.340   -3.140   -2.200   -0.350   -3.420   -4.220
1965   -4.560    2.240    4.060   -3.950   -3.300   -4.050   -0.320   -6.470   -2.140   -5.950   -5.070   -5.950
1966   -0.280    1.510   -0.780   -6.090    0.760   -6.680   -0.620   -0.730   -1.120   -3.440   -7.620   -7.040
1967    4.660   -0.610    2.240    3.300   -9.680   -1.260   -7.420   -3.680   -6.920   -6.930   -0.170   -2.970
1968    2.760   -0.890   -8.170    0.910    0.930  -12.600   -3.930   -3.020   -1.850  -11.600   -9.800   -1.410
1969   -0.870   -7.510   -3.880   -1.360   -5.050   -2.150   -2.250   -0.250    0.540   -0.200   -4.830    0.530
1970   -8.290   -0.110   -4.780    1.930   -3.720   -2.200   -2.730    3.220   -2.230   -1.200   -1.220   -2.500
1971   -2.430   -4.650   -0.290    0.900    4.430    1.690    0.160    0.820   -4.750    0.390    2.370   -3.110
1972    2.250    2.270   -5.010    1.520    1.520   -3.590   -2.700    2.450   -6.870   -1.510   -6.950   -3.600
1973   -2.850   -6.350   -0.370   -4.810   -1.770    0.710   -2.510    1.580   -8.480   -3.890    0.000    1.810
1974    0.890   -2.650    3.500   -0.610   -0.760    1.330   -7.810    0.260   -6.080    0.100    1.350   -5.950
1975   -4.340   -6.840   -7.070   -1.560   -7.150   -7.120    1.050   -1.040   -5.660   -0.590   -0.420    0.460
1976   -4.800    0.890   -1.480    0.410    2.980    1.810   -3.210   -2.580   -2.260   -1.300    0.770   -0.830
1977   -4.700   -3.170   -3.890    5.080    6.270    2.650   -6.060   -2.130   -0.770   -5.470    1.460   -3.320
1978   -1.450   -0.810   -6.040    2.090    8.190   -3.140    2.150   -2.240   -0.310   -0.190   -1.620   -1.330
1979   -7.340    3.190   -3.180    0.260    9.090   -7.790   -0.800    6.370   -1.330   -5.370   -4.560  -11.630
1980    1.830    0.910   -3.030   -9.400   -3.440    1.250   -5.140   -1.630   -1.070  -11.930   -4.180   -2.390
1981   -4.140   -4.410   -1.880   -1.440   -4.770    5.250   -0.730   -4.290   -3.260   -8.690   -3.560    0.230
1982    0.920    3.190   -1.940    3.230    0.170    0.750   -2.200   -1.480  -10.660   -3.700   -4.400   -2.820
1983   -2.800    2.770   -3.360   -4.270   -1.470   -3.670    0.600  -12.040   -6.250   -0.180    2.340   -0.380
1984   -5.050   -5.690   -8.880   -0.680   -9.460  -10.390   -1.240   -2.170   -3.600  -11.040   -5.930   -1.670
1985   -1.800   -4.130   -0.130   -2.080   -1.740   -2.780   -3.770   -3.630   -4.980   -6.720   -8.480   -7.310
1986    0.980   -0.140    1.550   -4.300    1.130   -3.080   -3.150   -0.090   -8.280   -3.610  -11.010   -1.300
1987   -3.900    0.370   -5.510   -0.590   -1.560    2.580   -8.160    1.680   -2.070   -3.390   -3.900    2.190
1988   -3.850    2.940   -4.050   -5.730    0.610   -0.160   -7.980   -4.080   -8.530    1.440   -0.180   -1.560
1989    0.900    1.770   -0.910   -3.800   -5.290   -1.330   -1.440   -1.750   -4.110   -2.720   -2.620   -6.160
1990   -1.650   -8.450   -5.120   -7.410    0.690    2.370    2.650   -2.790    2.450  -12.570  -10.730   -7.160
1991   -5.470    1.500   -1.520   -5.890   -4.540    0.690   -1.460  -11.430   -4.260   -5.640   -7.620   -7.580
1992   -6.410   -6.460   -0.870   -5.890   -2.730   -8.980   -4.000   -2.130    1.150   -3.810   -6.520  -10.010
1993   -5.610    3.540   -2.430   -6.400   -5.620   -0.350   -1.860   -3.600   -4.650   -8.870   -4.830   -3.190
1994   -0.650   -0.060    3.220   -4.540   -3.910    2.770   -1.920   -7.410   -3.790   -7.690   -3.490   -4.910
1995   -2.790   -1.260   -2.820   -2.930    1.990    2.500   -7.750   -9.660   -7.440    2.410   -8.160   -5.170
1996   -2.970   -0.570   -0.550   -9.730   -1.010   -4.430   -1.000  -12.240   -3.090   -3.160   -5.590   -6.630
1997   -0.540   -7.570   -5.550    1.730   -5.750    1.490   -7.320   -4.650  -11.540   -9.880   -8.880   -6.930
1998   -2.010   -8.750   -3.850   -5.020   -1.180   -6.990   -3.790    0.090   -2.140   -3.400   -3.600    1.570
1999   -0.280   -1.580  -11.090   -4.160    1.810   -1.940   -4.620   -5.090   -3.420  -11.420    1.630   -4.280
2000   -4.150   -2.660   -0.580   -5.140   -4.640   -3.100    3.930   -5.980   -1.720   -7.320   -0.060   -6.300
2001   -3.610    0.420   -5.110   -8.380   -3.920   -0.360   -2.490   -8.140  -13.000   -4.590   -4.310   -1.450
2002   -0.900    2.800   -7.670  -12.050   -8.560   -5.740   -2.400   -1.790   -0.380  -11.650   -6.780  -10.270
2003   -1.680    1.420   -3.530   -3.990   -3.090   -1.540   -3.120    0.500   -1.790   -2.570    0.080   -4.080
2004   -0.600   -1.860   -5.470   -6.870    5.500    1.170   -3.990  -14.020   -5.910   -2.260   -4.400    0.070
2005    1.070  -11.350   -6.760   -4.960   -3.760   -0.150   -3.690    0.570   -3.610   -8.080   -5.190   -0.480
2006   -0.660   -0.290   -2.200   -2.000    0.980   -0.550   -3.910   -3.260    1.360   -8.720   -6.900   -5.280
2007   -8.710   -7.210   -9.390   -8.550   -5.140   -7.930    1.930   -7.480  -13.950   -8.010   -1.450   -3.920
2008   -3.180   -2.730   -4.550    0.460    0.240   -1.200   -5.510    2.790   -4.880   -6.730   -3.430   -5.560

