# device segmentation data
# 
# (a): device name
# (b): number of amplifiers
# (c): pixels x
# (d): pixels y
#  
# (1): amplifier name
# (2-5): x low, x high, y low, y high (pixels)
# (6): serialread
# (7): parallelread
# (8-9): gain, % variation (electrons/ADU)
# (10-11): bias level, % variation (V)
# (12-13): readnoise , % variation (electrons)
# (14-15): dark current, % variation (electrons/s)
# (16-19): parallel prescan, serial overscan, serial prescan, parallel overscan (pixel)
# (20): hot pixel rate per readout
# (21): hot column rate per readout
# (22): bits per pixel
# (23-35): crosstalk matrix
# 
# (a)    (b)       (c)          (d)
# (1)    (2)   (3)      (4) (5)   (6)(7)(8 9)     (10 11)    (12 13)   (14 15)       (16-19)           (20)(21)   (22) (23-)
A1	   4	    2048         2048
A1_1     0   2039     0     511   -1 1  1.84 20.0 1000.0 9.0 16.16 0.9 0.0003 533.3  0.0 0.0 0.0 0.0   0.0002 0.0 16   1.0 0.0 0.0 0.0
A1_2     0   2039     512   1023  -1 1  1.84 20.0 1000.0 9.0 16.16 0.9 0.0003 533.3  0.0 0.0 0.0 0.0   0.0002 0.0 16   0.0 1.0 0.0 0.0
A1_3     0   2039     1024  1535  -1 1  1.84 20.0 1000.0 9.0 16.16 0.9 0.0003 533.3  0.0 0.0 0.0 0.0   0.0001 0.0 16   0.0 0.0 1.0 0.0
A1_4     0   2039     1536  2047  -1 1  1.84 20.0 1000.0 9.0 16.16 0.9 0.0003 533.3  0.0 0.0 0.0 0.0   0.0002 0.0 16   0.0 0.0 0.0 1.0
A2	   4	    2048         2048
A2_1     0   2039     0     511   -1 1  1.84 20.0 1000.0 9.0 14.88 1.9 0.0027 70.4   0.0 0.0 0.0 0.0   0.0002 0.0 16   1.0 0.0 0.0 0.0
A2_2     0   2039     512   1023  -1 1  1.84 20.0 1000.0 9.0 14.88 1.9 0.0027 70.4   0.0 0.0 0.0 0.0   0.0002 0.0 16   0.0 1.0 0.0 0.0
A2_3     0   2039     1024  1535  -1 1  1.84 20.0 1000.0 9.0 14.88 1.9 0.0027 70.4   0.0 0.0 0.0 0.0   0.0002 0.0 16   0.0 0.0 1.0 0.0
A2_4     0   2039     1536  2047  -1 1  1.84 20.0 1000.0 9.0 14.88 1.9 0.0027 70.4   0.0 0.0 0.0 0.0   0.0002 0.0 16   0.0 0.0 0.0 1.0
A3	   4	    2048         2048
A3_1     0   2039     0     511   -1 1  1.84 20.0 1000.0 9.0 14.62 1.0 0.0028 57.1   0.0 0.0 0.0 0.0   0.00007 0.0 16  1.0 0.0 0.0 0.0
A3_2     0   2039     512   1023  -1 1  1.84 20.0 1000.0 9.0 14.62 1.0 0.0028 57.1   0.0 0.0 0.0 0.0   0.00009 0.0 16  0.0 1.0 0.0 0.0
A3_3     0   2039     1024  1535  -1 1  1.84 20.0 1000.0 9.0 14.62 1.0 0.0028 57.1   0.0 0.0 0.0 0.0   0.0001  0.0 16  0.0 0.0 1.0 0.0
A3_4     0   2039     1536  2047  -1 1  1.84 20.0 1000.0 9.0 14.62 1.0 0.0028 57.1   0.0 0.0 0.0 0.0   0.00008 0.0 16  0.0 0.0 0.0 1.0
A4	   4	    2048         2048
A4_1     0   2039     0     511   -1 1  1.84 20.0 1000.0 9.0 14.99 1.2 0.0033 54.5   0.0 0.0 0.0 0.0   0.00006 0.0 16  1.0 0.0 0.0 0.0
A4_2     0   2039     512   1023  -1 1  1.84 20.0 1000.0 9.0 14.99 1.2 0.0033 54.5   0.0 0.0 0.0 0.0   0.00009 0.0 16  0.0 1.0 0.0 0.0
A4_3     0   2039     1024  1535  -1 1  1.84 20.0 1000.0 9.0 14.99 1.2 0.0033 54.5   0.0 0.0 0.0 0.0   0.00008 0.0 16  0.0 0.0 1.0 0.0
A4_4     0   2039     1536  2047  -1 1  1.84 20.0 1000.0 9.0 14.99 1.2 0.0033 54.5   0.0 0.0 0.0 0.0   0.00004 0.0 16  0.0 0.0 0.0 1.0