rightascension 0.0
declination 0.0
rottelpos 0.0
rotskypos 0.0
altitude 89.9
azimuth 0.0
move 39     -0.250000
Opsim_obshistid 9390
Opsim_filter 1
SIM_NSNAP 1
opd  0      0.00000      0.00000 500.0
opd  1     0.379000      0.00000 500.0
opd  2     0.189500     0.328224 500.0
opd  3    -0.189500     0.328224 500.0
opd  4    -0.379000      0.00000 500.0
opd  5    -0.189500    -0.328224 500.0
opd  6     0.189500    -0.328224 500.0
opd  7     0.841000      0.00000 500.0
opd  8     0.420500     0.728327 500.0
opd  9    -0.420500     0.728327 500.0
opd 10    -0.841000      0.00000 500.0
opd 11    -0.420500    -0.728327 500.0
opd 12     0.420500    -0.728327 500.0
opd 13      1.23700      0.00000 500.0
opd 14     0.618500      1.07127 500.0
opd 15    -0.618500      1.07127 500.0
opd 16     -1.23700      0.00000 500.0
opd 17    -0.618500     -1.07127 500.0
opd 18     0.618500     -1.07127 500.0
opd 19      1.53500      0.00000 500.0
opd 20     0.767500      1.32935 500.0
opd 21    -0.767500      1.32935 500.0
opd 22     -1.53500      0.00000 500.0
opd 23    -0.767500     -1.32935 500.0
opd 24     0.767500     -1.32935 500.0
opd 25      1.70800      0.00000 500.0
opd 26     0.854000      1.47917 500.0
opd 27    -0.854000      1.47917 500.0
opd 28     -1.70800      0.00000 500.0
opd 29    -0.854000     -1.47917 500.0
opd 30     0.854000     -1.47917 500.0
opd 31      1.18500      1.18500 500.0
opd 32     -1.18500      1.18500 500.0
opd 33     -1.18500     -1.18500 500.0
opd 34      1.18500     -1.18500 500.0
