M1       mirror  1.98350e+04  0.0000000000000e+00  4.18000e+03   2.5580e+03  -1.2150e+00    0.0000e+00   0.0000e+00   0.0000e+00   1.3810e-27   0.0000e+00   0.0000e+00   0.0000e+00   0.0000e+00 m1_protAl_Ideal.txt air m1m3.txt
M2       mirror  6.78800e+03  6.1559766921647e+03  1.71000e+03   9.0000e+02  -2.2200e-01    0.0000e+00   0.0000e+00   0.0000e+00  -1.2740e-23   0.0000e+00  -9.6800e-31   0.0000e+00   0.0000e+00 m2_protAl_Ideal.txt air none
M3       mirror  8.34450e+03 -6.3897766921647e+03  2.50800e+03   5.5000e+02   1.5500e-01    0.0000e+00   0.0000e+00   0.0000e+00  -4.5000e-25   0.0000e+00  -8.1500e-33   0.0000e+00   0.0000e+00 m3_protAl_Ideal.txt air m1m3.txt
none       none  0.00000e+00  4.3434970000000e+03  0.00000e+00   0.0000e+00   0.0000e+00    0.0000e+00   0.0000e+00   0.0000e+00   0.0000e+00   0.0000e+00   0.0000e+00   0.0000e+00   0.0000e+00 none air none
L1         lens  7.44422e+02  2.0136354394708e-02  1.92000e+02   0.0000e+00   0.0000e+00    0.0000e+00   0.0000e+00   0.0000e+00   0.0000e+00   0.0000e+00   0.0000e+00   0.0000e+00   0.0000e+00 lenses.txt silica_dispersion.txt none
L1E        lens  4.18068e+03  3.2000000000000e+01  1.92000e+02   0.0000e+00   0.0000e+00    0.0000e+00   0.0000e+00   0.0000e+00   0.0000e+00   0.0000e+00   0.0000e+00   0.0000e+00   0.0000e+00 lenses.txt air none
L2         lens -5.99534e+03  5.6964790903869e+01  1.66000e+02   0.0000e+00   0.0000e+00    0.0000e+00   0.0000e+00   0.0000e+00   0.0000e+00   0.0000e+00   0.0000e+00   0.0000e+00   0.0000e+00 lenses.txt silica_dispersion.txt none
L2E        lens  6.39028e+02  9.0000000000000e+00  1.55000e+02   0.0000e+00   0.0000e+00    0.0000e+00   0.0000e+00   0.0000e+00   0.0000e+00   0.0000e+00   0.0000e+00   0.0000e+00   0.0000e+00 lenses.txt air none
F        filter  0.00000e+00  9.829930198799e+01   1.32500e+02   0.0000e+00   0.0000e+00    0.0000e+00   0.0000e+00   0.0000e+00   0.0000e+00   0.0000e+00   0.0000e+00   0.0000e+00   0.0000e+00 filter_0.txt silica_dispersion.txt none
FE       filter  0.00000e+00  9.0000000000000e+00  1.32500e+02   0.0000e+00   0.0000e+00    0.0000e+00   0.0000e+00   0.0000e+00   0.0000e+00   0.0000e+00   0.0000e+00   0.0000e+00   0.0000e+00 none air none
L3         lens  6.10983e+03  6.5000000000000e+01  1.08000e+02   0.0000e+00   0.0000e+00    0.0000e+00   0.0000e+00   0.0000e+00   0.0000e+00   0.0000e+00   0.0000e+00   0.0000e+00   0.0000e+00 lenses.txt silica_dispersion.txt none
L3E        lens -1.52259e+03  1.5500000000000e+01  1.08000e+02   0.0000e+00   0.0000e+00    0.0000e+00   0.0000e+00   0.0000e+00   0.0000e+00   0.0000e+00   0.0000e+00   0.0000e+00   0.0000e+00 lenses.txt air none
D           det  0.00000e+00  2.1945000000001e+01  4.00000e+02   0.0000e+00   0.0000e+00    0.0000e+00   0.0000e+00   0.0000e+00   0.0000e+00   0.0000e+00   0.0000e+00   0.0000e+00   0.0000e+00 detectorar.txt air none
