      0.30000001       1.4877930
      0.30100001       1.4875125
      0.30200001       1.4872353
      0.30300001       1.4869612
      0.30400001       1.4866902
      0.30500001       1.4864223
      0.30600001       1.4861574
      0.30700001       1.4858954
      0.30800001       1.4856363
      0.30900001       1.4853802
      0.31000001       1.4851268
      0.31100001       1.4848762
      0.31200001       1.4846284
      0.31300001       1.4843832
      0.31400001       1.4841408
      0.31500001       1.4839009
      0.31600001       1.4836636
      0.31700001       1.4834288
      0.31800001       1.4831966
      0.31900001       1.4829668
      0.32000001       1.4827394
      0.32100001       1.4825144
      0.32200001       1.4822918
      0.32300001       1.4820715
      0.32400001       1.4818535
      0.32500001       1.4816378
      0.32600001       1.4814242
      0.32700001       1.4812129
      0.32800001       1.4810037
      0.32900001       1.4807967
      0.33000001       1.4805917
      0.33100001       1.4803888
      0.33200001       1.4801880
      0.33300001       1.4799891
      0.33400001       1.4797923
      0.33500001       1.4795974
      0.33600001       1.4794044
      0.33700001       1.4792134
      0.33800001       1.4790242
      0.33900001       1.4788369
      0.34000001       1.4786513
      0.34100001       1.4784676
      0.34200001       1.4782857
      0.34300001       1.4781055
      0.34400001       1.4779271
      0.34500001       1.4777503
      0.34600001       1.4775753
      0.34700001       1.4774019
      0.34800001       1.4772301
      0.34900001       1.4770600
      0.35000001       1.4768914
      0.35100001       1.4767244
      0.35200001       1.4765590
      0.35300001       1.4763951
      0.35400001       1.4762327
      0.35500001       1.4760719
      0.35600001       1.4759125
      0.35700001       1.4757545
      0.35800001       1.4755980
      0.35900001       1.4754429
      0.36000001       1.4752892
      0.36100001       1.4751369
      0.36200001       1.4749860
      0.36300001       1.4748364
      0.36400001       1.4746882
      0.36500001       1.4745412
      0.36600001       1.4743956
      0.36700001       1.4742513
      0.36800001       1.4741082
      0.36900001       1.4739664
      0.37000001       1.4738258
      0.37100001       1.4736864
      0.37200001       1.4735482
      0.37300001       1.4734113
      0.37400001       1.4732755
      0.37500001       1.4731408
      0.37600001       1.4730074
      0.37700001       1.4728750
      0.37800002       1.4727438
      0.37900002       1.4726137
      0.38000002       1.4724847
      0.38100002       1.4723568
      0.38200002       1.4722299
      0.38300002       1.4721041
      0.38400002       1.4719794
      0.38500002       1.4718556
      0.38600002       1.4717329
      0.38700002       1.4716113
      0.38800002       1.4714906
      0.38900002       1.4713709
      0.39000002       1.4712521
      0.39100002       1.4711344
      0.39200002       1.4710176
      0.39300002       1.4709017
      0.39400002       1.4707868
      0.39500002       1.4706727
      0.39600002       1.4705596
      0.39700002       1.4704474
      0.39800002       1.4703361
      0.39900002       1.4702257
      0.40000002       1.4701161
      0.40100002       1.4700074
      0.40200002       1.4698996
      0.40300002       1.4697925
      0.40400002       1.4696864
      0.40500002       1.4695810
      0.40600002       1.4694765
      0.40700002       1.4693727
      0.40800002       1.4692698
      0.40900002       1.4691677
      0.41000002       1.4690663
      0.41100002       1.4689657
      0.41200002       1.4688658
      0.41300002       1.4687668
      0.41400002       1.4686684
      0.41500002       1.4685708
      0.41600002       1.4684740
      0.41700002       1.4683778
      0.41800002       1.4682824
      0.41900002       1.4681877
      0.42000002       1.4680937
      0.42100002       1.4680004
      0.42200002       1.4679077
      0.42300002       1.4678158
      0.42400002       1.4677245
      0.42500002       1.4676338
      0.42600002       1.4675439
      0.42700002       1.4674546
      0.42800002       1.4673659
      0.42900002       1.4672779
      0.43000002       1.4671905
      0.43100002       1.4671037
      0.43200002       1.4670175
      0.43300002       1.4669320
      0.43400002       1.4668471
      0.43500002       1.4667627
      0.43600002       1.4666790
      0.43700002       1.4665958
      0.43800002       1.4665132
      0.43900002       1.4664312
      0.44000002       1.4663498
      0.44100002       1.4662689
      0.44200002       1.4661886
      0.44300002       1.4661089
      0.44400002       1.4660297
      0.44500002       1.4659510
      0.44600002       1.4658729
      0.44700002       1.4657953
      0.44800002       1.4657182
      0.44900002       1.4656417
      0.45000002       1.4655657
      0.45100002       1.4654901
      0.45200002       1.4654151
      0.45300002       1.4653406
      0.45400002       1.4652666
      0.45500002       1.4651931
      0.45600002       1.4651201
      0.45700002       1.4650475
      0.45800002       1.4649754
      0.45900002       1.4649038
      0.46000002       1.4648327
      0.46100002       1.4647620
      0.46200002       1.4646918
      0.46300002       1.4646221
      0.46400002       1.4645528
      0.46500002       1.4644840
      0.46600002       1.4644155
      0.46700002       1.4643476
      0.46800002       1.4642800
      0.46900002       1.4642129
      0.47000002       1.4641463
      0.47100002       1.4640800
      0.47200002       1.4640142
      0.47300002       1.4639488
      0.47400002       1.4638838
      0.47500002       1.4638192
      0.47600002       1.4637550
      0.47700002       1.4636912
      0.47800002       1.4636278
      0.47900002       1.4635648
      0.48000002       1.4635022
      0.48100002       1.4634399
      0.48200002       1.4633781
      0.48300002       1.4633166
      0.48400002       1.4632555
      0.48500002       1.4631948
      0.48600002       1.4631345
      0.48700002       1.4630745
      0.48800002       1.4630148
      0.48900002       1.4629556
      0.49000002       1.4628967
      0.49100002       1.4628381
      0.49200002       1.4627799
      0.49300002       1.4627220
      0.49400002       1.4626645
      0.49500002       1.4626074
      0.49600002       1.4625505
      0.49700002       1.4624940
      0.49800002       1.4624378
      0.49900002       1.4623820
      0.50000002       1.4623265
      0.50100002       1.4622713
      0.50200002       1.4622164
      0.50300002       1.4621618
      0.50400002       1.4621076
      0.50500002       1.4620537
      0.50600002       1.4620001
      0.50700002       1.4619467
      0.50800002       1.4618937
      0.50900002       1.4618410
      0.51000002       1.4617886
      0.51100002       1.4617365
      0.51200002       1.4616847
      0.51300002       1.4616331
      0.51400002       1.4615819
      0.51500002       1.4615310
      0.51600002       1.4614803
      0.51700002       1.4614299
      0.51800002       1.4613798
      0.51900002       1.4613300
      0.52000002       1.4612804
      0.52100002       1.4612311
      0.52200002       1.4611821
      0.52300002       1.4611334
      0.52400002       1.4610849
      0.52500002       1.4610367
      0.52600002       1.4609887
      0.52700002       1.4609410
      0.52800002       1.4608936
      0.52900002       1.4608464
      0.53000002       1.4607994
      0.53100002       1.4607528
      0.53200002       1.4607063
      0.53300002       1.4606601
      0.53400002       1.4606142
      0.53500002       1.4605685
      0.53600002       1.4605231
      0.53700002       1.4604778
      0.53800002       1.4604329
      0.53900002       1.4603881
      0.54000002       1.4603436
      0.54100002       1.4602993
      0.54200002       1.4602553
      0.54300002       1.4602114
      0.54400002       1.4601678
      0.54500002       1.4601245
      0.54600002       1.4600813
      0.54700002       1.4600384
      0.54800002       1.4599957
      0.54900002       1.4599532
      0.55000002       1.4599109
      0.55100002       1.4598688
      0.55200002       1.4598269
      0.55300002       1.4597853
      0.55400002       1.4597439
      0.55500002       1.4597026
      0.55600002       1.4596616
      0.55700002       1.4596208
      0.55800002       1.4595802
      0.55900002       1.4595397
      0.56000002       1.4594995
      0.56100002       1.4594595
      0.56200002       1.4594197
      0.56300002       1.4593800
      0.56400002       1.4593406
      0.56500002       1.4593014
      0.56600002       1.4592623
      0.56700002       1.4592234
      0.56800002       1.4591847
      0.56900002       1.4591462
      0.57000002       1.4591079
      0.57100002       1.4590698
      0.57200002       1.4590319
      0.57300002       1.4589941
      0.57400002       1.4589565
      0.57500002       1.4589191
      0.57600002       1.4588818
      0.57700002       1.4588448
      0.57800002       1.4588079
      0.57900002       1.4587712
      0.58000002       1.4587346
      0.58100002       1.4586983
      0.58200002       1.4586620
      0.58300002       1.4586260
      0.58400002       1.4585901
      0.58500002       1.4585544
      0.58600002       1.4585189
      0.58700002       1.4584835
      0.58800002       1.4584483
      0.58900002       1.4584132
      0.59000002       1.4583783
      0.59100002       1.4583435
      0.59200002       1.4583089
      0.59300002       1.4582745
      0.59400002       1.4582402
      0.59500002       1.4582061
      0.59600002       1.4581721
      0.59700002       1.4581383
      0.59800002       1.4581046
      0.59900002       1.4580711
      0.60000002       1.4580377
      0.60100002       1.4580045
      0.60200002       1.4579714
      0.60300002       1.4579384
      0.60400002       1.4579056
      0.60500002       1.4578729
      0.60600002       1.4578404
      0.60700002       1.4578080
      0.60800002       1.4577758
      0.60900002       1.4577437
      0.61000002       1.4577117
      0.61100002       1.4576799
      0.61200002       1.4576482
      0.61300002       1.4576166
      0.61400002       1.4575852
      0.61500002       1.4575539
      0.61600002       1.4575227
      0.61700002       1.4574917
      0.61800002       1.4574608
      0.61900002       1.4574300
      0.62000002       1.4573994
      0.62100002       1.4573688
      0.62200002       1.4573384
      0.62300002       1.4573082
      0.62400002       1.4572780
      0.62500002       1.4572480
      0.62600002       1.4572181
      0.62700002       1.4571883
      0.62800002       1.4571586
      0.62900002       1.4571291
      0.63000003       1.4570997
      0.63100003       1.4570704
      0.63200003       1.4570412
      0.63300003       1.4570121
      0.63400003       1.4569832
      0.63500003       1.4569543
      0.63600003       1.4569256
      0.63700003       1.4568970
      0.63800003       1.4568685
      0.63900003       1.4568401
      0.64000003       1.4568118
      0.64100003       1.4567836
      0.64200003       1.4567556
      0.64300003       1.4567276
      0.64400003       1.4566998
      0.64500003       1.4566721
      0.64600003       1.4566444
      0.64700003       1.4566169
      0.64800003       1.4565895
      0.64900003       1.4565622
      0.65000003       1.4565350
      0.65100003       1.4565079
      0.65200003       1.4564809
      0.65300003       1.4564539
      0.65400003       1.4564271
      0.65500003       1.4564004
      0.65600003       1.4563738
      0.65700003       1.4563473
      0.65800003       1.4563209
      0.65900003       1.4562946
      0.66000003       1.4562684
      0.66100003       1.4562423
      0.66200003       1.4562163
      0.66300003       1.4561904
      0.66400003       1.4561645
      0.66500003       1.4561388
      0.66600003       1.4561131
      0.66700003       1.4560876
      0.66800003       1.4560621
      0.66900003       1.4560368
      0.67000003       1.4560115
      0.67100003       1.4559863
      0.67200003       1.4559612
      0.67300003       1.4559362
      0.67400003       1.4559113
      0.67500003       1.4558864
      0.67600003       1.4558617
      0.67700003       1.4558370
      0.67800003       1.4558125
      0.67900003       1.4557880
      0.68000003       1.4557636
      0.68100003       1.4557392
      0.68200003       1.4557150
      0.68300003       1.4556909
      0.68400003       1.4556668
      0.68500003       1.4556428
      0.68600003       1.4556189
      0.68700003       1.4555951
      0.68800003       1.4555713
      0.68900003       1.4555476
      0.69000003       1.4555241
      0.69100003       1.4555006
      0.69200003       1.4554771
      0.69300003       1.4554538
      0.69400003       1.4554305
      0.69500003       1.4554073
      0.69600003       1.4553842
      0.69700003       1.4553611
      0.69800003       1.4553382
      0.69900003       1.4553153
      0.70000003       1.4552925
      0.70100003       1.4552697
      0.70200003       1.4552470
      0.70300003       1.4552244
      0.70400003       1.4552019
      0.70500003       1.4551795
      0.70600003       1.4551571
      0.70700003       1.4551348
      0.70800003       1.4551125
      0.70900003       1.4550904
      0.71000003       1.4550683
      0.71100003       1.4550462
      0.71200003       1.4550243
      0.71300003       1.4550024
      0.71400003       1.4549805
      0.71500003       1.4549588
      0.71600003       1.4549371
      0.71700003       1.4549155
      0.71800003       1.4548939
      0.71900003       1.4548724
      0.72000003       1.4548510
      0.72100003       1.4548296
      0.72200003       1.4548083
      0.72300003       1.4547871
      0.72400003       1.4547659
      0.72500003       1.4547448
      0.72600003       1.4547238
      0.72700003       1.4547028
      0.72800003       1.4546819
      0.72900003       1.4546610
      0.73000003       1.4546402
      0.73100003       1.4546195
      0.73200003       1.4545988
      0.73300003       1.4545782
      0.73400003       1.4545577
      0.73500003       1.4545372
      0.73600003       1.4545168
      0.73700003       1.4544964
      0.73800003       1.4544761
      0.73900003       1.4544558
      0.74000003       1.4544356
      0.74100003       1.4544155
      0.74200003       1.4543954
      0.74300003       1.4543754
      0.74400003       1.4543554
      0.74500003       1.4543355
      0.74600003       1.4543156
      0.74700003       1.4542958
      0.74800003       1.4542761
      0.74900003       1.4542564
      0.75000003       1.4542367
      0.75100003       1.4542171
      0.75200003       1.4541976
      0.75300003       1.4541781
      0.75400003       1.4541587
      0.75500003       1.4541393
      0.75600003       1.4541200
      0.75700003       1.4541007
      0.75800003       1.4540815
      0.75900003       1.4540624
      0.76000003       1.4540432
      0.76100003       1.4540242
      0.76200003       1.4540052
      0.76300003       1.4539862
      0.76400003       1.4539673
      0.76500003       1.4539484
      0.76600003       1.4539296
      0.76700003       1.4539109
      0.76800003       1.4538921
      0.76900003       1.4538735
      0.77000003       1.4538549
      0.77100003       1.4538363
      0.77200003       1.4538178
      0.77300003       1.4537993
      0.77400003       1.4537808
      0.77500003       1.4537625
      0.77600003       1.4537441
      0.77700003       1.4537258
      0.77800003       1.4537076
      0.77900003       1.4536894
      0.78000003       1.4536712
      0.78100003       1.4536531
      0.78200003       1.4536351
      0.78300003       1.4536170
      0.78400003       1.4535991
      0.78500003       1.4535811
      0.78600003       1.4535632
      0.78700003       1.4535454
      0.78800003       1.4535276
      0.78900003       1.4535098
      0.79000003       1.4534921
      0.79100003       1.4534744
      0.79200003       1.4534568
      0.79300003       1.4534392
      0.79400003       1.4534217
      0.79500003       1.4534042
      0.79600003       1.4533867
      0.79700003       1.4533693
      0.79800003       1.4533519
      0.79900003       1.4533345
      0.80000003       1.4533172
      0.80100003       1.4533000
      0.80200003       1.4532828
      0.80300003       1.4532656
      0.80400003       1.4532484
      0.80500003       1.4532313
      0.80600003       1.4532142
      0.80700003       1.4531972
      0.80800003       1.4531802
      0.80900003       1.4531633
      0.81000003       1.4531464
      0.81100003       1.4531295
      0.81200003       1.4531126
      0.81300003       1.4530958
      0.81400003       1.4530791
      0.81500003       1.4530623
      0.81600003       1.4530456
      0.81700003       1.4530290
      0.81800003       1.4530124
      0.81900003       1.4529958
      0.82000003       1.4529792
      0.82100003       1.4529627
      0.82200003       1.4529462
      0.82300003       1.4529298
      0.82400003       1.4529134
      0.82500003       1.4528970
      0.82600003       1.4528807
      0.82700003       1.4528644
      0.82800003       1.4528481
      0.82900003       1.4528318
      0.83000003       1.4528156
      0.83100003       1.4527995
      0.83200003       1.4527833
      0.83300003       1.4527672
      0.83400003       1.4527511
      0.83500003       1.4527351
      0.83600003       1.4527191
      0.83700003       1.4527031
      0.83800003       1.4526872
      0.83900003       1.4526713
      0.84000003       1.4526554
      0.84100003       1.4526395
      0.84200003       1.4526237
      0.84300003       1.4526079
      0.84400003       1.4525922
      0.84500003       1.4525764
      0.84600003       1.4525608
      0.84700003       1.4525451
      0.84800003       1.4525295
      0.84900003       1.4525138
      0.85000003       1.4524983
      0.85100003       1.4524827
      0.85200003       1.4524672
      0.85300003       1.4524517
      0.85400003       1.4524363
      0.85500003       1.4524208
      0.85600003       1.4524054
      0.85700003       1.4523901
      0.85800003       1.4523747
      0.85900003       1.4523594
      0.86000003       1.4523441
      0.86100003       1.4523289
      0.86200003       1.4523136
      0.86300003       1.4522984
      0.86400003       1.4522833
      0.86500003       1.4522681
      0.86600003       1.4522530
      0.86700003       1.4522379
      0.86800003       1.4522228
      0.86900003       1.4522078
      0.87000003       1.4521928
      0.87100003       1.4521778
      0.87200003       1.4521628
      0.87300003       1.4521479
      0.87400003       1.4521330
      0.87500003       1.4521181
      0.87600003       1.4521032
      0.87700003       1.4520884
      0.87800003       1.4520736
      0.87900003       1.4520588
      0.88000003       1.4520441
      0.88100004       1.4520293
      0.88200004       1.4520146
      0.88300004       1.4519999
      0.88400004       1.4519853
      0.88500004       1.4519707
      0.88600004       1.4519560
      0.88700004       1.4519415
      0.88800004       1.4519269
      0.88900004       1.4519124
      0.89000004       1.4518978
      0.89100004       1.4518833
      0.89200004       1.4518689
      0.89300004       1.4518544
      0.89400004       1.4518400
      0.89500004       1.4518256
      0.89600004       1.4518112
      0.89700004       1.4517969
      0.89800004       1.4517825
      0.89900004       1.4517682
      0.90000004       1.4517539
      0.90100004       1.4517397
      0.90200004       1.4517254
      0.90300004       1.4517112
      0.90400004       1.4516970
      0.90500004       1.4516828
      0.90600004       1.4516687
      0.90700004       1.4516545
      0.90800004       1.4516404
      0.90900004       1.4516263
      0.91000004       1.4516123
      0.91100004       1.4515982
      0.91200004       1.4515842
      0.91300004       1.4515702
      0.91400004       1.4515562
      0.91500004       1.4515422
      0.91600004       1.4515283
      0.91700004       1.4515143
      0.91800004       1.4515004
      0.91900004       1.4514865
      0.92000004       1.4514726
      0.92100004       1.4514588
      0.92200004       1.4514450
      0.92300004       1.4514312
      0.92400004       1.4514174
      0.92500004       1.4514036
      0.92600004       1.4513898
      0.92700004       1.4513761
      0.92800004       1.4513624
      0.92900004       1.4513487
      0.93000004       1.4513350
      0.93100004       1.4513213
      0.93200004       1.4513077
      0.93300004       1.4512941
      0.93400004       1.4512805
      0.93500004       1.4512669
      0.93600004       1.4512533
      0.93700004       1.4512397
      0.93800004       1.4512262
      0.93900004       1.4512127
      0.94000004       1.4511992
      0.94100004       1.4511857
      0.94200004       1.4511722
      0.94300004       1.4511588
      0.94400004       1.4511454
      0.94500004       1.4511319
      0.94600004       1.4511185
      0.94700004       1.4511052
      0.94800004       1.4510918
      0.94900004       1.4510785
      0.95000004       1.4510651
      0.95100004       1.4510518
      0.95200004       1.4510385
      0.95300004       1.4510252
      0.95400004       1.4510120
      0.95500004       1.4509987
      0.95600004       1.4509855
      0.95700004       1.4509722
      0.95800004       1.4509590
      0.95900004       1.4509459
      0.96000004       1.4509327
      0.96100004       1.4509195
      0.96200004       1.4509064
      0.96300004       1.4508933
      0.96400004       1.4508801
      0.96500004       1.4508670
      0.96600004       1.4508540
      0.96700004       1.4508409
      0.96800004       1.4508278
      0.96900004       1.4508148
      0.97000004       1.4508018
      0.97100004       1.4507888
      0.97200004       1.4507758
      0.97300004       1.4507628
      0.97400004       1.4507498
      0.97500004       1.4507369
      0.97600004       1.4507239
      0.97700004       1.4507110
      0.97800004       1.4506981
      0.97900004       1.4506852
      0.98000004       1.4506723
      0.98100004       1.4506595
      0.98200004       1.4506466
      0.98300004       1.4506338
      0.98400004       1.4506209
      0.98500004       1.4506081
      0.98600004       1.4505953
      0.98700004       1.4505825
      0.98800004       1.4505697
      0.98900004       1.4505570
      0.99000004       1.4505442
      0.99100004       1.4505315
      0.99200004       1.4505188
      0.99300004       1.4505060
      0.99400004       1.4504933
      0.99500004       1.4504807
      0.99600004       1.4504680
      0.99700004       1.4504553
      0.99800004       1.4504427
      0.99900004       1.4504300
       1.0000000       1.4504174
       1.0010000       1.4504048
       1.0020000       1.4503922
       1.0030000       1.4503796
       1.0040000       1.4503670
       1.0050000       1.4503544
       1.0060000       1.4503419
       1.0070000       1.4503293
       1.0080000       1.4503168
       1.0090000       1.4503043
       1.0100000       1.4502918
       1.0110000       1.4502793
       1.0120000       1.4502668
       1.0130000       1.4502543
       1.0140000       1.4502418
       1.0150000       1.4502294
       1.0160000       1.4502169
       1.0170000       1.4502045
       1.0180000       1.4501921
       1.0190000       1.4501797
       1.0200000       1.4501673
       1.0210000       1.4501549
       1.0220000       1.4501425
       1.0230000       1.4501301
       1.0240000       1.4501178
       1.0250000       1.4501054
       1.0260000       1.4500931
       1.0270000       1.4500807
       1.0280000       1.4500684
       1.0290000       1.4500561
       1.0300000       1.4500438
       1.0310000       1.4500315
       1.0320000       1.4500192
       1.0330000       1.4500070
       1.0340000       1.4499947
       1.0350000       1.4499824
       1.0360000       1.4499702
       1.0370000       1.4499580
       1.0380000       1.4499457
       1.0390000       1.4499335
       1.0400000       1.4499213
       1.0410000       1.4499091
       1.0420000       1.4498969
       1.0430000       1.4498848
       1.0440000       1.4498726
       1.0450000       1.4498604
       1.0460000       1.4498483
       1.0470000       1.4498361
       1.0480000       1.4498240
       1.0490000       1.4498119
       1.0500000       1.4497997
       1.0510000       1.4497876
       1.0520000       1.4497755
       1.0530000       1.4497634
       1.0540000       1.4497514
       1.0550000       1.4497393
       1.0560000       1.4497272
       1.0570000       1.4497152
       1.0580000       1.4497031
       1.0590000       1.4496911
       1.0600000       1.4496790
       1.0610000       1.4496670
       1.0620000       1.4496550
       1.0630000       1.4496430
       1.0640000       1.4496310
       1.0650000       1.4496190
       1.0660000       1.4496070
       1.0670000       1.4495950
       1.0680000       1.4495830
       1.0690000       1.4495711
       1.0700000       1.4495591
       1.0710000       1.4495472
       1.0720000       1.4495352
       1.0730000       1.4495233
       1.0740000       1.4495114
       1.0750000       1.4494994
       1.0760000       1.4494875
       1.0770000       1.4494756
       1.0780000       1.4494637
       1.0790000       1.4494518
       1.0800000       1.4494399
       1.0810000       1.4494281
       1.0820000       1.4494162
       1.0830000       1.4494043
       1.0840000       1.4493925
       1.0850000       1.4493806
       1.0860000       1.4493688
       1.0870000       1.4493569
       1.0880000       1.4493451
       1.0890000       1.4493333
       1.0900000       1.4493215
       1.0910000       1.4493096
       1.0920000       1.4492978
       1.0930000       1.4492860
       1.0940000       1.4492742
       1.0950000       1.4492625
       1.0960000       1.4492507
       1.0970000       1.4492389
       1.0980000       1.4492271
       1.0990000       1.4492154
       1.1000000       1.4492036
       1.1010000       1.4491918
       1.1020000       1.4491801
       1.1030000       1.4491684
       1.1040000       1.4491566
       1.1050000       1.4491449
       1.1060000       1.4491332
       1.1070000       1.4491215
       1.1080000       1.4491097
       1.1090000       1.4490980
       1.1100000       1.4490863
       1.1110000       1.4490746
       1.1120000       1.4490629
       1.1130000       1.4490513
       1.1140000       1.4490396
       1.1150000       1.4490279
       1.1160000       1.4490162
       1.1170000       1.4490046
       1.1180000       1.4489929
       1.1190000       1.4489812
       1.1200000       1.4489696
       1.1210000       1.4489580
       1.1220000       1.4489463
       1.1230000       1.4489347
       1.1240000       1.4489230
       1.1250000       1.4489114
       1.1260000       1.4488998
       1.1270000       1.4488882
       1.1280000       1.4488766
       1.1290000       1.4488650
       1.1300000       1.4488534
       1.1310000       1.4488418
       1.1320000       1.4488302
       1.1330000       1.4488186
       1.1340000       1.4488070
       1.1350000       1.4487954
       1.1360000       1.4487838
       1.1370000       1.4487723
       1.1380000       1.4487607
       1.1390000       1.4487491
       1.1400000       1.4487376
       1.1410000       1.4487260
       1.1420000       1.4487145
       1.1430000       1.4487029
       1.1440000       1.4486914
       1.1450000       1.4486798
       1.1460000       1.4486683
       1.1470000       1.4486568
       1.1480000       1.4486452
       1.1490000       1.4486337
       1.1500000       1.4486222
       1.1510000       1.4486107
       1.1520000       1.4485992
       1.1530000       1.4485877
       1.1540000       1.4485762
       1.1550000       1.4485646
       1.1560000       1.4485532
       1.1570000       1.4485417
       1.1580000       1.4485302
       1.1590000       1.4485187
       1.1600000       1.4485072
       1.1610000       1.4484957
       1.1620000       1.4484842
       1.1630000       1.4484728
       1.1640000       1.4484613
       1.1650000       1.4484498
       1.1660000       1.4484384
       1.1670000       1.4484269
       1.1680000       1.4484154
       1.1690000       1.4484040
       1.1700000       1.4483925
       1.1710000       1.4483811
       1.1720000       1.4483696
       1.1730000       1.4483582
       1.1740000       1.4483467
       1.1750000       1.4483353
       1.1760000       1.4483239
       1.1770000       1.4483124
       1.1780000       1.4483010
       1.1790000       1.4482896
       1.1800000       1.4482781
       1.1810000       1.4482667
       1.1820000       1.4482553
       1.1830000       1.4482439
       1.1840000       1.4482325
       1.1850000       1.4482211
       1.1860000       1.4482096
       1.1870000       1.4481982
       1.1880000       1.4481868
       1.1890000       1.4481754
       1.1900000       1.4481640
       1.1910000       1.4481526
       1.1920000       1.4481412
       1.1930000       1.4481298
       1.1940000       1.4481185
       1.1950000       1.4481071
       1.1960000       1.4480957
       1.1970000       1.4480843
       1.1980000       1.4480729
       1.1990000       1.4480615
       1.2000000       1.4480502
