      320.000       0.0000000
      349.990       0.0000000
      350.170    0.0018579500
      350.430    0.0018556545
      350.700    0.0018532748
      350.960    0.0018509884
      351.230    0.0018486183
      351.490    0.0018463412
      351.760    0.0018439808
      352.020    0.0018417125
      352.290    0.0018393616
      352.550    0.0018371025
      352.820    0.0018347610
      353.080    0.0018325111
      353.350    0.0018301787
      353.620    0.0018278515
      353.880    0.0018256147
      354.150    0.0018232968
      354.410    0.0018210691
      354.680    0.0018187602
      354.940    0.0018165414
      355.210    0.0018142417
      355.470    0.0018120316
      355.740    0.0018097413
      356.000    0.0018075398
      356.270    0.0018052585
      356.530    0.0018030657
      356.800    0.0018007935
      357.070    0.0017985256
      357.330    0.0017963461
      357.600    0.0017940871
      357.860    0.0017919163
      358.130    0.0017896662
      358.390    0.0017875039
      358.660    0.0017852627
      358.920    0.0017831089
      359.190    0.0017808765
      359.450    0.0017787311
      359.720    0.0017765077
      359.980    0.0017743705
      360.250    0.0017721559
      360.510    0.0017700270
      360.780    0.0017678210
      361.050    0.0017656194
      361.310    0.0017635031
      361.580    0.0017613101
      361.840    0.0017592021
      362.110    0.0017570176
      362.370    0.0017549181
      362.640    0.0017527416
      362.900    0.0017506505
      363.170    0.0017484825
      363.430    0.0017463995
      363.700    0.0017442401
      363.960    0.0017421649
      364.230    0.0017400140
      364.490    0.0017379468
      364.760    0.0017358042
      365.030    0.0017336660
      365.290    0.0017316107
      365.560    0.0017294808
      365.820    0.0017274334
      366.090    0.0017253117
      366.350    0.0017232724
      366.620    0.0017211586
      366.880    0.0017191272
      367.150    0.0017170215
      367.410    0.0017149979
      367.680    0.0017129006
      367.940    0.0017108845
      368.210    0.0017087952
      368.470    0.0017067868
      368.740    0.0017047055
      369.010    0.0017026281
      369.270    0.0017006315
      369.540    0.0016985620
      369.800    0.0016965731
      370.070    0.0016945114
      370.330    0.0016925303
      370.600    0.0016904763
      370.860    0.0016885027
      371.130    0.0016864565
      371.390    0.0016844902
      371.660    0.0016824523
      371.920    0.0016804932
      372.190    0.0016784630
      372.450    0.0016765113
      372.720    0.0016744888
      372.990    0.0016724702
      373.250    0.0016705296
      373.520    0.0016685186
      373.780    0.0016665854
      374.050    0.0016645820
      374.310    0.0016626563
      374.580    0.0016606603
      374.840    0.0016587418
      375.110    0.0016567535
      375.370    0.0016548421
      375.640    0.0016528610
      375.900    0.0016509569
      376.170    0.0016489833
      376.430    0.0016470864
      376.700    0.0016451201
      376.970    0.0016431578
      377.230    0.0016412714
      377.500    0.0016393165
      377.760    0.0016374371
      378.030    0.0016354895
      378.290    0.0016336174
      378.560    0.0016316768
      378.820    0.0016298116
      379.090    0.0016278782
      379.350    0.0016260200
      379.620    0.0016240941
      379.880    0.0016222425
      380.150    0.0016203237
      380.410    0.0016184791
      380.680    0.0016165674
      380.950    0.0016146591
      381.210    0.0016128250
      381.480    0.0016109237
      381.740    0.0016090964
      382.010    0.0016072022
      382.270    0.0016053818
      382.540    0.0016034943
      382.800    0.0016016807
      383.070    0.0015998002
      383.330    0.0015979932
      383.600    0.0015961199
      383.860    0.0015943193
      384.130    0.0015924528
      384.400    0.0015905901
      384.660    0.0015887993
      384.930    0.0015869434
      385.190    0.0015851591
      385.460    0.0015833100
      385.720    0.0015815323
      385.990    0.0015796899
      386.250    0.0015779190
      386.520    0.0015760831
      386.780    0.0015743186
      387.050    0.0015724896
      387.310    0.0015707313
      387.580    0.0015689091
      387.840    0.0015671572
      388.110    0.0015653415
      388.380    0.0015635290
      388.640    0.0015617867
      388.910    0.0015599810
      389.170    0.0015582450
      389.440    0.0015564459
      389.700    0.0015547162
      389.970    0.0015529235
      390.230    0.0015512003
      390.500    0.0015494139
      390.760    0.0015476969
      391.030    0.0015459170
      391.290    0.0015442062
      391.560    0.0015424329
      391.820    0.0015407281
      392.090    0.0015389611
      392.360    0.0015371975
      392.620    0.0015355019
      392.890    0.0015337443
      393.150    0.0015320550
      393.420    0.0015303038
      393.680    0.0015286205
      393.950    0.0015268756
      394.210    0.0015251986
      394.480    0.0015234597
      394.740    0.0015217886
      395.010    0.0015200559
      395.270    0.0015183909
      395.540    0.0015166646
      395.800    0.0015150053
      396.070    0.0015132851
      396.340    0.0015115683
      396.600    0.0015099177
      396.870    0.0015082069
      397.130    0.0015065622
      397.400    0.0015048576
      397.660    0.0015032187
      397.930    0.0015015201
      398.190    0.0014998872
      398.460    0.0014981944
      398.720    0.0014965673
      398.990    0.0014948807
      399.250    0.0014932591
      399.520    0.0014915785
      399.780    0.0014899627
      400.050    0.0014882880
      400.320    0.0014866161
      400.580    0.0014850091
      400.850    0.0014833431
      401.110    0.0014817417
      401.380    0.0014800816
      401.640    0.0014784856
      401.910    0.0014768315
      402.170    0.0014752414
      402.440    0.0014735929
      402.700    0.0014720083
      402.970    0.0014703656
      403.230    0.0014687865
      403.500    0.0014671498
      403.760    0.0014655761
      404.030    0.0014639450
      404.300    0.0014623168
      404.560    0.0014607514
      404.830    0.0014591289
      405.090    0.0014575690
      405.360    0.0014559521
      405.620    0.0014543976
      405.890    0.0014527862
      406.150    0.0014512375
      406.420    0.0014496315
      406.680    0.0014480881
      406.950    0.0014464877
      407.210    0.0014449497
      407.480    0.0014433550
      407.740    0.0014418221
      408.010    0.0014402330
      408.280    0.0014386468
      408.540    0.0014371217
      408.810    0.0014355410
      409.070    0.0014340212
      409.340    0.0014324460
      409.600    0.0014309314
      409.870    0.0014293616
      410.130    0.0014278524
      410.400    0.0014262878
      410.660    0.0014247838
      410.930    0.0014232248
      411.190    0.0014217258
      411.460    0.0014201721
      411.730    0.0014186208
      411.990    0.0014171299
      412.260    0.0014155840
      412.520    0.0014140981
      412.790    0.0014125575
      413.050    0.0014110766
      413.320    0.0014095413
      413.580    0.0014080655
      413.850    0.0014065354
      414.110    0.0014050648
      414.380    0.0014035398
      414.640    0.0014020740
      414.910    0.0014005543
      415.170    0.0013990935
      415.440    0.0013975792
      415.710    0.0013960673
      415.970    0.0013946140
      416.240    0.0013931074
      416.500    0.0013916589
      416.770    0.0013901574
      417.030    0.0013887137
      417.300    0.0013872174
      417.560    0.0013857786
      417.830    0.0013842872
      418.090    0.0013828535
      418.360    0.0013813670
      418.620    0.0013799381
      418.890    0.0013784565
      419.150    0.0013770325
      419.420    0.0013755561
      419.690    0.0013740821
      419.950    0.0013726653
      420.220    0.0013711964
      420.480    0.0013697841
      420.750    0.0013683203
      421.010    0.0013669127
      421.280    0.0013654537
      421.540    0.0013640509
      421.810    0.0013625968
      422.070    0.0013611988
      422.340    0.0013597494
      422.600    0.0013583561
      422.870    0.0013569117
      423.130    0.0013555229
      423.400    0.0013540833
      423.670    0.0013526458
      423.930    0.0013512643
      424.200    0.0013498318
      424.460    0.0013484547
      424.730    0.0013470270
      424.990    0.0013456544
      425.260    0.0013442314
      425.520    0.0013428635
      425.790    0.0013414452
      426.050    0.0013400819
      426.320    0.0013386682
      426.580    0.0013373094
      426.850    0.0013359003
      427.110    0.0013345461
      427.380    0.0013331418
      427.650    0.0013317399
      427.910    0.0013303922
      428.180    0.0013289951
      428.440    0.0013276517
      428.710    0.0013262592
      428.970    0.0013249202
      429.240    0.0013235323
      429.500    0.0013221977
      429.770    0.0013208143
      430.030    0.0013194843
      430.300    0.0013181053
      430.560    0.0013167796
      430.830    0.0013154053
      431.090    0.0013140838
      431.360    0.0013127140
      431.630    0.0013113462
      431.890    0.0013100314
      432.160    0.0013086683
      432.420    0.0013073576
      432.690    0.0013059990
      432.950    0.0013046926
      433.220    0.0013033384
      433.480    0.0013020363
      433.750    0.0013006865
      434.010    0.0012993888
      434.280    0.0012980432
      434.540    0.0012967497
      434.810    0.0012954087
      435.070    0.0012941192
      435.340    0.0012927825
      435.610    0.0012914479
      435.870    0.0012901648
      436.140    0.0012888346
      436.400    0.0012875557
      436.670    0.0012862297
      436.930    0.0012849549
      437.200    0.0012836332
      437.460    0.0012823626
      437.730    0.0012810451
      437.990    0.0012797787
      438.260    0.0012784654
      438.520    0.0012772031
      438.790    0.0012758940
      439.050    0.0012746357
      439.320    0.0012733309
      439.590    0.0012720283
      439.850    0.0012707760
      440.120    0.0012694777
      440.380    0.0012682293
      440.650    0.0012669351
      440.910    0.0012656907
      441.180    0.0012644007
      441.440    0.0012631602
      441.710    0.0012618744
      441.970    0.0012606380
      442.240    0.0012593561
      442.500    0.0012581237
      442.770    0.0012568460
      443.040    0.0012555701
      443.300    0.0012543438
      443.570    0.0012530719
      443.830    0.0012518495
      444.100    0.0012505819
      444.360    0.0012493632
      444.630    0.0012480996
      444.890    0.0012468846
      445.160    0.0012456251
      445.420    0.0012444140
      445.690    0.0012431585
      445.950    0.0012419514
      446.220    0.0012406997
      446.480    0.0012394964
      446.750    0.0012382489
      447.020    0.0012370032
      447.280    0.0012358056
      447.550    0.0012345639
      447.810    0.0012333701
      448.080    0.0012321324
      448.340    0.0012309422
      448.610    0.0012297084
      448.870    0.0012285219
      449.140    0.0012272919
      449.400    0.0012261093
      449.670    0.0012248831
      449.930    0.0012237044
      450.200    0.0012224819
      450.460    0.0012213069
      450.730    0.0012200882
      451.000    0.0012188718
      451.260    0.0012177021
      451.530    0.0012164894
      451.790    0.0012153234
      452.060    0.0012141146
      452.320    0.0012129521
      452.590    0.0012117470
      452.850    0.0012105882
      453.120    0.0012093869
      453.380    0.0012082317
      453.650    0.0012070341
      453.910    0.0012058826
      454.180    0.0012046886
      454.440    0.0012035407
      454.710    0.0012023506
      454.980    0.0012011620
      455.240    0.0012000196
      455.510    0.0011988348
      455.770    0.0011976959
      456.040    0.0011965149
      456.300    0.0011953794
      456.570    0.0011942020
      456.830    0.0011930701
      457.100    0.0011918963
      457.360    0.0011907678
      457.630    0.0011895977
      457.890    0.0011884727
      458.160    0.0011873062
      458.420    0.0011861847
      458.690    0.0011850219
      458.960    0.0011838608
      459.220    0.0011827445
      459.490    0.0011815870
      459.750    0.0011804741
      460.020    0.0011793202
      460.280    0.0011782106
      460.550    0.0011770603
      460.810    0.0011759541
      461.080    0.0011748073
      461.340    0.0011737045
      461.610    0.0011725612
      461.870    0.0011714619
      462.140    0.0011703219
      462.400    0.0011692261
      462.670    0.0011680895
      462.940    0.0011669550
      463.200    0.0011658641
      463.470    0.0011647329
      463.730    0.0011636453
      464.000    0.0011625177
      464.260    0.0011614333
      464.530    0.0011603091
      464.790    0.0011592280
      465.060    0.0011581072
      465.320    0.0011570293
      465.590    0.0011559120
      465.850    0.0011548375
      466.120    0.0011537234
      466.380    0.0011526522
      466.650    0.0011515416
      466.920    0.0011504324
      467.180    0.0011493663
      467.450    0.0011482605
      467.710    0.0011471975
      467.980    0.0011460952
      468.240    0.0011450353
      468.510    0.0011439363
      468.770    0.0011428796
      469.040    0.0011417839
      469.300    0.0011407304
      469.570    0.0011396380
      469.830    0.0011385878
      470.100    0.0011374986
      470.370    0.0011364112
      470.630    0.0011353657
      470.900    0.0011342815
      471.160    0.0011332391
      471.430    0.0011321581
      471.690    0.0011311188
      471.960    0.0011300412
      472.220    0.0011290049
      472.490    0.0011279305
      472.750    0.0011268973
      473.020    0.0011258262
      473.280    0.0011247960
      473.550    0.0011237281
      473.810    0.0011227011
      474.080    0.0011216362
      474.350    0.0011205730
      474.610    0.0011195507
      474.880    0.0011184905
      475.140    0.0011174712
      475.410    0.0011164143
      475.670    0.0011153980
      475.940    0.0011143443
      476.200    0.0011133309
      476.470    0.0011122804
      476.730    0.0011112700
      477.000    0.0011102225
      477.260    0.0011092152
      477.530    0.0011081708
      477.790    0.0011071666
      478.060    0.0011061252
      478.330    0.0011050854
      478.590    0.0011040857
      478.860    0.0011030489
      479.120    0.0011020521
      479.390    0.0011010182
      479.650    0.0011000245
      479.920    0.0010989938
      480.180    0.0010980028
      480.450    0.0010969752
      480.710    0.0010959871
      480.980    0.0010949625
      481.240    0.0010939774
      481.510    0.0010929558
      481.770    0.0010919736
      482.040    0.0010909549
      482.310    0.0010899379
      482.570    0.0010889600
      482.840    0.0010879459
      483.100    0.0010869709
      483.370    0.0010859597
      483.630    0.0010849875
      483.900    0.0010839794
      484.160    0.0010830100
      484.430    0.0010820048
      484.690    0.0010810382
      484.960    0.0010800360
      485.220    0.0010790722
      485.490    0.0010780729
      485.750    0.0010771120
      486.020    0.0010761155
      486.290    0.0010751205
      486.550    0.0010741639
      486.820    0.0010731717
      487.080    0.0010722178
      487.350    0.0010712285
      487.610    0.0010702775
      487.880    0.0010692911
      488.140    0.0010683426
      488.410    0.0010673592
      488.670    0.0010664134
      488.940    0.0010654329
      489.200    0.0010644898
      489.470    0.0010635121
      489.730    0.0010625719
      490.000    0.0010615969
      490.270    0.0010606234
      490.530    0.0010596873
      490.800    0.0010587166
      491.060    0.0010577832
      491.330    0.0010568152
      491.590    0.0010558845
      491.860    0.0010549194
      492.120    0.0010539912
      492.390    0.0010530288
      492.650    0.0010521034
      492.920    0.0010511438
      493.180    0.0010502211
      493.450    0.0010492642
      493.710    0.0010483442
      493.980    0.0010473899
      494.250    0.0010464373
      494.510    0.0010455212
      494.780    0.0010445711
      495.040    0.0010436576
      495.310    0.0010427103
      495.570    0.0010417994
      495.840    0.0010408549
      496.100    0.0010399465
      496.370    0.0010390047
      496.630    0.0010380989
      496.900    0.0010371598
      497.160    0.0010362566
      497.430    0.0010353201
      497.700    0.0010343849
      497.960    0.0010334857
      498.230    0.0010325531
      498.490    0.0010316565
      498.760    0.0010307265
      499.020    0.0010298325
      499.290    0.0010289051
      499.550    0.0010280136
      499.820    0.0010270890
      500.080    0.0010261999
      500.350    0.0010252779
      500.610    0.0010243913
      500.880    0.0010234719
      501.140    0.0010225878
      501.410    0.0010216710
      501.680    0.0010207555
      501.940    0.0010198752
      502.210    0.0010189623
      502.470    0.0010180845
      502.740    0.0010171744
      503.000    0.0010162988
      503.270    0.0010153913
      503.530    0.0010145182
      503.800    0.0010136132
      504.060    0.0010127427
      504.330    0.0010118401
      504.590    0.0010109721
      504.860    0.0010100719
      505.120    0.0010092064
      505.390    0.0010083088
      505.660    0.0010074124
      505.920    0.0010065506
      506.190    0.0010056567
      506.450    0.0010047973
      506.720    0.0010039059
      506.980    0.0010030489
      507.250    0.0010021600
      507.510    0.0010013054
      507.780    0.0010004190
      508.040   0.00099956674
      508.310   0.00099868287
      508.570   0.00099783296
      508.840   0.00099695155
      509.100   0.00099610401
      509.370   0.00099522525
      509.640   0.00099434734
      509.900   0.00099350356
      510.170   0.00099262809
      510.430   0.00099178665
      510.700   0.00099091382
      510.960   0.00099007452
      511.230   0.00098920411
      511.490   0.00098836714
      511.760   0.00098749914
      512.020   0.00098666449
      512.290   0.00098579890
      512.550   0.00098496656
      512.820   0.00098410337
      513.080   0.00098327333
      513.350   0.00098241271
      513.620   0.00098155293
      513.880   0.00098072636
      514.150   0.00097986914
      514.410   0.00097904504
      514.680   0.00097819018
      514.940   0.00097736798
      515.210   0.00097651548
      515.470   0.00097569592
      515.740   0.00097484577
      516.000   0.00097402828
      516.270   0.00097318028
      516.530   0.00097236504
      516.800   0.00097151975
      517.060   0.00097070675
      517.330   0.00096986360
      517.600   0.00096902162
      517.860   0.00096821199
      518.130   0.00096737233
      518.390   0.00096656492
      518.660   0.00096572774
      518.920   0.00096492236
      519.190   0.00096408729
      519.450   0.00096328430
      519.720   0.00096245170
      519.980   0.00096165091
      520.250   0.00096082022
      520.510   0.00096002161
      520.780   0.00095919338
      521.040   0.00095839714
      521.310   0.00095757117
      521.580   0.00095674617
      521.840   0.00095595302
      522.110   0.00095513063
      522.370   0.00095433965
      522.640   0.00095351932
      522.900   0.00095273031
      523.170   0.00095191239
      523.430   0.00095112571
      523.700   0.00095030984
      523.960   0.00094952529
      524.230   0.00094871164
      524.490   0.00094792923
      524.760   0.00094711779
      525.030   0.00094630747
      525.290   0.00094552844
      525.560   0.00094472014
      525.820   0.00094394305
      526.090   0.00094313712
      526.350   0.00094236231
      526.620   0.00094155856
      526.880   0.00094078549
      527.150   0.00093998392
      527.410   0.00093921330
      527.680   0.00093841390
      527.940   0.00093764518
      528.210   0.00093684777
      528.470   0.00093608130
      528.740   0.00093528622
      529.010   0.00093449222
      529.270   0.00093372871
      529.540   0.00093293685
      529.800   0.00093217540
      530.070   0.00093138568
      530.330   0.00093062627
      530.600   0.00092983886
      530.860   0.00092908132
      531.130   0.00092829585
      531.390   0.00092754053
      531.660   0.00092675735
      531.920   0.00092600406
      532.190   0.00092522264
      532.450   0.00092447137
      532.720   0.00092369239
      532.990   0.00092291430
      533.250   0.00092216608
      533.520   0.00092138991
      533.780   0.00092064370
      534.050   0.00091986995
      534.310   0.00091912574
      534.580   0.00091835389
      534.840   0.00091761150
      535.110   0.00091684190
      535.370   0.00091610166
      535.640   0.00091533395
      535.900   0.00091459569
      536.170   0.00091383003
      536.430   0.00091309375
      536.700   0.00091233014
      536.970   0.00091156773
      537.230   0.00091083442
      537.500   0.00091007372
      537.760   0.00090934236
      538.030   0.00090858386
      538.290   0.00090785462
      538.560   0.00090709814
      538.820   0.00090637051
      539.090   0.00090561604
      539.350   0.00090489069
      539.620   0.00090413824
      539.880   0.00090341465
      540.150   0.00090266403
      540.410   0.00090194254
      540.680   0.00090119408
      540.950   0.00090044664
      541.210   0.00089972787
      541.480   0.00089898242
      541.740   0.00089826557
      542.010   0.00089752210
      542.270   0.00089680715
      542.540   0.00089606581
      542.800   0.00089535260
      543.070   0.00089461307
      543.330   0.00089390192
      543.600   0.00089316451
      543.860   0.00089245524
      544.130   0.00089171947
      544.390   0.00089101208
      544.660   0.00089027858
      544.930   0.00088954591
      545.190   0.00088884135
      545.460   0.00088811046
      545.720   0.00088740793
      545.990   0.00088667914
      546.250   0.00088597830
      546.520   0.00088525144
      546.780   0.00088455230
      547.050   0.00088382752
      547.310   0.00088313039
      547.580   0.00088240736
      547.840   0.00088171207
      548.110   0.00088099096
      548.370   0.00088029751
      548.640   0.00087957831
      548.910   0.00087886023
      549.170   0.00087816954
      549.440   0.00087745304
      549.700   0.00087676418
      549.970   0.00087604989
      550.230   0.00087536284
      550.500   0.00087465028
      550.760   0.00087396489
      551.030   0.00087325420
      551.290   0.00087257094
      551.560   0.00087186213
      551.820   0.00087118050
      552.090   0.00087047341
      552.360   0.00086976757
      552.620   0.00086908866
      552.890   0.00086838453
      553.150   0.00086770741
      553.420   0.00086700513
      553.680   0.00086632980
      553.950   0.00086562937
      554.210   0.00086495581
      554.480   0.00086425739
      554.740   0.00086358544
      555.010   0.00086288870
      555.270   0.00086221869
      555.540   0.00086152393
      555.800   0.00086085568
      556.070   0.00086016245
      556.340   0.00085947030
      556.600   0.00085880485
      556.870   0.00085811453
      557.130    0.0045666201
      557.400    0.0094754202
      557.660     0.012872700
      557.930     0.010168700
      558.190    0.0052568102
      558.460   0.00085406811
      558.720   0.00085340948
      558.990   0.00085272639
      559.250   0.00085206950
      559.520   0.00085138820
      559.780   0.00085073304
      560.050   0.00085005353
      560.320   0.00084937494
      560.580   0.00084872237
      560.850   0.00084804571
      561.110   0.00084739486
      561.380   0.00084671968
      561.640   0.00084607054
      561.910   0.00084539744
      562.170   0.00084475000
      562.440   0.00084407852
      562.700   0.00084343264
      562.970   0.00084276307
      563.230   0.00084211904
      563.500   0.00084145108
      563.760   0.00084080875
      564.030   0.00084014240
      564.300   0.00083947724
      564.560   0.00083883745
      564.830   0.00083817389
      565.090   0.00083753579
      565.360   0.00083687397
      565.620   0.00083623755
      565.890   0.00083557748
      566.150   0.00083494272
      566.420   0.00083428454
      566.680   0.00083365131
      566.950   0.00083299471
      567.210   0.00083236329
      567.480   0.00083170857
      567.740   0.00083107881
      568.010   0.00083042552
      568.280   0.00082977325
      568.540   0.00082914615
      568.810   0.00082849560
      569.070   0.00082787000
      569.340   0.00082722102
      569.600   0.00082659721
      569.870   0.00082595009
      570.130   0.00082532779
      570.400   0.00082468237
      570.660   0.00082406170
      570.930   0.00082341799
      571.190   0.00082279896
      571.460   0.00082215695
      571.720   0.00082153970
      571.990   0.00082089923
      572.260   0.00082025978
      572.520   0.00081964485
      572.790   0.00081900722
      573.050   0.00081839391
      573.320   0.00081775769
      573.580   0.00081714600
      573.850   0.00081651174
      574.110   0.00081590168
      574.380   0.00081526896
      574.640   0.00081466037
      574.910   0.00081402946
      575.170   0.00081342262
      575.440   0.00081279325
      575.700   0.00081218802
      575.970   0.00081156031
      576.240   0.00081093346
      576.500   0.00081033065
      576.770   0.00080970546
      577.030   0.00080910425
      577.300   0.00080848072
      577.560   0.00080788111
      577.830   0.00080725924
      578.090   0.00080666122
      578.360   0.00080604114
      578.620   0.00080544458
      578.890   0.00080482601
      579.150   0.00080423117
      579.420   0.00080361439
      579.680   0.00080302114
      579.950   0.00080240573
      580.220   0.00080179143
      580.480   0.00080120057
      580.750   0.00080058777
      581.010   0.00079999849
      581.280   0.00079938719
      581.540   0.00079879962
      581.810   0.00079819010
      582.070   0.00079760396
      582.340   0.00079699607
      582.600   0.00079641151
      582.870   0.00079580525
      583.130   0.00079522226
      583.400   0.00079461762
      583.670   0.00079401395
      583.930   0.00079343318
      584.200   0.00079283100
      584.460   0.00079225194
      584.730   0.00079165151
      584.990   0.00079107400
      585.260   0.00079047492
      585.520   0.00078989897
      585.790   0.00078930178
      586.050   0.00078872738
      586.320   0.00078813167
      586.580   0.00078755870
      586.850   0.00078696473
      587.110   0.00078639344
      587.380   0.00078580095
      587.650   0.00078520928
      587.910   0.00078464033
      588.180   0.00078405027
      588.440   0.00078348286
      588.710   0.00078289440
      588.970   0.00078232867
      589.240   0.00078174168
      589.500   0.00078117736
      589.770   0.00078059211
      590.030   0.00078002933
      590.300   0.00077944580
      590.560   0.00077888443
      590.830   0.00077830238
      591.090   0.00077774267
      591.360   0.00077716234
      591.630   0.00077658269
      591.890   0.00077602518
      592.160   0.00077544725
      592.420   0.00077489140
      592.690   0.00077431493
      592.950   0.00077376061
      593.220   0.00077318574
      593.480   0.00077263295
      593.750   0.00077205967
      594.010   0.00077150841
      594.280   0.00077093671
      594.540   0.00077038698
      594.810   0.00076981687
      595.070   0.00076926866
      595.340   0.00076870014
      595.610   0.00076813255
      595.870   0.00076758652
      596.140   0.00076702039
      596.400   0.00076647601
      596.670   0.00076591158
      596.930   0.00076536873
      597.200   0.00076480563
      597.460   0.00076426430
      597.730   0.00076370304
      597.990   0.00076316323
      598.260   0.00076260342
      598.520   0.00076206501
      598.790   0.00076150690
      599.050   0.00076097014
      599.320   0.00076041349
      599.590   0.00075985764
      599.850   0.00075932316
      600.120   0.00075876890
      600.380   0.00075823594
      600.650   0.00075768325
      600.910   0.00075715194
      601.180   0.00075660070
      601.440   0.00075607078
      601.710   0.00075552124
      601.970   0.00075499297
      602.240   0.00075444500
      602.500   0.00075391800
      602.770   0.00075337161
      603.030   0.00075284625
      603.300   0.00075230156
      603.570   0.00075175755
      603.830   0.00075123436
      604.100   0.00075069205
      604.360   0.00075017049
      604.630   0.00074962964
      604.890   0.00074910960
      605.160   0.00074857032
      605.420   0.00074805180
      605.690   0.00074751410
      605.950   0.00074699710
      606.220   0.00074646109
      606.480   0.00074594549
      606.750   0.00074541094
      607.010   0.00074489698
      607.280   0.00074436401
      607.550   0.00074383196
      607.810   0.00074332017
      608.080   0.00074278958
      608.340   0.00074227943
      608.610   0.00074175054
      608.870   0.00074124191
      609.140   0.00074071436
      609.400   0.00074020726
      609.670   0.00073968153
      609.930   0.00073917594
      610.200   0.00073865168
      610.460   0.00073814750
      610.730   0.00073762493
      611.000   0.00073710306
      611.260   0.00073660130
      611.530   0.00073608101
      611.790   0.00073558077
      612.060   0.00073506207
      612.320   0.00073456337
      612.590   0.00073404625
      612.850   0.00073354919
      613.120   0.00073303354
      613.380   0.00073253790
      613.650   0.00073202396
      613.910   0.00073152996
      614.180   0.00073101761
      614.440   0.00073052492
      614.710   0.00073001417
      614.980   0.00072950434
      615.240   0.00072901408
      615.510   0.00072850573
      615.770   0.00072801689
      616.040   0.00072751026
      616.300   0.00072702307
      616.570   0.00072651793
      616.830   0.00072603229
      617.100   0.00072552874
      617.360   0.00072504464
      617.630   0.00072454270
      617.890   0.00072406015
      618.160   0.00072355993
      618.420   0.00072307881
      618.690   0.00072258008
      618.960   0.00072208218
      619.220   0.00072160363
      619.490   0.00072110734
      619.750   0.00072063012
      620.020   0.00072013544
      620.280   0.00071965989
      620.550   0.00071916694
      620.810   0.00071869295
      621.080   0.00071820140
      621.340   0.00071772898
      621.610   0.00071723927
      621.870   0.00071676841
      622.140   0.00071628023
      622.400   0.00071581082
      622.670   0.00071532437
      622.940   0.00071483865
      623.200   0.00071437173
      623.470   0.00071388775
      623.730   0.00071342229
      624.000   0.00071293984
      624.260   0.00071247608
      624.530   0.00071199527
      624.790   0.00071153319
      625.060   0.00071105392
      625.320   0.00071059332
      625.590   0.00071011581
      625.850   0.00070965691
      626.120   0.00070918105
      626.380   0.00070872353
      626.650   0.00070824933
      626.920   0.00070777608
      627.180   0.00070732108
      627.450   0.00070684939
      627.710   0.00070639588
      627.980   0.00070592596
      628.240   0.00070547417
      628.510   0.00070500582
      628.770   0.00070455565
      629.040   0.00070408896
      629.300    0.0029539200
      629.570     0.011862700
      629.830     0.020414701
      630.100     0.024843801
      630.360     0.016012801
      630.630    0.0075121699
      630.900   0.00070089747
      631.160   0.00070045472
      631.430   0.00069999566
      631.690   0.00069955434
      631.960   0.00069909699
      632.220   0.00069865752
      632.490   0.00069820187
      632.750   0.00069776395
      633.020   0.00069730991
      633.280   0.00069687364
      633.550   0.00069642152
      633.810   0.00069598691
      634.080   0.00069553642
      634.340   0.00069510336
      634.610   0.00069465470
      634.880   0.00069420683
      635.140   0.00069377640
      635.410   0.00069333036
      635.670    0.0019591900
      635.940    0.0044776201
      636.200    0.0071331300
      636.470    0.0080060298
      636.730    0.0053913002
      637.000    0.0025755099
      637.260   0.00069029745
      637.530   0.00068985833
      637.790   0.00068943645
      638.060   0.00068899910
      638.330   0.00068856255
      638.590   0.00068814315
      638.860   0.00068770858
      639.120   0.00068729090
      639.390   0.00068685802
      639.650   0.00068644196
      639.920   0.00068601097
      640.180   0.00068559675
      640.450   0.00068516747
      640.710   0.00068475498
      640.980   0.00068432750
      641.240   0.00068391675
      641.510   0.00068349110
      641.770   0.00068308211
      642.040   0.00068265837
      642.310   0.00068223536
      642.570   0.00068182903
      642.840   0.00068140797
      643.100   0.00068100350
      643.370   0.00068058428
      643.630   0.00068018139
      643.900   0.00067976402
      644.160   0.00067936312
      644.430   0.00067894761
      644.690   0.00067854841
      644.960   0.00067813466
      645.220   0.00067773735
      645.490   0.00067732559
      645.750   0.00067693000
      646.020   0.00067652012
      646.290   0.00067611119
      646.550   0.00067571835
      646.820   0.00067531133
      647.080   0.00067492032
      647.350   0.00067451530
      647.610   0.00067412603
      647.880   0.00067372283
      648.140   0.00067333552
      648.410   0.00067293433
      648.670   0.00067254887
      648.940   0.00067214944
      649.200   0.00067176585
      649.470   0.00067136854
      649.730   0.00067098683
      650.000   0.00067059139
      650.270   0.00067019685
      650.530   0.00066981799
      650.800   0.00066942561
      651.060   0.00066904864
      651.330   0.00066865815
      651.590   0.00066828300
      651.860   0.00066789459
      652.120   0.00066752146
      652.390   0.00066713496
      652.650   0.00066676376
      652.920   0.00066637925
      653.180   0.00066601000
      653.450   0.00066562753
      653.710   0.00066526022
      653.980   0.00066487987
      654.250   0.00066450038
      654.510   0.00066413604
      654.780   0.00066375869
      655.040   0.00066339641
      655.310   0.00066302112
      655.570   0.00066266065
      655.840   0.00066228744
      656.100   0.00066192915
      656.370   0.00066155802
      656.630   0.00066120166
      656.900   0.00066083253
      657.160   0.00066047827
      657.430   0.00066011135
      657.690   0.00065975905
      657.960   0.00065939424
      658.230   0.00065903050
      658.490   0.00065868129
      658.760   0.00065831971
      659.020   0.00065797257
      659.290   0.00065761321
      659.550   0.00065726805
      659.820   0.00065691078
      660.080   0.00065656781
      660.350   0.00065621280
      660.610   0.00065587193
      660.880   0.00065551893
      661.140   0.00065518017
      661.410   0.00065482955
      661.670   0.00065449292
      661.940   0.00065414444
      662.210   0.00065379699
      662.470   0.00065346368
      662.740   0.00065311857
      663.000   0.00065278734
      663.270   0.00065244448
      663.530   0.00065211533
      663.800   0.00065177482
      664.060   0.00065144795
      664.330   0.00065110964
      664.590   0.00065078498
      664.860   0.00065044894
      665.120   0.00065012649
      665.390   0.00064979278
      665.660   0.00064946033
      665.920   0.00064914125
      666.190   0.00064881096
      666.450   0.00064849414
      666.720   0.00064816637
      666.980   0.00064785181
      667.250   0.00064752633
      667.510   0.00064721396
      667.780   0.00064689086
      668.040   0.00064658095
      668.310   0.00064626024
      668.570   0.00064595258
      668.840   0.00064563418
      669.100   0.00064532892
      669.370   0.00064501304
      669.640   0.00064469840
      669.900   0.00064439661
      670.170   0.00064408440
      670.430   0.00064378498
      670.700   0.00064347526
      670.960   0.00064317823
      671.230   0.00064287106
      671.490   0.00064257633
      671.760   0.00064227160
      672.020   0.00064197938
      672.290   0.00064167723
      672.550   0.00064138744
      672.820   0.00064108767
      673.080   0.00064080033
      673.350   0.00064050327
      673.620   0.00064020745
      673.880   0.00063992385
      674.150   0.00063963052
      674.410   0.00063934947
      674.680   0.00063905883
      674.940   0.00063878023
      675.210   0.00063849221
      675.470   0.00063821611
      675.740   0.00063793072
      676.000   0.00063765719
      676.270   0.00063737446
      676.530   0.00063710350
      676.800   0.00063682341
      677.060   0.00063655504
      677.330   0.00063627767
      677.600   0.00063600174
      677.860   0.00063573730
      678.130   0.00063546395
      678.390   0.00063520214
      678.660   0.00063493167
      678.920   0.00063467251
      679.190   0.00063440475
      679.450   0.00063414817
      679.720   0.00063388325
      679.980   0.00063362944
      680.250   0.00063336727
      680.510   0.00063311617
      680.780   0.00063285673
      681.040   0.00063260842
      681.310   0.00063235191
      681.580   0.00063209685
      681.840   0.00063185264
      682.110   0.00063160043
      682.370   0.00063135900
      682.640   0.00063110972
      682.900   0.00063087109
      683.170   0.00063062478
      683.430   0.00063038888
      683.700   0.00063014546
      683.960   0.00062991249
      684.230   0.00062967209
      684.490   0.00062944198
      684.760   0.00062920442
      685.020   0.00062897720
      685.290   0.00062874278
      685.560   0.00062850986
      685.820   0.00062828703
      686.090   0.00062805706
      686.350   0.00062783723
      686.620   0.00062761041
      686.880   0.00062739349
      687.150   0.00062716976
      687.410   0.00062695578
      687.680   0.00062673516
      687.940   0.00062652423
      688.210   0.00062630675
      688.470   0.00062609890
      688.740   0.00062588449
      689.000   0.00062567964
      689.270   0.00062546850
      689.540   0.00062525904
      689.800   0.00062505885
      690.070   0.00062485247
      690.330   0.00062465540
      690.600   0.00062445240
      690.860   0.00062425846
      691.130   0.00062405868
      691.390   0.00062386782
      691.660   0.00062367139
      691.920   0.00062348379
      692.190   0.00062329064
      692.450   0.00062310626
      692.720   0.00062291640
      692.990   0.00062272831
      693.250   0.00062254882
      693.520   0.00062236411
      693.780   0.00062218790
      694.050   0.00062200656
      694.310   0.00062183365
      694.580   0.00062165579
      694.840   0.00062148620
      695.110   0.00062131185
      695.370   0.00062114553
      695.640   0.00062097463
      695.900   0.00062081177
      696.170   0.00062064443
      696.430   0.00062048497
      696.700   0.00062032106
      696.970   0.00062015909
      697.230   0.00062000481
      697.500   0.00061984640
      697.760   0.00061969560
      698.030   0.00061954071
      698.290   0.00061939344
      698.560   0.00061924229
      698.820   0.00061909851
      699.090   0.00061895104
      699.350   0.00061881076
      699.620   0.00061866699
      699.880   0.00061853034
      700.150   0.00061839030
      700.410   0.00061825730
      700.680   0.00061812094
      700.950   0.00061798659
      701.210   0.00061785906
      701.480   0.00061772855
      701.740   0.00061760470
      702.010   0.00061747791
      702.270   0.00061735777
      702.540   0.00061723496
      702.800   0.00061711856
      703.070   0.00061699963
      703.330   0.00061688691
      703.600   0.00061677193
      703.860   0.00061666309
      704.130   0.00061655205
      704.390   0.00061644704
      704.660   0.00061633993
      704.930   0.00061623492
      705.190   0.00061613575
      705.460   0.00061603477
      705.720   0.00061593953
      705.990   0.00061584255
      706.250   0.00061575122
      706.520   0.00061565842
      706.780   0.00061557106
      707.050   0.00061548242
      707.310   0.00061539897
      707.580   0.00061531448
      707.840   0.00061523514
      708.110   0.00061515486
      708.370   0.00061507959
      708.640   0.00061500345
      708.910   0.00061492957
      709.170   0.00061486049
      709.440   0.00061479088
      709.700   0.00061472594
      709.970   0.00061466059
      710.230   0.00061459982
      710.500   0.00061453888
      710.760   0.00061448232
      711.030   0.00061442577
      711.290   0.00061437338
      711.560   0.00061432126
      711.820   0.00061427321
      712.090   0.00061422554
      712.350   0.00061418180
      712.620   0.00061413854
      712.890   0.00061409766
      713.150   0.00061406048
      713.420   0.00061402415
      713.680   0.00061399137
      713.950   0.00061395953
      714.210   0.00061393118
      714.480   0.00061390404
      714.740   0.00061388014
      715.010   0.00061385765
      715.270   0.00061383817
      715.540   0.00061382037
      715.800   0.00061380550
      716.070   0.00061379242
      716.330   0.00061378212
      716.600   0.00061377372
      716.870   0.00061376784
      717.130   0.00061376450
      717.400   0.00061376344
      717.660   0.00061376475
      717.930   0.00061376846
      718.190   0.00061377447
      718.460   0.00061378315
      718.720   0.00061379388
      718.990   0.00061380749
      719.250   0.00061382292
      719.520   0.00061384150
      719.780   0.00061386180
      720.050   0.00061388538
      720.320   0.00061391153
      720.580   0.00061393907
      720.850   0.00061397028
      721.110   0.00061400280
      721.380   0.00061403912
      721.640   0.00061407657
      721.910   0.00061411794
      722.170   0.00061416037
      722.440   0.00061420701
      722.700   0.00061425444
      722.970   0.00061430629
      723.230   0.00061435870
      723.500   0.00061441583
      723.760   0.00061447339
      724.030   0.00061453582
      724.300   0.00061460095
      724.560   0.00061466619
      724.830   0.00061473670
      725.090   0.00061480720
      725.360   0.00061488310
      725.620   0.00061495882
      725.890   0.00061504011
      726.150   0.00061512109
      726.420   0.00061520792
      726.680   0.00061529420
      726.950   0.00061538658
      727.210   0.00061547813
      727.480   0.00061557605
      727.740   0.00061567307
      728.010   0.00061577662
      728.280   0.00061588305
      728.540   0.00061598816
      728.810   0.00061610027
      729.070   0.00061621097
      729.340   0.00061632879
      729.600   0.00061644499
      729.870   0.00061656849
      730.130   0.00061669029
      730.400   0.00061681967
      730.660   0.00061694704
      730.930   0.00061708227
      731.190   0.00061721525
      731.460   0.00061735637
      731.720   0.00061749508
      731.990   0.00061764213
      732.260   0.00061779222
      732.520   0.00061793956
      732.790   0.00061809561
      733.050   0.00061824883
      733.320   0.00061841096
      733.580   0.00061857001
      733.850   0.00061873812
      734.110   0.00061890306
      734.380   0.00061907741
      734.640   0.00061924827
      734.910   0.00061942876
      735.170   0.00061960552
      735.440   0.00061979227
      735.700   0.00061997511
      735.970   0.00062016809
      736.240   0.00062036431
      736.500   0.00062055624
      736.770   0.00062075881
      737.030   0.00062095693
      737.300   0.00062116583
      737.560   0.00062137012
      737.830   0.00062158542
      738.090   0.00062179592
      738.360   0.00062201771
      738.620   0.00062223447
      738.890   0.00062246283
      739.150   0.00062268581
      739.420   0.00062292068
      739.680   0.00062315008
      739.950   0.00062339162
      740.220   0.00062363649
      740.480   0.00062387548
      740.750   0.00062412709
      741.010   0.00062437261
      741.280   0.00062463094
      741.540   0.00062488291
      741.810   0.00062514795
      742.070   0.00062540652
      742.340   0.00062567846
      742.600   0.00062594356
      742.870   0.00062622237
      743.130   0.00062649410
      743.400   0.00062677983
      743.660   0.00062705825
      743.930   0.00062735095
      744.200   0.00062764721
      744.460   0.00062793581
      744.730   0.00062823904
      744.990   0.00062853451
      745.260   0.00062884491
      745.520   0.00062914723
      745.790   0.00062946461
      746.050   0.00062977383
      746.320   0.00063009854
      746.580   0.00063041470
      746.850   0.00063074657
      747.110   0.00063106965
      747.380   0.00063140888
      747.640   0.00063173906
      747.910   0.00063208555
      748.180   0.00063243586
      748.440   0.00063277669
      748.710   0.00063313441
      748.970   0.00063348238
      749.240   0.00063384756
      749.500   0.00063420281
      749.770   0.00063457543
      750.030   0.00063493793
      750.300   0.00063531808
      750.560   0.00063568789
      750.830   0.00063607573
      751.090   0.00063645281
      751.360   0.00063684822
      751.630   0.00063724764
      751.890   0.00063763597
      752.160   0.00063804303
      752.420   0.00063843876
      752.690   0.00063885369
      752.950   0.00063925700
      753.220   0.00063967966
      753.480   0.00064009055
      753.750   0.00064052112
      754.010   0.00064093961
      754.280   0.00064137819
      754.540   0.00064180424
      754.810   0.00064225080
      755.070   0.00064268460
      755.340   0.00064313919
      755.610   0.00064359778
      755.870   0.00064404338
      756.140   0.00064451019
      756.400   0.00064496356
      756.670   0.00064543842
      756.930   0.00064589974
      757.200   0.00064638293
      757.460   0.00064685218
      757.730   0.00064734345
      757.990   0.00064782068
      758.260   0.00064832044
      758.520   0.00064880570
      758.790   0.00064931371
      759.050   0.00064980699
      759.320   0.00065032354
      759.590   0.00065084439
      759.850   0.00065134990
      760.120   0.00065187925
      760.380   0.00065239302
      760.650   0.00065293092
      760.910   0.00065345289
      761.180   0.00065399938
      761.440   0.00065452978
      761.710   0.00065508485
      761.970   0.00065562347
      762.240   0.00065618732
      762.500   0.00065673447
      762.770   0.00065730707
      763.030   0.00065786261
      763.300   0.00065844388
      763.570   0.00065902978
      763.830   0.00065959825
      764.100   0.00066019290
      764.360   0.00066076987
      764.630   0.00066137360
      764.890   0.00066195926
      765.160   0.00066257183
      765.420   0.00066316618
      765.690   0.00066378786
      765.950   0.00066439093
      766.220   0.00066502163
      766.480   0.00066563348
      766.750   0.00066627346
      767.010   0.00066689407
      767.280   0.00066754324
      767.550   0.00066819697
      767.810   0.00066883107
      768.080   0.00066949422
      768.340   0.00067013720
      768.610   0.00067080952
      768.870   0.00067146158
      769.140   0.00067214342
      769.400   0.00067280453
      769.670   0.00067349558
      769.930   0.00067416579
      770.200   0.00067486654
      770.460   0.00067554590
      770.730   0.00067625602
      770.990   0.00067694452
      771.260   0.00067766438
      771.530   0.00067838914
      771.790   0.00067909152
      772.060   0.00067982595
      772.320   0.00068053775
      772.590   0.00068128189
      772.850   0.00068200297
      773.120   0.00068275686
      773.380   0.00068348753
      773.650   0.00068425118
      773.910   0.00068499115
      774.180   0.00068576473
      774.440   0.00068651440
      774.710   0.00068729789
      774.970   0.00068805689
      775.240   0.00068885035
      775.510   0.00068964891
      775.770   0.00069042269
      776.040   0.00069123111
      776.300   0.00069201453
      776.570   0.00069283322
      776.830   0.00069362645
      777.100   0.00069445510
      777.360   0.00069525812
      777.630   0.00069609710
      777.890   0.00069690996
      778.160   0.00069775905
      778.420   0.00069858181
      778.690   0.00069944139
      778.960   0.00070030617
      779.220   0.00070114375
      779.490   0.00070201896
      779.750   0.00070286675
      780.020   0.00070375239
      780.280   0.00070461018
      780.550   0.00070550609
      780.810   0.00070637405
      781.080   0.00070728068
      781.340   0.00070815879
      781.610   0.00070907573
      781.870   0.00070996405
      782.140   0.00071089187
      782.400   0.00071179044
      782.670   0.00071272873
      782.940   0.00071367262
      783.200   0.00071458675
      783.470   0.00071554122
      783.730   0.00071646572
      784.000   0.00071743121
      784.260   0.00071836607
      784.530   0.00071934240
      784.790   0.00072028755
      785.060   0.00072127477
      785.320   0.00072223066
      785.590   0.00072322875
      785.850   0.00072419497
      786.120   0.00072520411
      786.380   0.00072618115
      786.650   0.00072720133
      786.920   0.00072822685
      787.180   0.00072921998
      787.450   0.00073025690
      787.710   0.00073126074
      787.980   0.00073230857
      788.240   0.00073332312
      788.510   0.00073438239
      788.770   0.00073540780
      789.040   0.00073647807
      789.300   0.00073751433
      789.570   0.00073859607
      789.830   0.00073964323
      790.100   0.00074073612
      790.360   0.00074179421
      790.630   0.00074289874
      790.900   0.00074400901
      791.160   0.00074508345
      791.430   0.00074620524
      791.690   0.00074729097
      791.960   0.00074842426
      792.220   0.00074952077
      792.490   0.00075066559
      792.750   0.00075177355
      793.020   0.00075292996
      793.280   0.00075404910
      793.550   0.00075521681
      793.810   0.00075634716
      794.080   0.00075752687
      794.340   0.00075866849
      794.610   0.00075985964
      794.880   0.00076105699
      795.140   0.00076221568
      795.410   0.00076342459
      795.670   0.00076459464
      795.940   0.00076581565
      796.200   0.00076699705
      796.470   0.00076822965
      796.730   0.00076942255
      797.000   0.00077066733
      797.260   0.00077187171
      797.530   0.00077312838
      797.790   0.00077434401
      798.060   0.00077561272
      798.320   0.00077684019
      798.590   0.00077812094
      798.860   0.00077940747
      799.120   0.00078065247
      799.390   0.00078195144
      799.650   0.00078320810
      799.920   0.00078451891
      800.180   0.00078578721
      800.450   0.00078711047
      800.710   0.00078839057
      800.980   0.00078972574
      801.240   0.00079101760
      801.510   0.00079236526
      801.770   0.00079366893
      802.040   0.00079502862
      802.300   0.00079634413
      802.570   0.00079771645
      802.840   0.00079909500
      803.100   0.00080042814
      803.370   0.00080181912
      803.630   0.00080316451
      803.900   0.00080456790
      804.160   0.00080592488
      804.430   0.00080734071
      804.690   0.00080871007
      804.960   0.00081013838
      805.220   0.00081151945
      805.490   0.00081296022
      805.750   0.00081435368
      806.020   0.00081580705
      806.290   0.00081726650
      806.550   0.00081867824
      806.820   0.00082015056
      807.080   0.00082157444
      807.350   0.00082305912
      807.610   0.00082449517
      807.880   0.00082599285
      808.140   0.00082744106
      808.410   0.00082895109
      808.670   0.00083041159
      808.940   0.00083193469
      809.200   0.00083340747
      809.470   0.00083494291
      809.730   0.00083642799
      810.000   0.00083797662
      810.270   0.00083953179
      810.530   0.00084103548
      810.800   0.00084260306
      811.060   0.00084411911
      811.330   0.00084569996
      811.590   0.00084722842
      811.860   0.00084882179
      812.120   0.00085036261
      812.390   0.00085196926
      812.650   0.00085352258
      812.920   0.00085514180
      813.180   0.00085670759
      813.450   0.00085834009
      813.710   0.00085991838
      813.980   0.00086156355
      814.250   0.00086321572
      814.510   0.00086481292
      814.780   0.00086647806
      815.040   0.00086808744
      815.310   0.00086976569
      815.570   0.00087138802
      815.840   0.00087307934
      816.100   0.00087471383
      816.370   0.00087641825
      816.630   0.00087806581
      816.900   0.00087978334
      817.160   0.00088144314
      817.430   0.00088317376
      817.690   0.00088484662
      817.960   0.00088659045
      818.230   0.00088834060
      818.490   0.00089003260
      818.760   0.00089179627
      819.020   0.00089350098
      819.290   0.00089527751
      819.550   0.00089699494
      819.820   0.00089878510
      820.080   0.00090051522
      820.350   0.00090231821
      820.610   0.00090406114
      820.880   0.00090587780
      821.140   0.00090763350
      821.410   0.00090946295
      821.670   0.00091123144
      821.940   0.00091307465
      822.210   0.00091492464
      822.470   0.00091671203
      822.740   0.00091857527
      823.000   0.00092037590
      823.270   0.00092225251
      823.530   0.00092406597
      823.800   0.00092595548
      824.060   0.00092778173
      824.330   0.00092968502
      824.590   0.00093152417
      824.860   0.00093344037
      825.120   0.00093529239
      825.390   0.00093722233
      825.650   0.00093908722
      825.920   0.00094103014
      826.190   0.00094298031
      826.450   0.00094486464
      826.720   0.00094682770
      826.980   0.00094872491
      827.250   0.00095070186
      827.510   0.00095261196
      827.780   0.00095460230
      828.040   0.00095652480
      828.310   0.00095852853
      828.570   0.00096046444
      828.840   0.00096248157
      829.100   0.00096442993
      829.370   0.00096646041
      829.630   0.00096842213
      829.900   0.00097046607
      830.170   0.00097251638
      830.430   0.00097449759
      830.700   0.00097656171
      830.960   0.00097855583
      831.230   0.00098063294
      831.490   0.00098263997
      831.760   0.00098473096
      832.020   0.00098675084
      832.290   0.00098885475
      832.550   0.00099088759
      832.820   0.00099300538
      833.080   0.00099505112
      833.350   0.00099718177
      833.620   0.00099931978
      833.880    0.0010013850
      834.150    0.0010035364
      834.410    0.0010056140
      834.680    0.0010077787
      834.940    0.0010098697
      835.210    0.0010120478
      835.470    0.0010141512
      835.740    0.0010163427
      836.000    0.0010184594
      836.270    0.0010206642
      836.530    0.0010227938
      836.800    0.0010250115
      837.060    0.0010271539
      837.330    0.0010293854
      837.600    0.0010316233
      837.860    0.0010337851
      838.130    0.0010360367
      838.390    0.0010382113
      838.660    0.0010404757
      838.920    0.0010426631
      839.190    0.0010449414
      839.450    0.0010471415
      839.720    0.0010494325
      839.980    0.0010516454
      840.250    0.0010539502
      840.510    0.0010561759
      840.780    0.0010584939
      841.040    0.0010607318
      841.310    0.0010630630
      841.580    0.0010654010
      841.840    0.0010676586
      842.110    0.0010700092
      842.370    0.0010722795
      842.640    0.0010746438
      842.900    0.0010769267
      843.170    0.0010793036
      843.430    0.0010815993
      843.700    0.0010839898
      843.960    0.0010862980
      844.230    0.0010887011
      844.490    0.0010910219
      844.760    0.0010934387
      845.020    0.0010957721
      845.290    0.0010982012
      845.560    0.0011006376
      845.820    0.0011029899
      846.090    0.0011054393
      846.350    0.0011078036
      846.620    0.0011102659
      846.880    0.0011126431
      847.150    0.0011151184
      847.410    0.0011175076
      847.680    0.0011199958
      847.940    0.0011223979
      848.210    0.0011248989
      848.470    0.0011273128
      848.740    0.0011298267
      849.000    0.0011322536
      849.270    0.0011347802
      849.540    0.0011373128
      849.800    0.0011397582
      850.070    0.0011423042
      850.330    0.0011447618
      850.600    0.0011473198
      850.860    0.0011497897
      851.130    0.0011523610
      851.390    0.0011548430
      851.660    0.0011574264
      851.920    0.0011599205
      852.190    0.0011625170
      852.450    0.0011650233
      852.720    0.0011676317
      852.980    0.0011701501
      853.250    0.0011727715
      853.520    0.0011753994
      853.780    0.0011779358
      854.050    0.0011805755
      854.310    0.0011831239
      854.580    0.0011857765
      854.840    0.0011883368
      855.110    0.0011910012
      855.370    0.0011935733
      855.640    0.0011962506
      855.900    0.0011988345
      856.170    0.0012015234
      856.430    0.0012041190
      856.700    0.0012068207
      856.960    0.0012094281
      857.230    0.0012121412
      857.500    0.0012148611
      857.760    0.0012174861
      858.030    0.0012202180
      858.290    0.0012228539
      858.560    0.0012255978
      858.820    0.0012282458
      859.090    0.0012310017
      859.350    0.0012336605
      859.620    0.0012364283
      859.880    0.0012390991
      860.150    0.0012418786
      860.410    0.0012445602
      860.680    0.0012473514
      860.950    0.0012501487
      861.210    0.0012528478
      861.480    0.0012556561
      861.740    0.0012583664
      862.010    0.0017659900
      862.270    0.0017691700
      862.540    0.0027641600
      862.800    0.0022921900
      863.070    0.0025725600
      863.330    0.0015685800
      863.600    0.0015714500
      863.860    0.0012967400
      864.130    0.0012992300
      864.390    0.0016631400
      864.660    0.0017685600
      864.930    0.0017713601
      865.190    0.0017903600
      865.460    0.0016903100
      865.720    0.0016931600
      865.990    0.0013168700
      866.250    0.0022140299
      866.520    0.0022172600
      866.780    0.0033555201
      867.050    0.0024630600
      867.310    0.0032922500
      867.580    0.0021724801
      867.840    0.0024671601
      868.110    0.0016429900
      868.370    0.0016323701
      868.640    0.0013322385
      868.910    0.0013352026
      869.170    0.0013380625
      869.440    0.0013410379
      869.700    0.0013439079
      869.970    0.0013468930
      870.230    0.0013497732
      870.500    0.0013527693
      870.760    0.0013556593
      871.030    0.0013586658
      871.290    0.0013615650
      871.560    0.0013645816
      871.820    0.0013674913
      872.090    0.0013705180
      872.350    0.0013734367
      872.620    0.0013764735
      872.890    0.0013795154
      873.150    0.0013824492
      873.420    0.0013855002
      873.680    0.0013884435
      873.950    0.0013915050
      874.210    0.0013944577
      874.480    0.0013975282
      874.740    0.0014004902
      875.010    0.0014035710
      875.270    0.0014065422
      875.540    0.0014096318
      875.800    0.0014126121
      876.070    0.0014157118
      876.330    0.0014187011
      876.600    0.0014218094
      876.870    0.0014249231
      877.130    0.0014279258
      877.400    0.0014310486
      877.660    0.0014340594
      877.930    0.0014371913
      878.190    0.0014402114
      878.460    0.0014433522
      878.720    0.0014463802
      878.990    0.0014495299
      879.250    0.0014525671
      879.520    0.0014557255
      879.780    0.0014587710
      880.050    0.0014619373
      880.310    0.0014649910
      880.580    0.0014681666
      880.850    0.0014713457
      881.110    0.0014744117
      881.380    0.0014775999
      881.640    0.0014806739
      881.910    0.0014838696
      882.170    0.0014869515
      882.440    0.0014901560
      882.700    0.0014932456
      882.970    0.0014964575
      883.230    0.0014995548
      883.500    0.0015027752
      883.760    0.0015058800
      884.030    0.0015091082
      884.290    0.0015122197
      884.560    0.0015154556
      884.830    0.0015186954
      885.090    0.0015218186
      885.360    0.0015250650
      885.620    0.0015281954
      885.890    0.0015314500
      886.150    0.0015345874
      886.420    0.0015378484
      886.680    0.0015409927
      886.950    0.0015442615
      887.210    0.0015474126
      887.480    0.0015506877
      887.740    0.0015538454
      888.010    0.0015571282
      888.270    0.0015602924
      888.540    0.0015635811
      888.810    0.0015668739
      889.070    0.0015700478
      889.340    0.0015733471
      889.600    0.0015765265
      889.870    0.0015798323
      890.130    0.0015830185
      890.400    0.0015863304
      890.660    0.0015895219
      890.930    0.0015928400
      891.190    0.0015960381
      891.460    0.0015993622
      891.720    0.0016025651
      891.990    0.0016058951
      892.260    0.0016092281
      892.520    0.0016124402
      892.790    0.0016157780
      893.050    0.0016189954
      893.320    0.0016223395
      893.580    0.0016255623
      893.850    0.0016289110
      894.110    0.0016321389
      894.380    0.0016354935
      894.640    0.0016387263
      894.910    0.0016420854
      895.170    0.0016453231
      895.440    0.0016486878
      895.700    0.0016519301
      895.970    0.0016552989
      896.240    0.0016586709
      896.500    0.0016619201
      896.770    0.0016652966
      897.030    0.0016685501
      897.300    0.0016719303
      897.560    0.0016751881
      897.830    0.0016785734
      898.090    0.0016818352
      898.360    0.0016852238
      898.620    0.0016884895
      898.890    0.0016918829
      899.150    0.0016951524
      899.420    0.0016985489
      899.680    0.0017018220
      899.950    0.0017052229
      900.220    0.0017086249
      900.480    0.0017119032
      900.750    0.0017153094
      901.010    0.0017185910
      901.280    0.0017220005
      901.540    0.0017252844
      901.810    0.0017286971
      902.070    0.0017319847
      902.340    0.0017354003
      902.600    0.0017386900
      902.870    0.0017421085
      903.130    0.0017454015
      903.400    0.0017488227
      903.660    0.0017521175
      903.930    0.0017555411
      904.200    0.0017589660
      904.460    0.0017622651
      904.730    0.0017656915
      904.990    0.0017689926
      905.260    0.0017724218
      905.520    0.0017757249
      905.790    0.0017791554
      906.050    0.0017824603
      906.320    0.0017858932
      906.580    0.0017891998
      906.850    0.0017926336
      907.110    0.0017959416
      907.380    0.0017993776
      907.640    0.0018026869
      907.910    0.0018061235
      908.180    0.0018095614
      908.440    0.0018128724
      908.710    0.0018163113
      908.970    0.0018196224
      909.240    0.0018230622
      909.500    0.0018263748
      909.770    0.0018298153
      910.030    0.0018331285
      910.300    0.0018365687
      910.560    0.0018398823
      910.830    0.0018433237
      911.090    0.0018466375
      911.360    0.0018500783
      911.620    0.0018533922
      911.890    0.0018568337
      912.160    0.0018602743
      912.420    0.0018635881
      912.690    0.0018670292
      912.950    0.0018703426
      913.220    0.0018737826
      913.480    0.0018770955
      913.750    0.0018805356
      914.010    0.0018838478
      914.280    0.0018872870
      914.540    0.0018905976
      914.810    0.0018940359
      915.070    0.0018973463
      915.340    0.0019007835
      915.600    0.0019040918
      915.870    0.0019075276
      916.140    0.0019109627
      916.400    0.0019142697
      916.670    0.0019177024
      916.930    0.0019210077
      917.200    0.0019244394
      917.460    0.0019277430
      917.730    0.0019311719
      917.990    0.0019344735
      918.260    0.0019379010
      918.520    0.0019412005
      918.790    0.0019446249
      919.050    0.0019479220
      919.320    0.0019513447
      919.590    0.0019547660
      919.850    0.0019580585
      920.000    0.0019599580
      920.500    0.0019662855
      921.000    0.0019726076
      921.500    0.0019789240
      922.000    0.0019852345
      922.500    0.0019915386
      923.000    0.0019978362
      923.500    0.0020041269
      924.000    0.0020104103
      924.500    0.0020166862
      925.000    0.0020229542
      925.500    0.0020292141
      926.000    0.0020354655
      926.500    0.0020417081
      927.000    0.0020479417
      927.500    0.0020541658
      928.000    0.0020603802
      928.500    0.0020665845
      929.000    0.0020727784
      929.500    0.0020789616
      930.000    0.0020851339
      930.500    0.0020912948
      931.000    0.0020974440
      931.500    0.0021035813
      932.000    0.0021097063
      932.500    0.0021158187
      933.000    0.0021219181
      933.500    0.0021280043
      934.000    0.0021340769
      934.500    0.0021401357
      935.000    0.0021461802
      935.500    0.0021522101
      936.000    0.0021582252
      936.500    0.0021642251
      937.000    0.0021702095
      937.500    0.0021761780
      938.000    0.0021821304
      938.500    0.0021880663
      939.000    0.0021939854
      939.500    0.0021998874
      940.000    0.0022057719
      940.500    0.0022116386
      941.000    0.0022174872
      941.500    0.0022233174
      942.000    0.0022291289
      942.500    0.0022349213
      943.000    0.0022406942
      943.500    0.0022464475
      944.000    0.0022521807
      944.500    0.0022578936
      945.000    0.0022635858
      945.500    0.0022692570
      946.000    0.0022749068
      946.500    0.0022805350
      947.000    0.0022861413
      947.500    0.0022917252
      948.000    0.0022972866
      948.500    0.0023028250
      949.000    0.0023083402
      949.500    0.0023138318
      950.000    0.0023192995
      950.500    0.0023247430
      951.000    0.0023301621
      951.500    0.0023355563
      952.000    0.0023409253
      952.500    0.0023462689
      953.000    0.0023515867
      953.500    0.0023568785
      954.000    0.0023621439
      954.500    0.0023673825
      955.000    0.0023725941
      955.500    0.0023777784
      956.000    0.0023829351
      956.500    0.0023880639
      957.000    0.0023931643
      957.500    0.0023982363
      958.000    0.0024032794
      958.500    0.0024082933
      959.000    0.0024132778
      959.500    0.0024182325
      960.000    0.0024231571
      960.500    0.0024280514
      961.000    0.0024329150
      961.500    0.0024377477
      962.000    0.0024425492
      962.500    0.0024473191
      963.000    0.0024520571
      963.500    0.0024567630
      964.000    0.0024614366
      964.500    0.0024660774
      965.000    0.0024706852
      965.500    0.0024752598
      966.000    0.0024798008
      966.500    0.0024843079
      967.000    0.0024887810
      967.500    0.0024932196
      968.000    0.0024976236
      968.500    0.0025019926
      969.000    0.0025063264
      969.500    0.0025106246
      970.000    0.0025148871
      970.500    0.0025191136
      971.000    0.0025233038
      971.500    0.0025274574
      972.000    0.0025315741
      972.500    0.0025356538
      973.000    0.0025396961
      973.500    0.0025437007
      974.000    0.0025476676
      974.500    0.0025515962
      975.000    0.0025554865
      975.500    0.0025593382
      976.000    0.0025631509
      976.500    0.0025669246
      977.000    0.0025706589
      977.500    0.0025743535
      978.000    0.0025780084
      978.500    0.0025816231
      979.000    0.0025851975
      979.500    0.0025887313
      980.000    0.0025922243
      980.500    0.0025956764
      981.000    0.0025990871
      981.500    0.0026024564
      982.000    0.0026057840
      982.500    0.0026090697
      983.000    0.0026123132
      983.500    0.0026155144
      984.000    0.0026186730
      984.500    0.0026217889
      985.000    0.0026248618
      985.500    0.0026278915
      986.000    0.0026308777
      986.500    0.0026338204
      987.000    0.0026367193
      987.500    0.0026395742
      988.000    0.0026423850
      988.500    0.0026451513
      989.000    0.0026478731
      989.500    0.0026505502
      990.000    0.0026531823
      990.500    0.0026557693
      991.000    0.0026583110
      991.500    0.0026608073
      992.000    0.0026632579
      992.500    0.0026656627
      993.000    0.0026680216
      993.500    0.0026703343
      994.000    0.0026726007
      994.500    0.0026748207
      995.000    0.0026769941
      995.500    0.0026791207
      996.000    0.0026812004
      996.500    0.0026832330
      997.000    0.0026852184
      997.500    0.0026871564
      998.000    0.0026890470
      998.500    0.0026908900
      999.000    0.0026926852
      999.500    0.0026944325
      1000.00    0.0026961318
      1000.50    0.0026977830
      1001.00    0.0026993859
      1001.50    0.0027009404
      1002.00    0.0027024465
      1002.50    0.0027039039
      1003.00    0.0027053127
      1003.50    0.0027066726
      1004.00    0.0027079836
      1004.50    0.0027092456
      1005.00    0.0027104584
      1005.50    0.0027116221
      1006.00    0.0027127364
      1006.50    0.0027138014
      1007.00    0.0027148169
      1007.50    0.0027157828
      1008.00    0.0027166992
      1008.50    0.0027175658
      1009.00    0.0027183826
      1009.50    0.0027191496
      1010.00    0.0027198666
      1010.50    0.0027205338
      1011.00    0.0027211508
      1011.50    0.0027217177
      1012.00    0.0027222346
      1012.50    0.0027227011
      1013.00    0.0027231175
      1013.50    0.0027234837
      1014.00    0.0027237994
      1014.50    0.0027240648
      1015.00    0.0027242798
      1015.50    0.0027244444
      1016.00    0.0027245585
      1016.50    0.0027246222
      1017.00    0.0027246354
      1017.50    0.0027245980
      1018.00    0.0027245101
      1018.50    0.0027243717
      1019.00    0.0027241827
      1019.50    0.0027239431
      1020.00    0.0027236530
      1020.50    0.0027233124
      1021.00    0.0027229212
      1021.50    0.0027224794
      1022.00    0.0027219872
      1022.50    0.0027214443
      1023.00    0.0027208511
      1023.50    0.0027202073
      1024.00    0.0027195130
      1024.50    0.0027187684
      1025.00    0.0027179734
      1025.50    0.0027171279
      1026.00    0.0027162322
      1026.50    0.0027152862
      1027.00    0.0027142899
      1027.50    0.0027132434
      1028.00    0.0027121468
      1028.50    0.0027110001
      1029.00    0.0027098033
      1029.50    0.0027085566
      1030.00    0.0027072600
      1030.50    0.0027059135
      1031.00    0.0027045173
      1031.50    0.0027030713
      1032.00    0.0027015757
      1032.50    0.0027000305
      1033.00    0.0026984359
      1033.50    0.0026967919
      1034.00    0.0026950985
      1034.50    0.0026933560
      1035.00    0.0026915643
      1035.50    0.0026897236
      1036.00    0.0026878340
      1036.50    0.0026858956
      1037.00    0.0026839085
      1037.50    0.0026818727
      1038.00    0.0026797885
      1038.50    0.0026776559
      1039.00    0.0026754749
      1039.50    0.0026732459
      1040.00    0.0026709689
      1040.50    0.0026686439
      1041.00    0.0026662713
      1041.50    0.0026638510
      1042.00    0.0026613831
      1042.50    0.0026588680
      1043.00    0.0026563057
      1043.50    0.0026536962
      1044.00    0.0026510398
      1044.50    0.0026483367
      1045.00    0.0026455870
      1045.50    0.0026427908
      1046.00    0.0026399483
      1046.50    0.0026370597
      1047.00    0.0026341250
      1047.50    0.0026311446
      1048.00    0.0026281185
      1048.50    0.0026250470
      1049.00    0.0026219301
      1049.50    0.0026187681
      1050.00    0.0026155613
      1050.50    0.0026123096
      1051.00    0.0026090134
      1051.50    0.0026056728
      1052.00    0.0026022879
      1052.50    0.0025988591
      1053.00    0.0025953866
      1053.50    0.0025918703
      1054.00    0.0025883107
      1054.50    0.0025847079
      1055.00    0.0025810621
      1055.50    0.0025773735
      1056.00    0.0025736423
      1056.50    0.0025698688
      1057.00    0.0025660531
      1057.50    0.0025621955
      1058.00    0.0025582962
      1058.50    0.0025543553
      1059.00    0.0025503732
      1059.50    0.0025463501
      1060.00    0.0025422862
      1060.50    0.0025381817
      1061.00    0.0025340368
      1061.50    0.0025298519
      1062.00    0.0025256270
      1062.50    0.0025213625
      1063.00    0.0025170587
      1063.50    0.0025127156
      1064.00    0.0025083337
      1064.50    0.0025039132
      1065.00    0.0024994542
      1065.50    0.0024949571
      1066.00    0.0024904221
      1066.50    0.0024858495
      1067.00    0.0024812394
      1067.50    0.0024765922
      1068.00    0.0024719082
      1068.50    0.0024671876
      1069.00    0.0024624306
      1069.50    0.0024576376
      1070.00    0.0024528088
      1070.50    0.0024479444
      1071.00    0.0024430448
      1071.50    0.0024381103
      1072.00    0.0024331409
      1072.50    0.0024281372
      1073.00    0.0024230994
      1073.50    0.0024180276
      1074.00    0.0024129223
      1074.50    0.0024077836
      1075.00    0.0024026119
      1075.50    0.0023974075
      1076.00    0.0023921707
      1076.50    0.0023869016
      1077.00    0.0023816008
      1077.50    0.0023762683
      1078.00    0.0023709046
      1078.50    0.0023655098
      1079.00    0.0023600844
      1079.50    0.0023546285
      1080.00    0.0023491426
      1080.50    0.0023436268
      1081.00    0.0023380816
      1081.50    0.0023325071
      1082.00    0.0023269038
      1082.50    0.0023212718
      1083.00    0.0023156116
      1083.50    0.0023099233
      1084.00    0.0023042074
      1084.50    0.0022984642
      1085.00    0.0022926938
      1085.50    0.0022868967
      1086.00    0.0022810731
      1086.50    0.0022752234
      1087.00    0.0022693479
      1087.50    0.0022634469
      1088.00    0.0022575206
      1088.50    0.0022515695
      1089.00    0.0022455938
      1089.50    0.0022395939
      1090.00    0.0022335700
      1090.50    0.0022275225
      1091.00    0.0022214517
      1091.50    0.0022153578
      1092.00    0.0022092414
      1092.50    0.0022031025
      1093.00    0.0021969416
      1093.50    0.0021907591
      1094.00    0.0021845551
      1094.50    0.0021783300
      1095.00    0.0021720842
      1095.50    0.0021658180
      1096.00    0.0021595316
      1096.50    0.0021532254
      1097.00    0.0021468998
      1097.50    0.0021405550
      1098.00    0.0021341914
      1098.50    0.0021278093
      1099.00    0.0021214090
      1099.50    0.0021149908
      1100.00    0.0021085551
