      320.000       0.0000000
      349.990       0.0000000
      350.170   1.8490656e-13
      350.430   3.5560702e-07
      350.700   4.4529911e-07
      350.960   7.9155605e-07
      351.230   8.8169513e-07
      351.490   1.2188860e-06
      351.760   1.5991387e-06
      352.020   1.6474792e-06
      352.290   2.0183898e-06
      352.550   2.3575335e-06
      352.820   2.4390589e-06
      353.080   2.7689122e-06
      353.350   3.1313310e-06
      353.620   3.2085107e-06
      353.880   3.5353495e-06
      354.150   3.8932434e-06
      354.410   3.9309383e-06
      354.680   4.2897569e-06
      354.940   4.6085822e-06
      355.210   4.6783621e-06
      355.470   4.9983874e-06
      355.740   5.3486627e-06
      356.000   5.3801979e-06
      356.270   5.7315259e-06
      356.530   5.7542277e-06
      356.800   6.0965296e-06
      357.070   6.4443980e-06
      357.330   6.4739218e-06
      357.600   6.8028253e-06
      357.860   7.1137420e-06
      358.130   7.1637737e-06
      358.390   7.4661392e-06
      358.660   7.7973050e-06
      358.920   7.8211985e-06
      359.190   8.1535674e-06
      359.450   8.4388526e-06
      359.720   8.4922482e-06
      359.980   8.7794934e-06
      360.250   9.1041550e-06
      360.510   9.1229593e-06
      360.780   9.4389549e-06
      361.050   9.7605657e-06
      361.310   9.7668230e-06
      361.580   1.0079838e-05
      361.840   1.0087850e-05
      362.110   1.0402327e-05
      362.370   1.0681982e-05
      362.640   1.0718352e-05
      362.900   1.0989483e-05
      363.170   1.1297487e-05
      363.430   1.1300540e-05
      363.700   1.1599891e-05
      363.960   1.1875081e-05
      364.230   1.1895979e-05
      364.490   1.2173143e-05
      364.760   1.2465811e-05
      365.030   1.2493948e-05
      365.290   1.2759296e-05
      365.560   1.3049260e-05
      365.820   1.3036592e-05
      366.090   1.3328354e-05
      366.350   1.3587658e-05
      366.620   1.3611411e-05
      366.880   1.3862869e-05
      367.150   1.4148461e-05
      367.410   1.4132158e-05
      367.680   1.4419446e-05
      367.940   1.4395493e-05
      368.210   1.4674856e-05
      368.470   1.4923157e-05
      368.740   1.4934449e-05
      369.010   1.5211879e-05
      369.270   1.5458498e-05
      369.540   1.5458024e-05
      369.800   1.5706915e-05
      370.070   1.5978525e-05
      370.330   1.5949641e-05
      370.600   1.6213624e-05
      370.860   1.6457293e-05
      371.130   1.6453508e-05
      371.390   1.6689783e-05
      371.660   1.6947743e-05
      371.920   1.6916824e-05
      372.190   1.7177065e-05
      372.450   1.7408687e-05
      372.720   1.7401166e-05
      372.990   1.7659827e-05
      373.250   1.7610347e-05
      373.520   1.7871390e-05
      373.780   1.8094559e-05
      374.050   1.8077929e-05
      374.310   1.8303598e-05
      374.580   1.8549720e-05
      374.840   1.8508181e-05
      375.110   1.8756467e-05
      375.370   1.8977900e-05
      375.640   1.8949081e-05
      375.900   1.9173011e-05
      376.170   1.9406724e-05
      376.430   1.9363674e-05
      376.700   1.9599885e-05
      376.970   1.9842139e-05
      377.230   1.9788596e-05
      377.500   2.0023510e-05
      377.760   2.0232885e-05
      378.030   2.0200543e-05
      378.290   2.0402690e-05
      378.560   2.0373194e-05
      378.820   2.0578375e-05
      379.090   2.0811736e-05
      379.350   2.0740009e-05
      379.620   2.0975979e-05
      379.880   2.1167409e-05
      380.150   2.1136271e-05
      380.410   2.1330958e-05
      380.680   2.1552659e-05
      380.950   2.1510887e-05
      381.210   2.1705070e-05
      381.480   2.1926320e-05
      381.740   2.1853648e-05
      382.010   2.2077883e-05
      382.270   2.2268221e-05
      382.540   2.2215706e-05
      382.800   2.2409342e-05
      383.070   2.2619839e-05
      383.330   2.2546840e-05
      383.600   2.2750092e-05
      383.860   2.2680665e-05
      384.130   2.2887161e-05
      384.400   2.3089957e-05
      384.660   2.3010650e-05
      384.930   2.3216625e-05
      385.190   2.3400838e-05
      385.460   2.3600016e-05
      385.720   2.3517743e-05
      385.990   2.3720052e-05
      386.250   2.3891034e-05
      386.520   2.3836873e-05
      386.780   2.4001390e-05
      387.050   2.4200403e-05
      387.310   2.4368702e-05
      387.580   2.4570948e-05
      387.840   2.4482786e-05
      388.110   2.4668508e-05
      388.380   2.4860960e-05
      388.640   2.5033281e-05
      388.910   2.5218955e-05
      389.170   2.5384955e-05
      389.440   2.5314139e-05
      389.700   2.5473850e-05
      389.970   2.5656476e-05
      390.230   2.5819743e-05
      390.500   2.6006097e-05
      390.760   2.6413082e-05
      391.030   2.6592985e-05
      391.290   2.6753844e-05
      391.560   2.6927134e-05
      391.820   2.7081907e-05
      392.090   2.7258823e-05
      392.360   2.7432499e-05
      392.620   2.7588152e-05
      392.890   2.7765696e-05
      393.150   2.7904938e-05
      393.420   2.8086187e-05
      393.680   2.8479442e-05
      393.950   2.8654414e-05
      394.210   2.8791390e-05
      394.480   2.8960309e-05
      394.740   2.9101414e-05
      395.010   2.9274013e-05
      395.270   2.9409149e-05
      395.540   2.9575374e-05
      395.800   2.9714773e-05
      396.070   2.9874843e-05
      396.340   3.0041729e-05
      396.600   3.0172290e-05
      396.870   3.0333068e-05
      397.130   3.0467773e-05
      397.400   3.0622473e-05
      397.660   3.1011294e-05
      397.930   3.1159946e-05
      398.190   3.1292825e-05
      398.460   3.1445658e-05
      398.720   3.1572755e-05
      398.990   3.1719294e-05
      399.250   3.1850835e-05
      399.520   3.2001543e-05
      399.780   3.1877297e-05
      400.050   3.2021957e-05
      400.320   3.2413851e-05
      400.580   3.2540902e-05
      400.850   3.2686975e-05
      401.110   3.2558309e-05
      401.380   3.2698405e-05
      401.640   3.2814353e-05
      401.910   3.2958447e-05
      402.170   3.3078621e-05
      402.440   3.3217094e-05
      402.700   3.3331693e-05
      402.970   3.3464390e-05
      403.230   3.3583453e-05
      403.500   3.3720233e-05
      403.760   3.3833954e-05
      404.030   3.3965015e-05
      404.300   3.4093172e-05
      404.560   3.4208620e-05
      404.830   3.4341111e-05
      405.090   3.4440975e-05
      405.360   3.4577826e-05
      405.620   3.4682389e-05
      405.890   3.4813793e-05
      406.150   3.4912481e-05
      406.420   3.5038465e-05
      406.680   3.5141903e-05
      406.950   3.5512259e-05
      407.210   3.5610346e-05
      407.480   3.5734932e-05
      407.740   3.5837881e-05
      408.010   3.5957066e-05
      408.280   3.6073157e-05
      408.540   3.6178301e-05
      408.810   3.6538975e-05
      409.070   3.6628727e-05
      409.340   3.6744016e-05
      409.600   3.6838541e-05
      409.870   3.6958416e-05
      410.130   3.7297614e-05
      410.400   3.7402133e-05
      410.660   3.7736142e-05
      410.930   3.7855253e-05
      411.190   3.8184154e-05
      411.460   3.8297915e-05
      411.730   3.8649234e-05
      411.990   3.8730111e-05
      412.260   3.8836015e-05
      412.520   3.9161903e-05
      412.790   3.9272532e-05
      413.050   3.9593340e-05
      413.320   3.9698706e-05
      413.580   4.0024471e-05
      413.850   4.0124599e-05
      414.110   4.0205231e-05
      414.380   4.0550258e-05
      414.640   4.0626051e-05
      414.910   4.0965719e-05
      415.170   4.1036527e-05
      415.440   4.1140827e-05
      415.710   4.1472710e-05
      415.970   4.1545933e-05
      416.240   4.1642600e-05
      416.500   4.1951111e-05
      416.770   4.2042558e-05
      417.030   4.2116244e-05
      417.300   4.2452671e-05
      417.560   4.2521476e-05
      417.830   4.2612798e-05
      418.090   4.2676463e-05
      418.360   4.3002964e-05
      418.620   4.3071921e-05
      418.890   4.3153527e-05
      419.150   4.3227519e-05
      419.420   4.3543906e-05
      419.690   4.3627841e-05
      419.950   4.3694773e-05
      420.220   4.3773593e-05
      420.480   4.3835813e-05
      420.750   4.3919715e-05
      421.010   4.3977315e-05
      421.280   4.4056312e-05
      421.540   4.4119092e-05
      421.810   4.4193205e-05
      422.070   4.4251248e-05
      422.340   4.4330555e-05
      422.600   4.4383928e-05
      422.870   4.4468363e-05
      423.130   4.4517130e-05
      423.400   4.4596749e-05
      423.670   4.4664227e-05
      423.930   4.4725722e-05
      424.200   4.4798153e-05
      424.460   4.4845315e-05
      424.730   4.4913100e-05
      424.990   4.4965582e-05
      425.260   4.5038522e-05
      425.520   4.5086565e-05
      425.790   4.5154787e-05
      426.050   4.5198140e-05
      426.320   4.5271832e-05
      426.580   4.5310557e-05
      426.850   4.5379688e-05
      427.110   4.5423932e-05
      427.380   4.5488253e-05
      427.650   4.5550095e-05
      427.910   4.5597764e-05
      428.180   4.5664840e-05
      428.440   4.5698326e-05
      428.710   4.5760800e-05
      428.970   4.5809771e-05
      429.240   4.6097701e-05
      429.500   4.6142270e-05
      429.770   4.6195603e-05
      430.030   4.6235638e-05
      430.300   4.6294712e-05
      430.560   4.6330385e-05
      430.830   4.6614708e-05
      431.090   4.6656202e-05
      431.360   4.6705989e-05
      431.630   4.6763806e-05
      431.890   4.6798631e-05
      432.160   4.7081714e-05
      432.420   4.7112396e-05
      432.690   4.7160994e-05
      432.950   4.7197413e-05
      433.220   4.7471620e-05
      433.480   4.7503666e-05
      433.750   4.7553440e-05
      434.010   4.7581217e-05
      434.280   4.7866799e-05
      434.540   4.7890359e-05
      434.810   4.7941386e-05
      435.070   4.8190817e-05
      435.340   4.8237494e-05
      435.610   4.8282110e-05
      435.870   4.8305182e-05
      436.140   4.8575397e-05
      436.400   4.8604330e-05
      436.670   4.8870359e-05
      436.930   4.8895042e-05
      437.200   4.8936764e-05
      437.460   4.9187369e-05
      437.730   4.9224827e-05
      437.990   4.9251281e-05
      438.260   4.9514559e-05
      438.520   4.9536936e-05
      438.790   4.9795987e-05
      439.050   4.9814304e-05
      439.320   5.0079015e-05
      439.590   5.0111670e-05
      439.850   5.0353956e-05
      440.120   5.0392299e-05
      440.380   5.0630713e-05
      440.650   5.0894932e-05
      440.910   5.1129348e-05
      441.180   5.1159271e-05
      441.440   5.1399717e-05
      441.710   5.1655670e-05
      441.970   5.1892011e-05
      442.240   5.1923858e-05
      442.500   5.2156253e-05
      442.770   5.2414023e-05
      443.040   5.2659872e-05
      443.300   5.2676190e-05
      443.570   5.2918092e-05
      443.830   5.3150534e-05
      444.100   5.3178122e-05
      444.360   5.3406819e-05
      444.630   5.3660418e-05
      444.890   5.3885384e-05
      445.160   5.3904915e-05
      445.420   5.4136042e-05
      445.690   5.4151465e-05
      445.950   5.4378618e-05
      446.220   5.4630255e-05
      446.480   5.4623553e-05
      446.750   5.4871096e-05
      447.020   5.5106755e-05
      447.280   5.5104333e-05
      447.550   5.5346190e-05
      447.810   5.5350002e-05
      448.080   5.5587693e-05
      448.340   5.5577869e-05
      448.610   5.5821675e-05
      448.870   5.6038027e-05
      449.140   5.6048168e-05
      449.400   5.6270668e-05
      449.670   5.6276946e-05
      449.930   5.6275574e-05
      450.200   5.6508060e-05
      450.460   5.6493098e-05
      450.730   5.6511856e-05
      451.000   5.6738182e-05
      451.260   5.6727817e-05
      451.530   5.6740575e-05
      451.790   5.6726553e-05
      452.060   5.6955413e-05
      452.320   5.6947896e-05
      452.590   5.6952959e-05
      452.850   5.7161841e-05
      453.120   5.7163148e-05
      453.380   5.7148278e-05
      453.650   5.7155857e-05
      453.910   5.7367414e-05
      454.180   5.7361388e-05
      454.440   5.7349341e-05
      454.710   5.7569396e-05
      454.980   5.7577933e-05
      455.240   5.7560382e-05
      455.510   5.7775247e-05
      455.770   5.7764051e-05
      456.040   5.7765102e-05
      456.300   5.7960641e-05
      456.570   5.7957922e-05
      456.830   5.7939937e-05
      457.100   5.8153721e-05
      457.360   5.8142136e-05
      457.630   5.8132272e-05
      457.890   5.8337230e-05
      458.160   5.8323759e-05
      458.420   5.8305342e-05
      458.690   5.8518071e-05
      458.960   5.8509195e-05
      459.220   5.8705482e-05
      459.490   5.8703049e-05
      459.750   5.8675881e-05
      460.020   5.8889791e-05
      460.280   5.8859335e-05
      460.550   5.9069706e-05
      460.810   5.9045861e-05
      461.080   5.9252707e-05
      461.340   5.9225475e-05
      461.610   5.9428812e-05
      461.870   5.9408092e-05
      462.140   5.9608069e-05
      462.400   5.9583982e-05
      462.670   5.9780479e-05
      462.940   5.9765060e-05
      463.200   5.9955964e-05
      463.470   5.9937096e-05
      463.730   6.0124677e-05
      464.000   6.0322382e-05
      464.260   6.0296764e-05
      464.530   6.0490923e-05
      464.790   6.0462009e-05
      465.060   6.0662881e-05
      465.320   6.0630685e-05
      465.590   6.0828039e-05
      465.850   6.1002465e-05
      466.120   6.0986542e-05
      466.380   6.1167724e-05
      466.650   6.1148423e-05
      466.920   6.1337550e-05
      467.180   6.1513723e-05
      467.450   6.1709509e-05
      467.710   6.1672448e-05
      467.980   6.1864774e-05
      468.240   6.2034640e-05
      468.510   6.2223759e-05
      468.770   6.2190312e-05
      469.040   6.2376120e-05
      469.300   6.2549505e-05
      469.570   6.2742028e-05
      469.830   6.2912124e-05
      470.100   6.3101367e-05
      470.370   6.3278807e-05
      470.630   6.3454278e-05
      470.900   6.3638470e-05
      471.160   6.3810922e-05
      471.430   6.3991864e-05
      471.690   6.4161193e-05
      471.960   6.4548792e-05
      472.220   6.4715130e-05
      472.490   6.4899506e-05
      472.750   6.5062630e-05
      473.020   6.5243795e-05
      473.280   6.5403950e-05
      473.550   6.5581919e-05
      473.810   6.5748896e-05
      474.080   6.5923799e-05
      474.350   6.6107097e-05
      474.610   6.6269226e-05
      474.880   6.6439465e-05
      475.140   6.6598787e-05
      475.410   6.6775769e-05
      475.670   6.6931946e-05
      475.940   6.7105673e-05
      476.200   6.7269079e-05
      476.470   6.7439680e-05
      476.730   6.7589953e-05
      477.000   6.7557439e-05
      477.260   6.7714848e-05
      477.530   6.7879235e-05
      477.790   6.8033433e-05
      478.060   6.8204859e-05
      478.330   6.8164589e-05
      478.590   6.8314311e-05
      478.860   6.8481100e-05
      479.120   6.8427987e-05
      479.390   6.8591716e-05
      479.650   6.8745565e-05
      479.920   6.8696238e-05
      480.180   6.8847158e-05
      480.450   6.8804811e-05
      480.710   6.8752815e-05
      480.980   6.8707447e-05
      481.240   6.8642654e-05
      481.510   6.8804174e-05
      481.770   6.8746389e-05
      482.040   6.8695128e-05
      482.310   6.8652016e-05
      482.570   6.8800015e-05
      482.840   6.8754037e-05
      483.100   6.8689160e-05
      483.370   6.8640216e-05
      483.630   6.8782502e-05
      483.900   6.8740503e-05
      484.160   6.8680060e-05
      484.430   6.8625107e-05
      484.690   6.8561834e-05
      484.960   6.8713964e-05
      485.220   6.8657886e-05
      485.490   6.8607095e-05
      485.750   6.8747986e-05
      486.020   6.8694514e-05
      486.290   6.8639564e-05
      486.550   6.8576130e-05
      486.820   6.8728296e-05
      487.080   6.8662201e-05
      487.350   6.8611486e-05
      487.610   6.8752521e-05
      487.880   6.8688933e-05
      488.140   6.8627428e-05
      488.410   6.8780784e-05
      488.670   6.8706638e-05
      488.940   6.8857149e-05
      489.200   6.8790163e-05
      489.470   6.8737839e-05
      489.730   6.8868139e-05
      490.000   6.8813100e-05
      490.270   6.8956520e-05
      490.530   6.8892623e-05
      490.800   6.9033461e-05
      491.060   6.8966867e-05
      491.330   6.9104793e-05
      491.590   6.9235515e-05
      491.860   6.9180560e-05
      492.120   6.9308828e-05
      492.390   6.9251205e-05
      492.650   6.9386596e-05
      492.920   6.9326211e-05
      493.180   6.9448935e-05
      493.450   6.9595811e-05
      493.710   6.9515783e-05
      493.980   6.9660023e-05
      494.250   6.9592763e-05
      494.510   6.9728892e-05
      494.780   6.9858897e-05
      495.040   6.9792406e-05
      495.310   6.9929707e-05
      495.570   6.9850595e-05
      495.840   6.9985087e-05
      496.100   6.9913492e-05
      496.370   7.0045291e-05
      496.630   7.0171107e-05
      496.900   7.0110233e-05
      497.160   7.0223458e-05
      497.430   7.0359912e-05
      497.700   7.0295110e-05
      497.960   7.0414369e-05
      498.230   7.0346909e-05
      498.490   7.0473523e-05
      498.760   7.0603520e-05
      499.020   7.0527471e-05
      499.290   7.0654830e-05
      499.550   7.0776364e-05
      499.820   7.0711003e-05
      500.080    0.0010261999
      500.350   7.0952126e-05
      500.610   7.0868721e-05
      500.880   7.0998136e-05
      501.140   7.1122122e-05
      501.410   7.1248940e-05
      501.680   7.1174436e-05
      501.940   7.1294773e-05
      502.210   7.1417689e-05
      502.470   7.1535543e-05
      502.740   7.1455567e-05
      503.000   7.1571150e-05
      503.270   7.1698741e-05
      503.530   7.1811859e-05
      503.800   7.1736895e-05
      504.060   7.1847243e-05
      504.330   7.1969937e-05
      504.590   7.2087968e-05
      504.860   7.2008009e-05
      505.120   7.2123604e-05
      505.390   7.2241239e-05
      505.660   7.2367603e-05
      505.920   7.2279420e-05
      506.190   7.2393262e-05
      506.450   7.2502785e-05
      506.720   7.2624020e-05
      506.980   7.2531137e-05
      507.250   7.2659893e-05
      507.510   7.2764617e-05
      507.780   7.2880994e-05
      508.040   7.2793226e-05
      508.310   7.2907130e-05
      508.570   7.3016986e-05
      508.840   7.3128426e-05
      509.100   7.3036029e-05
      509.370   7.3154716e-05
      509.640   7.3272659e-05
      509.900   7.3376395e-05
      510.170   7.3491897e-05
      510.430   7.3593404e-05
      510.700   7.3506163e-05
      510.960   7.4785511e-05
      511.230   6.9025838e-05
      511.490   7.6752847e-05
      511.760   8.0970813e-05
      512.020   7.9695550e-05
      512.290   5.8921048e-05
      512.550   3.4443413e-05
      512.820   3.5166678e-05
      513.080   5.8866617e-05
      513.350   7.3007313e-05
      513.620   6.6107086e-05
      513.880   5.1813636e-05
      514.150   5.5820822e-05
      514.410   5.8064957e-05
      514.680   6.2649875e-05
      514.940   5.4792036e-05
      515.210   5.0834485e-05
      515.470   4.0074098e-05
      515.740   3.5164249e-05
      516.000   3.8571749e-05
      516.270   2.5134770e-05
      516.530   1.4025008e-05
      516.800   5.8412421e-06
      517.060   3.3043269e-05
      517.330   4.4966366e-05
      517.600   6.3048400e-05
      517.860   3.9008019e-05
      518.130   5.0137631e-05
      518.390   5.2355066e-05
      518.660   8.5052203e-05
      518.920   7.4157615e-05
      519.190   9.5832652e-05
      519.450   0.00030266574
      519.720   0.00054893827
      519.980   0.00061994915
      520.250   0.00042985975
      520.510   0.00019134839
      520.780   9.7876598e-05
      521.040   6.5712869e-05
      521.310   6.1398870e-05
      521.580   6.5343803e-05
      521.840   7.8466963e-05
      522.110   0.00010211933
      522.370   7.7110350e-05
      522.640   5.2910698e-05
      522.900   3.5603646e-05
      523.170   4.9487668e-05
      523.430   6.1614251e-05
      523.700   7.1650215e-05
      523.960   7.5364699e-05
      524.230   6.9928362e-05
      524.490   5.9520817e-05
      524.760   5.0100167e-05
      525.030   6.6012580e-05
      525.290   7.4101560e-05
      525.560   8.3899916e-05
      525.820   5.9246898e-05
      526.090   3.0079898e-05
      526.350   1.1755670e-05
      526.620   1.2450451e-05
      526.880   3.2111497e-05
      527.150   6.4856093e-05
      527.410   9.2436698e-05
      527.680   0.00010009611
      527.940   0.00011001483
      528.210   8.5472243e-05
      528.470   6.0758650e-05
      528.740   3.1540762e-05
      529.010   4.3371802e-05
      529.270   6.0848251e-05
      529.540   7.5293176e-05
      529.800   7.8964550e-05
      530.070   7.9994316e-05
      530.330   7.1013716e-05
      530.600   6.9596110e-05
      530.860   0.00010018868
      531.130   0.00010516417
      531.390   0.00010277942
      531.660   6.8427644e-05
      531.920   6.1926979e-05
      532.190   5.6381347e-05
      532.450   7.2805607e-05
      532.720   0.00010367760
      532.990   0.00014277565
      533.250   0.00012631396
      533.520   9.3190107e-05
      533.780   5.7849320e-05
      534.050   5.8690004e-05
      534.310   6.9626264e-05
      534.580   7.5884062e-05
      534.840   6.8851540e-05
      535.110   5.6042112e-05
      535.370   5.4068356e-05
      535.640   6.8349095e-05
      535.900   7.8313263e-05
      536.170   7.5967958e-05
      536.430   6.6158289e-05
      536.700   6.2702838e-05
      536.970   5.9064278e-05
      537.230   7.4404628e-05
      537.500   6.8345259e-05
      537.760   5.7817621e-05
      538.030   3.1512127e-05
      538.290   2.7143361e-05
      538.560   3.3000873e-05
      538.820   5.6288506e-05
      539.090   5.0624939e-05
      539.350   4.8850330e-05
      539.620   3.6523759e-05
      539.880   4.3277367e-05
      540.150   4.8367950e-05
      540.410   4.5486448e-05
      540.680   6.1852893e-05
      540.950   5.2506369e-05
      541.210   6.8842131e-05
      541.480   4.9344591e-05
      541.740   6.1973409e-05
      542.010   3.8807910e-05
      542.270   3.4831844e-05
      542.540   3.1608188e-05
      542.800   4.1825374e-05
      543.070   6.2353936e-05
      543.330   7.8435058e-05
      543.600   7.8137471e-05
      543.860   8.0772774e-05
      544.130   5.1988532e-05
      544.390   6.1797911e-05
      544.660   5.3429419e-05
      544.930   7.7184090e-05
      545.190   7.5226641e-05
      545.460   7.2363556e-05
      545.720   6.8027053e-05
      545.990   7.5792861e-05
      546.250   8.6836673e-05
      546.520   9.2937617e-05
      546.780   8.1100690e-05
      547.050   5.2650510e-05
      547.310   2.8236624e-05
      547.580   2.9970656e-05
      547.840   4.6295923e-05
      548.110   4.6742062e-05
      548.370   5.7755498e-05
      548.640   6.8219714e-05
      548.910   0.00010089974
      549.170   9.4389437e-05
      549.440   0.00010791395
      549.700   0.00010140579
      549.970   0.00010782210
      550.230   9.7503181e-05
      550.500   9.9009698e-05
      550.760   9.8509106e-05
      551.030   9.4569813e-05
      551.290   8.8085040e-05
      551.560   8.5784862e-05
      551.820   8.3297485e-05
      552.090   7.1401575e-05
      552.360   5.1370407e-05
      552.620   4.4016312e-05
      552.890   5.1328467e-05
      553.150   8.6644619e-05
      553.420   9.4289846e-05
      553.680   0.00011185216
      553.950   0.00011965764
      554.210   0.00015794418
      554.480   0.00016607258
      554.740   0.00015527458
      555.010   0.00013330934
      555.270   0.00012090626
      555.540   0.00010978305
      555.800   0.00011737435
      556.070   0.00014132760
      556.340   0.00016148974
      556.600   0.00016329513
      556.870   0.00018575547
      557.130       0.0000000
      557.400       0.0000000
      557.660       0.0000000
      557.930       0.0000000
      558.190       0.0000000
      558.460   0.00096074187
      558.720   0.00014995055
      558.990   0.00013942063
      559.250   0.00013085452
      559.520   0.00011140079
      559.780   0.00011143098
      560.050   0.00014217952
      560.320   0.00016022507
      560.580   0.00017021763
      560.850   0.00012868629
      561.110   8.2369145e-05
      561.380   8.2419290e-05
      561.640   0.00011807044
      561.910   0.00017683258
      562.170   0.00019728005
      562.440   0.00019070153
      562.700   0.00014537139
      562.970   0.00010488995
      563.230   7.7220964e-05
      563.500   8.9160892e-05
      563.760   0.00010427424
      564.030   0.00011335258
      564.300   0.00012968777
      564.560   0.00015042852
      564.830   0.00014707808
      565.090   0.00011717923
      565.360   8.2363003e-05
      565.620   8.1516474e-05
      565.890   9.3755502e-05
      566.150   0.00011162630
      566.420   0.00013478448
      566.680   0.00015138471
      566.950   0.00014151830
      567.210   0.00012971470
      567.480   0.00012127645
      567.740   0.00013626516
      568.010   0.00011726947
      568.280   0.00010726473
      568.540   8.0552863e-05
      568.810   0.00010063738
      569.070   0.00012631800
      569.340   0.00015426596
      569.600   0.00017551274
      569.870   0.00015515086
      570.130   0.00015357222
      570.400   0.00012289866
      570.660   0.00012974632
      570.930   0.00011137301
      571.190   0.00011541802
      571.460   0.00012174104
      571.720   0.00015183931
      571.990   0.00016705474
      572.260   0.00017299517
      572.520   0.00014992814
      572.790   0.00014679176
      573.050   0.00013894009
      573.320   0.00014156731
      573.580   0.00013424698
      573.850   0.00012467528
      574.110   0.00013652932
      574.380   0.00014228502
      574.640   0.00014768165
      574.910   0.00012437856
      575.170   0.00011552036
      575.440   0.00010598173
      575.700   0.00012475800
      575.970   0.00010949466
      576.240   0.00011246653
      576.500   0.00011195938
      576.770   0.00013174455
      577.030   0.00013504077
      577.300   0.00012777426
      577.560   0.00011981489
      577.830   0.00012017577
      578.090   0.00011499481
      578.360   0.00011552985
      578.620   9.9121449e-05
      578.890   9.6727015e-05
      579.150   0.00010036984
      579.420   0.00010436261
      579.680   0.00011748686
      579.950   0.00012284625
      580.220   0.00014888258
      580.480   0.00015059842
      580.750   0.00013837025
      581.010   0.00011857452
      581.280   0.00012047884
      581.540   0.00013200438
      581.810   0.00016191692
      582.070   0.00018131606
      582.340   0.00018730898
      582.600   0.00016222251
      582.870   0.00016015378
      583.130   0.00015893873
      583.400   0.00015875937
      583.670   0.00015635208
      583.930   0.00018151283
      584.200   0.00032869896
      584.460   0.00031457803
      584.730   0.00029585852
      584.990   0.00015236101
      585.260   0.00016516908
      585.520   0.00014772900
      585.790   0.00016035621
      586.050   0.00022193258
      586.320   0.00036055833
      586.580   0.00043597134
      586.850   0.00042152526
      587.110   0.00032412654
      587.380   0.00028828907
      587.650   0.00026014070
      587.910   0.00025803967
      588.180   0.00028007972
      588.440    0.0010918171
      588.710    0.0019802656
      588.970    0.0026949313
      589.240    0.0023847083
      589.500    0.0017981226
      589.770    0.0011048879
      590.030   0.00062668068
      590.300   0.00035404420
      590.560   0.00032024559
      590.830   0.00033961766
      591.090   0.00039551737
      591.360   0.00043377761
      591.630   0.00042196730
      591.890   0.00037672481
      592.160   0.00033675272
      592.420   0.00032027864
      592.690   0.00034718511
      592.950   0.00041655939
      593.220   0.00048655424
      593.480   0.00041813700
      593.750   0.00030449032
      594.010   0.00022426565
      594.280   0.00025719324
      594.540   0.00028438299
      594.810   0.00034449313
      595.070   0.00039513135
      595.340   0.00039886987
      595.610   0.00033090749
      595.870   0.00023968343
      596.140   0.00020892459
      596.400   0.00020870802
      596.670   0.00025139837
      596.930   0.00029355132
      597.200   0.00033432439
      597.460   0.00036702568
      597.730   0.00035469698
      597.990   0.00030574677
      598.260   0.00023762654
      598.520   0.00022119393
      598.790   0.00024318305
      599.050   0.00023660987
      599.320   0.00022119853
      599.590   0.00021347433
      599.850   0.00022525686
      600.120   0.00025236115
      600.380   0.00023813311
      600.650   0.00022425275
      600.910   0.00018658307
      601.180   0.00016824732
      601.440   0.00014925619
      601.710   0.00013892975
      601.970   0.00012844001
      602.240   0.00012493899
      602.500   0.00014168399
      602.770   0.00016107336
      603.030   0.00016883277
      603.300   0.00015918541
      603.570   0.00014656442
      603.830   0.00014057266
      604.100   0.00013906094
      604.360   0.00013853849
      604.630   0.00012842839
      604.890   0.00010988937
      605.160   9.0050676e-05
      605.420   7.7821194e-05
      605.690   7.9806928e-05
      605.950   9.0365914e-05
      606.220   0.00010817889
      606.480   0.00011607854
      606.750   0.00010205506
      607.010   9.8252052e-05
      607.280   8.6224973e-05
      607.550   0.00010103705
      607.810   8.4734858e-05
      608.080   8.9831428e-05
      608.340   7.9793593e-05
      608.610   8.1272433e-05
      608.870   8.2251088e-05
      609.140   8.2577645e-05
      609.400   9.8486731e-05
      609.670   0.00010290545
      609.930   0.00010600308
      610.200   9.8778330e-05
      610.460   0.00010334948
      610.730   0.00010055205
      611.000   9.7102945e-05
      611.260   7.5982710e-05
      611.530   7.4345010e-05
      611.790   5.5540209e-05
      612.060   5.0481921e-05
      612.320   5.5872629e-05
      612.590   6.3550744e-05
      612.850   6.6972797e-05
      613.120   5.0663462e-05
      613.380   9.4519098e-05
      613.650   0.00013736403
      613.910   0.00017935305
      614.180   0.00015553041
      614.440   0.00014034906
      614.710   0.00010306185
      614.980   9.5075691e-05
      615.240   0.00013227595
      615.510   0.00019918026
      615.770   0.00020528608
      616.040   0.00013964175
      616.300   0.00010017193
      616.570   0.00013502204
      616.830   0.00018718573
      617.100   0.00067635132
      617.360   0.00065956532
      617.630   0.00062415732
      617.890   0.00010650787
      618.160   7.3968090e-05
      618.420   5.2769183e-05
      618.690   4.7918914e-05
      618.960   4.3879821e-05
      619.220   5.5341343e-05
      619.490   5.7436656e-05
      619.750   9.9861870e-05
      620.020   0.00014370757
      620.280   0.00016397309
      620.550   0.00012846803
      620.810   9.3955026e-05
      621.080   9.2000574e-05
      621.340   0.00010661805
      621.610   0.00014616375
      621.870   0.00019097762
      622.140   0.00018994676
      622.400   0.00013589217
      622.670   9.9071643e-05
      622.940   0.00019327438
      623.200   0.00044688822
      623.470   0.00065201229
      623.730   0.00069888777
      624.000   0.00053562019
      624.260   0.00037184394
      624.530   0.00022118675
      624.790   0.00014635483
      625.060   0.00016118206
      625.320   0.00031927668
      625.590   0.00050106419
      625.850   0.00055518310
      626.120   0.00046902897
      626.380   0.00035356652
      626.650   0.00028433064
      626.920   0.00023508791
      627.180   0.00019624692
      627.450   0.00018883962
      627.710   0.00019864011
      627.980   0.00021942206
      628.240   0.00029382587
      628.510   0.00042305422
      628.770   0.00047234435
      629.040   0.00046293098
      629.300       0.0000000
      629.570       0.0000000
      629.830       0.0000000
      630.100       0.0000000
      630.360       0.0000000
      630.630       0.0000000
      630.900   0.00043684251
      631.160   0.00025667230
      631.430   0.00012907532
      631.690   0.00019091367
      631.960   0.00028767397
      632.220   0.00030289248
      632.490   0.00039382810
      632.750   0.00044455604
      633.020   0.00052635005
      633.280   0.00036995637
      633.550   0.00020090347
      633.810   7.6642083e-05
      634.080   6.8562589e-05
      634.340   0.00012969064
      634.610   0.00016524329
      634.880   0.00020958620
      635.140   0.00027010562
      635.410   0.00038030960
      635.670       0.0000000
      635.940       0.0000000
      636.200       0.0000000
      636.470       0.0000000
      636.730       0.0000000
      637.000       0.0000000
      637.260   9.5880537e-05
      637.530   0.00011245668
      637.790   0.00014124456
      638.060   0.00016342893
      638.330   0.00018716047
      638.590   0.00018988484
      638.860   0.00015504242
      639.120   9.3314112e-05
      639.390   5.4785981e-05
      639.650   3.7704066e-05
      639.920   4.9393054e-05
      640.180   4.4979247e-05
      640.450   6.0401539e-05
      640.710   4.9899044e-05
      640.980   5.5633493e-05
      641.240   5.0909273e-05
      641.510   6.7548905e-05
      641.770   9.2117917e-05
      642.040   0.00011043865
      642.310   9.8384607e-05
      642.570   6.7193958e-05
      642.840   4.7078021e-05
      643.100   4.1279473e-05
      643.370   2.8805697e-05
      643.630   7.9466058e-06
      643.900   3.6605159e-14
      644.160   6.4908807e-06
      644.430   2.3533409e-05
      644.690   4.0091581e-05
      644.960   6.6407329e-05
      645.220   0.00011067563
      645.490   0.00012578542
      645.750   0.00013654302
      646.020   0.00022809591
      646.290   0.00036614879
      646.550   0.00048985164
      646.820   0.00047276866
      647.080   0.00035539963
      647.350   0.00024075471
      647.610   0.00013778196
      647.880   0.00011855317
      648.140   9.0388460e-05
      648.410   8.7849691e-05
      648.670   6.0798153e-05
      648.940   4.5482571e-05
      649.200   4.6503128e-05
      649.470   5.5070459e-05
      649.730   6.8243190e-05
      650.000   7.4331628e-05
      650.270   0.00011563015
      650.530   0.00010555002
      650.800   8.7950418e-05
      651.060   4.3635362e-05
      651.330   5.3402874e-05
      651.590   4.6584023e-05
      651.860   3.9466386e-05
      652.120   4.5077564e-05
      652.390   5.7738023e-05
      652.650   6.1498246e-05
      652.920   6.1581760e-05
      653.180   5.9517005e-05
      653.450   6.9853449e-05
      653.710   7.6352757e-05
      653.980   9.0036121e-05
      654.250   9.3313602e-05
      654.510   7.6111975e-05
      654.780   8.2599322e-05
      655.040   0.00016907157
      655.310   0.00018344888
      655.570   0.00018347332
      655.840   9.6434577e-05
      656.100   8.3231878e-05
      656.370   5.6938953e-05
      656.630   0.00015889533
      656.900   0.00017414950
      657.160   0.00018497770
      657.430   0.00012765263
      657.690   0.00011248898
      657.960   0.00011223277
      658.230   6.1538493e-05
      658.490   7.1018734e-05
      658.760   6.2883281e-05
      659.020   5.8849421e-05
      659.290   5.8156789e-05
      659.550   5.8825933e-05
      659.820   5.9648224e-05
      660.080   6.1830209e-05
      660.350   6.2648208e-05
      660.610   6.6037063e-05
      660.880   5.6864089e-05
      661.140   7.6888849e-05
      661.410   7.4975426e-05
      661.670   7.7896066e-05
      661.940   5.9364544e-05
      662.210   6.2440997e-05
      662.470   9.1325343e-05
      662.740   0.00012139344
      663.000   0.00011991266
      663.270   9.5968491e-05
      663.530   8.0933670e-05
      663.800   8.1277157e-05
      664.060   7.6046063e-05
      664.330   6.2993354e-05
      664.590   6.6048014e-05
      664.860   6.7146051e-05
      665.120   7.1998508e-05
      665.390   7.7299193e-05
      665.660   8.1693669e-05
      665.920   7.8723718e-05
      666.190   7.2305063e-05
      666.450   7.8941838e-05
      666.720   7.9275610e-05
      666.980   7.9906172e-05
      667.250   7.0345669e-05
      667.510   7.0977011e-05
      667.780   7.4454159e-05
      668.040   7.5082050e-05
      668.310   7.5709752e-05
      668.570   7.3493412e-05
      668.840   7.4119845e-05
      669.100   7.4743096e-05
      669.370   7.5664975e-05
      669.640   9.0771575e-05
      669.900   9.5266411e-05
      670.170   9.5578622e-05
      670.430   0.00010349702
      670.700   0.00013004471
      670.960   0.00017236978
      671.230   0.00016579395
      671.490   0.00015892465
      671.760   0.00014074642
      672.020   0.00013106260
      672.290   0.00012614579
      672.550   0.00010978359
      672.820   0.00010591732
      673.080   8.9721646e-05
      673.350   0.00013041872
      673.620   0.00013099854
      673.880   0.00013157813
      674.150   8.8100462e-05
      674.410   9.0770527e-05
      674.680   9.2844183e-05
      674.940   9.3432798e-05
      675.210   9.2391823e-05
      675.470   9.5790881e-05
      675.740   9.4599306e-05
      676.000   9.9916816e-05
      676.270   9.9017525e-05
      676.530   9.9153501e-05
      676.800   0.00011258561
      677.060   0.00013678898
      677.330   0.00013749533
      677.600   0.00012270526
      677.860   9.6862688e-05
      678.130   9.7139070e-05
      678.390   9.5055868e-05
      678.660   9.5773309e-05
      678.920   0.00012668346
      679.190   0.00012753225
      679.450   0.00013382584
      679.720   0.00013231473
      679.980   0.00013256958
      680.250   0.00012708876
      680.510   9.9275843e-05
      680.780   9.9832262e-05
      681.040   0.00010038861
      681.310   0.00010094110
      681.580   0.00010149313
      681.840   0.00010204433
      682.110   0.00010259160
      682.370   0.00010314001
      682.640   0.00013181029
      682.900   0.00013981289
      683.170   0.00063831527
      683.430   0.00061085107
      683.700   0.00060402459
      683.960   0.00012788053
      684.230   0.00012840592
      684.490   0.00012893300
      684.760   0.00010798856
      685.020   0.00010837382
      685.290   0.00010890119
      685.560   0.00010942714
      685.820   0.00010995299
      686.090   0.00084230291
      686.350   0.00084328282
      686.620   0.00084423956
      686.880   0.00012746849
      687.150   0.00012797825
      687.410   0.00012834322
      687.680   0.00011328887
      687.940   0.00013996676
      688.210   0.00014046527
      688.470   0.00014256208
      688.740   0.00011677652
      689.000   0.00012178036
      689.270   0.00012068351
      689.540   0.00012538597
      689.800   0.00049671116
      690.070   0.00049763757
      690.330   0.00050205458
      690.600   0.00012605460
      690.860   0.00012654452
      691.130   0.00011936130
      691.390   0.00011985117
      691.660   0.00013797464
      691.920   0.00013845420
      692.190   0.00013892739
      692.450   0.00012149674
      692.720   0.00012197361
      692.990   0.00012230367
      693.250   0.00013489816
      693.520   0.00014848588
      693.780   0.00016812010
      694.050   0.00015862843
      694.310   0.00014799538
      694.580   0.00012901320
      694.840   0.00014732379
      695.110   0.00015496816
      695.370   0.00018317445
      695.640   0.00020517136
      695.900   0.00021953922
      696.170   0.00019912660
      696.430   0.00016207803
      696.700   0.00022968594
      696.970   0.00023755391
      697.230   0.00024929220
      697.500   0.00016495661
      697.760   0.00015220341
      698.030   0.00013687331
      698.290   0.00013101157
      698.560   0.00014132270
      698.820   0.00014504648
      699.090   0.00014532795
      699.350   0.00014589925
      699.620   0.00014889299
      699.880   0.00016717564
      700.150   0.00016101371
      700.410   0.00015528968
      700.680   0.00013757306
      700.950   0.00013285143
      701.210   0.00013312896
      701.480   0.00013339743
      701.740   0.00013367029
      702.010   0.00013379312
      702.270   0.00013406221
      702.540   0.00013489306
      702.800   0.00013985344
      703.070   0.00014224236
      703.330   0.00014178906
      703.600   0.00014346104
      703.860   0.00020182393
      704.130   0.00022334993
      704.390   0.00021789197
      704.660   0.00015992105
      704.930   0.00015575711
      705.190   0.00015557124
      705.460   0.00015381725
      705.720   0.00015490447
      705.990   0.00017297848
      706.250   0.00017320479
      706.520   0.00015997455
      706.780   0.00017689592
      707.050   0.00020553460
      707.310   0.00020135702
      707.580   0.00018077954
      707.840   0.00016488489
      708.110   0.00016523216
      708.370   0.00015175140
      708.640   0.00013982256
      708.910   0.00014045540
      709.170   0.00014067053
      709.440   0.00014989713
      709.700   0.00015179509
      709.970   0.00015199141
      710.230   0.00014262021
      710.500   0.00018123912
      710.760   0.00019619970
      711.030   0.00019665124
      711.290   0.00015619861
      711.560   0.00014162373
      711.820   0.00014167679
      712.090   0.00014185845
      712.350   0.00014190719
      712.620   0.00014222548
      712.890   0.00015025635
      713.150   0.00015057549
      713.420   0.00015074284
      713.680   0.00015722265
      713.950   0.00015738348
      714.210   0.00015769082
      714.480   0.00014342996
      714.740   0.00014359786
      715.010   0.00014375435
      715.270   0.00014825186
      715.540   0.00016083960
      715.800   0.00016113148
      716.070   0.00015694255
      716.330   0.00015094891
      716.600   0.00015122727
      716.870   0.00015136418
      717.130   0.00014523348
      717.400   0.00014536656
      717.660   0.00015052524
      717.930   0.00015065156
      718.190   0.00015078654
      718.460   0.00014603684
      718.720   0.00014630713
      718.990   0.00014642548
      719.250   0.00014655208
      719.520   0.00014680452
      719.780   0.00014692618
      720.050   0.00014717263
      720.320   0.00014741644
      720.580   0.00014766993
      720.850   0.00014790770
      721.110   0.00014801721
      721.380   0.00014824986
      721.640   0.00014849245
      721.910   0.00014872005
      722.170   0.00015200263
      722.440   0.00015222298
      722.700   0.00015549758
      722.970   0.00015266870
      723.230   0.00015289330
      723.500   0.00015006217
      723.760   0.00030862264
      724.030   0.00030918320
      724.300   0.00044296903
      724.560   0.00030133781
      724.830   0.00030561728
      725.090   0.00017199180
      725.360   0.00016100791
      725.620   0.00015720818
      725.890   0.00015739092
      726.150   0.00015193789
      726.420   0.00015211708
      726.680   0.00016359077
      726.950   0.00016375940
      727.210   0.00029306289
      727.480   0.00028218096
      727.740   0.00028258692
      728.010   0.00015316841
      728.280   0.00016197695
      728.540   0.00016228086
      728.810   0.00016558473
      729.070   0.00015957201
      729.340   0.00040665118
      729.600   0.00040397501
      729.870   0.00040197151
      730.130   0.00019220674
      730.400   0.00019328435
      730.660   0.00019341594
      730.930   0.00019243472
      731.190   0.00019187677
      731.460   0.00022998961
      731.720   0.00023884392
      731.990   0.00023906387
      732.260   0.00020117880
      732.520   0.00015555446
      732.790   0.00016070840
      733.050   0.00016068819
      733.320   0.00016092105
      733.580   0.00015598798
      733.850    0.0025297219
      734.110    0.0025511970
      734.380    0.0025542126
      734.640   0.00018209671
      734.910   0.00016502122
      735.170   0.00016511146
      735.440   0.00017796171
      735.700   0.00017681687
      735.970   0.00018448391
      736.240   0.00016443369
      736.500   0.00017279078
      736.770   0.00016510422
      737.030   0.00019203605
      737.300   0.00018746018
      737.560   0.00021232488
      737.830   0.00019133859
      738.090   0.00021848109
      738.360   0.00019384427
      738.620   0.00018900856
      738.890   0.00015897915
      739.150   0.00015875221
      739.420   0.00015796134
      739.680   0.00016367692
      739.950   0.00017409437
      740.220   0.00017450451
      740.480   0.00016912351
      740.750   0.00017168794
      741.010   0.00022136538
      741.280   0.00022363104
      741.540   0.00025261510
      741.810   0.00020228804
      742.070   0.00021103745
      742.340   0.00016883656
      742.600   0.00020047746
      742.870   0.00018818663
      743.130   0.00019893390
      743.400   0.00016714019
      743.660   0.00018904075
      743.930   0.00018468807
      744.200   0.00018799381
      744.460   0.00016606220
      744.730   0.00016587393
      744.990   0.00018060349
      745.260   0.00018053710
      745.520   0.00017606275
      745.790   0.00017625840
      746.050   0.00017888518
      746.320   0.00019434644
      746.580   0.00019119831
      746.850   0.00044296347
      747.110   0.00048269040
      747.380   0.00046803116
      747.640   0.00034694092
      747.910   0.00030853547
      748.180   0.00033671616
      748.440   0.00020603430
      748.710   0.00019602557
      748.970   0.00016681661
      749.240   0.00016803142
      749.500   0.00017820518
      749.770   0.00020274760
      750.030   0.00021996107
      750.300   0.00020207991
      750.560   0.00020035410
      750.830   0.00029356225
      751.090   0.00029672420
      751.360   0.00034457182
      751.630   0.00023698538
      751.890   0.00023722604
      752.160   0.00067244693
      752.420   0.00067187122
      752.690   0.00068134636
      752.950   0.00021086600
      753.220   0.00023270835
      753.480   0.00022987248
      753.750   0.00026601291
      754.010   0.00025997639
      754.280   0.00025165882
      754.540   0.00017882773
      754.810   0.00018934919
      755.070   0.00023948539
      755.340   0.00025036581
      755.610   0.00021875221
      755.870   0.00017329264
      756.140   0.00018655283
      756.400   0.00020300046
      756.670   0.00019706857
      756.930    0.0010321902
      757.200    0.0011281770
      757.460    0.0011261779
      757.730   0.00027013356
      757.990   0.00016432730
      758.260   0.00017461656
      758.520   0.00016923429
      758.790   0.00016039629
      759.050   0.00015606900
      759.320   0.00015592445
      759.590   0.00041367559
      759.850   0.00040754012
      760.120   0.00040729075
      760.380   0.00014944300
      760.650   0.00014940907
      760.910   0.00014927011
      761.180   0.00015999960
      761.440   0.00015997922
      761.710   0.00017489015
      761.970   0.00018902952
      762.240   0.00018882168
      762.500   0.00017605254
      762.770   0.00015106195
      763.030   0.00016071638
      763.300   0.00015840413
      763.570   0.00016027919
      763.830   0.00015052975
      764.100   0.00015043411
      764.360   0.00018595113
      764.630   0.00018596440
      764.890   0.00018587472
      765.160   0.00014810815
      765.420   0.00014802283
      765.690   0.00014802915
      765.950   0.00041047907
      766.220   0.00041051834
      766.480   0.00041045655
      766.750   0.00014768152
      767.010   0.00015278190
      767.280   0.00015275677
      767.550   0.00015259601
      767.810   0.00015090294
      768.080   0.00015073281
      768.340   0.00015202482
      768.610   0.00014833147
      768.870   0.00017978740
      769.140   0.00017841661
      769.400   0.00017837850
      769.670   0.00019310945
      769.930   0.00019993924
      770.200   0.00019971148
      770.460   0.00019237712
      770.730   0.00021121401
      770.990    0.0025207655
      771.260    0.0029584655
      771.530    0.0034246307
      771.790    0.0011625985
      772.060   0.00070853410
      772.320   0.00068988223
      772.590   0.00064309816
      772.850   0.00062833705
      773.120   0.00018683614
      773.380   0.00018671845
      773.650   0.00017711981
      773.910   0.00014986084
      774.180   0.00014970025
      774.440   0.00015409258
      774.710   0.00017212012
      774.970   0.00019713908
      775.240   0.00019242563
      775.510   0.00016888307
      775.770   0.00017955133
      776.040   0.00017934287
      776.300   0.00018071546
      776.570   0.00014443875
      776.830   0.00014439454
      777.100   0.00022537489
      777.360   0.00022529388
      777.630   0.00022503489
      777.890   0.00014228304
      778.160   0.00014795397
      778.420   0.00018615921
      778.690   0.00020001762
      778.960   0.00024672584
      779.220   0.00021259028
      779.490   0.00019818504
      779.750   0.00014548226
      780.020   0.00016225059
      780.280   0.00016200183
      780.550   0.00063355393
      780.810   0.00061148593
      781.080   0.00061088931
      781.340   0.00016649222
      781.610   0.00022886028
      781.870    0.0051619861
      782.140    0.0051305179
      782.400    0.0050633897
      782.670   0.00014740425
      782.940   0.00014718539
      783.200   0.00014687924
      783.470   0.00013899078
      783.730   0.00013880330
      784.000   0.00013869079
      784.260   0.00013734493
      784.530   0.00013722158
      784.790   0.00014427543
      785.060    0.0037648753
      785.320    0.0037612894
      785.590    0.0037504812
      785.850   0.00013602002
      786.120   0.00013573289
      786.380   0.00013548885
      786.650   0.00013518970
      786.920   0.00013501215
      787.180   0.00013475005
      787.450   0.00013443310
      787.710   0.00013428624
      787.980   0.00013395745
      788.240   0.00013379891
      788.510   0.00014449060
      788.770   0.00025664318
      789.040   0.00025637396
      789.300   0.00024512866
      789.570   0.00013263792
      789.830   0.00013244275
      790.100   0.00013219090
      790.360   0.00013198479
      790.630   0.00013172026
      790.900   0.00013372497
      791.160   0.00013349955
      791.430   0.00013321578
      791.690   0.00017162900
      791.960   0.00017144573
      792.220   0.00017118322
      792.490   0.00012997639
      792.750   0.00016137648
      793.020   0.00016104406
      793.280   0.00016075991
      793.550   0.00012891117
      793.810   0.00012862483
      794.080   0.00012915910
      794.340   0.00017556651
      794.610   0.00020753335
      794.880   0.00020638501
      795.140   0.00016592230
      795.410   0.00013347141
      795.670   0.00013326534
      795.940   0.00012646233
      796.200    0.0034633430
      796.470    0.0034628103
      796.730    0.0034624975
      797.000   0.00012544270
      797.260   0.00013109628
      797.530   0.00013078764
      797.790   0.00013053099
      798.060   0.00012444530
      798.320   0.00012430183
      798.590   0.00012396905
      798.860   0.00013489553
      799.120   0.00016676452
      799.390   0.00016652155
      799.650   0.00015495189
      799.920   0.00012432206
      800.180   0.00013000679
      800.450   0.00012974854
      800.710   0.00012792142
      800.980   0.00012178225
      801.240   0.00020731038
      801.510   0.00020712373
      801.770   0.00034706106
      802.040   0.00027200139
      802.300    0.0021753658
      802.570    0.0021631436
      802.840    0.0021551650
      803.100   0.00025149186
      803.370   0.00012701787
      803.630   0.00013644748
      803.900   0.00013025010
      804.160   0.00012859114
      804.430   0.00011853229
      804.690   0.00016669695
      804.960   0.00044098162
      805.220   0.00045720057
      805.490   0.00043372983
      805.750   0.00020097629
      806.020   0.00018479300
      806.290   0.00017431252
      806.550   0.00016749772
      806.820   0.00020671942
      807.080   0.00019158554
      807.350   0.00018555089
      807.610   0.00018477479
      807.880   0.00023480719
      808.140   0.00031864892
      808.410   0.00028137890
      808.670   0.00023083840
      808.940   0.00011597229
      809.200   0.00011765554
      809.470   0.00013569207
      809.730   0.00013574804
      810.000   0.00054153342
      810.270   0.00052272818
      810.530   0.00056841449
      810.800   0.00016442696
      811.060   0.00018330093
      811.330   0.00014489605
      811.590   0.00015500157
      811.860   0.00016317823
      812.120   0.00015786742
      812.390   0.00019937076
      812.650   0.00018062744
      812.920   0.00020916817
      813.180   0.00015758244
      813.450   0.00015843994
      813.710   0.00016022163
      813.980   0.00017126643
      814.250   0.00017184431
      814.510   0.00021215710
      814.780   0.00044713194
      815.040   0.00044240252
      815.310   0.00040091430
      815.570   0.00018395203
      815.840   0.00017639070
      816.100   0.00014636612
      816.370   0.00023815170
      816.630   0.00029627422
      816.900   0.00033492661
      817.160   0.00021038682
      817.430   0.00015397628
      817.690   0.00013216334
      817.960   0.00013497949
      818.230   0.00013569945
      818.490   0.00025878744
      818.760   0.00029035371
      819.020   0.00032636908
      819.290   0.00030161251
      819.550   0.00025985507
      819.820   0.00021926485
      820.080   9.8777835e-05
      820.350   9.8231781e-05
      820.610   0.00012102885
      820.880   0.00014580216
      821.140   0.00015722653
      821.410   0.00013654699
      821.670   0.00011910853
      821.940   0.00013955536
      822.210   0.00014283534
      822.470   0.00014824800
      822.740   0.00014701469
      823.000   0.00014098410
      823.270   0.00015187744
      823.530   0.00012070403
      823.800   0.00011810450
      824.060   8.9858261e-05
      824.330   0.00014573493
      824.590   0.00014816577
      824.860   0.00017765959
      825.120   0.00011849759
      825.390   0.00014650769
      825.650   0.00017216281
      825.920   0.00023631981
      826.190   0.00029934964
      826.450   0.00026065537
      826.720   0.00019527227
      826.980   0.00014936506
      827.250   0.00013022814
      827.510   0.00038235804
      827.780   0.00033148770
      828.040   0.00033121516
      828.310   8.9271414e-05
      828.570    0.0036141655
      828.840    0.0036911282
      829.100    0.0037014701
      829.370   0.00093124962
      829.630    0.0027028480
      829.900    0.0027243139
      830.170    0.0019594135
      830.430   0.00015491241
      830.700   0.00011697828
      830.960   0.00011644413
      831.230   9.7047092e-05
      831.490   0.00016614003
      831.760   0.00016559899
      832.020   0.00013833922
      832.290   6.7865287e-05
      832.550   6.7062378e-05
      832.820   6.6404667e-05
      833.080   6.5828905e-05
      833.350   6.5158218e-05
      833.620   0.00010202027
      833.880   0.00017048506
      834.150    0.0012087736
      834.410    0.0011889860
      834.680    0.0012302013
      834.940   0.00018950034
      835.210   0.00018813220
      835.470   7.7088787e-05
      835.740   8.7347306e-05
      836.000   6.9940656e-05
      836.270   0.00014570576
      836.530   0.00013448625
      836.800   0.00013404852
      837.060   8.5196087e-05
      837.330   8.4634561e-05
      837.600   8.5136677e-05
      837.860   5.6374925e-05
      838.130   0.00016186332
      838.390   0.00016432869
      838.660   0.00016394428
      838.920   5.6966913e-05
      839.190   5.5168648e-05
      839.450   8.2408500e-05
      839.720   0.00013834752
      839.980   0.00013516452
      840.250   0.00010677981
      840.510   0.00023042409
      840.780   0.00030214612
      841.040   0.00030412814
      841.310   0.00020471695
      841.580   0.00014600907
      841.840   0.00017913146
      842.110   0.00017318083
      842.370   0.00023439051
      842.640   0.00032559624
      842.900   0.00026261326
      843.170   0.00028874636
      843.430   0.00018976071
      843.700   0.00018459016
      843.960   8.5791938e-05
      844.230   5.6598878e-05
      844.490   4.8718045e-05
      844.760   4.4401321e-05
      845.020   7.6857935e-05
      845.290   7.5238806e-05
      845.560   7.4912454e-05
      845.820   4.1580032e-05
      846.090   4.1130672e-05
      846.350   4.0776431e-05
      846.620   8.2244161e-05
      846.880   8.3036856e-05
      847.150   8.2541574e-05
      847.410   4.0142436e-05
      847.680   3.8574291e-05
      847.940   3.8182111e-05
      848.210   3.7781083e-05
      848.470   3.7367151e-05
      848.740   3.6963302e-05
      849.000   4.6546433e-05
      849.270   4.6119824e-05
      849.540   0.00011618719
      849.800   0.00010606174
      850.070   0.00012653590
      850.330   8.7468169e-05
      850.600   9.0280178e-05
      850.860   6.9210272e-05
      851.130   9.3509036e-05
      851.390   9.2406967e-05
      851.660   9.5533580e-05
      851.920   7.8339444e-05
      852.190   0.00012264296
      852.450   0.00011880675
      852.720   7.8498255e-05
      852.980   3.0819973e-05
      853.250   3.0388505e-05
      853.520   3.0080561e-05
      853.780   2.9754146e-05
      854.050   2.9304458e-05
      854.310   2.8966104e-05
      854.580   0.00053343341
      854.840   0.00053339318
      855.110   0.00053321879
      855.370   2.7186727e-05
      855.640   2.6809357e-05
      855.900   2.6425502e-05
      856.170   2.6036631e-05
      856.430   2.5750993e-05
      856.700   2.5349339e-05
      856.960   2.5051887e-05
      857.230   2.4628765e-05
      857.500   2.4208837e-05
      857.760   2.3883934e-05
      858.030   2.3561982e-05
      858.290   2.3226135e-05
      858.560   0.00023848213
      858.820   0.00023841414
      859.090   0.00023822835
      859.350   6.8249517e-05
      859.620   6.7871775e-05
      859.880   6.7590989e-05
      860.150   2.0811451e-05
      860.410   2.0529808e-05
      860.680   2.0138533e-05
      860.950   1.9731288e-05
      861.210   1.9552204e-05
      861.480   1.9123938e-05
      861.740   3.0773527e-05
      862.010       0.0000000
      862.270       0.0000000
      862.540       0.0000000
      862.800       0.0000000
      863.070       0.0000000
      863.330       0.0000000
      863.600       0.0000000
      863.860       0.0000000
      864.130       0.0000000
      864.390       0.0000000
      864.660       0.0000000
      864.930       0.0000000
      865.190       0.0000000
      865.460       0.0000000
      865.720       0.0000000
      865.990       0.0000000
      866.250       0.0000000
      866.520       0.0000000
      866.780       0.0000000
      867.050       0.0000000
      867.310       0.0000000
      867.580       0.0000000
      867.840       0.0000000
      868.110       0.0000000
      868.370       0.0000000
      868.640   1.0661468e-05
      868.910   0.00012328741
      869.170   0.00012321750
      869.440   0.00012312218
      869.700   1.6562022e-05
      869.970   1.6256912e-05
      870.230   1.5846791e-05
      870.500   1.1040773e-05
      870.760   1.0960636e-05
      871.030   1.0634189e-05
      871.290   7.8950249e-06
      871.560   7.5583798e-06
      871.820   7.3387388e-06
      872.090   7.0919831e-06
      872.350   6.9733020e-06
      872.620   6.7165263e-06
      872.890   6.4546805e-06
      873.150   6.3108825e-06
      873.420   6.0398454e-06
      873.680   5.8864143e-06
      873.950   5.7149099e-06
      874.210   8.2992268e-05
      874.480   8.2891788e-05
      874.740   0.00013596980
      875.010   6.2359005e-05
      875.270   6.2377826e-05
      875.540   0.00012438813
      875.800   0.00071344790
      876.070   0.00074541830
      876.330    0.0025613087
      876.600    0.0020751106
      876.870    0.0020426370
      877.130   0.00011164429
      877.400   5.9213382e-06
      877.660   6.0206107e-06
      877.930   5.6386610e-06
      878.190   7.8785218e-06
      878.460   4.2427754e-05
      878.720   4.2379771e-05
      878.990   3.7180121e-05
      879.250   2.0828872e-06
      879.520   1.8845549e-06
      879.780   1.8190911e-06
      880.050   1.5027239e-06
      880.310   1.6489894e-06
      880.580   1.5434164e-06
      880.850   1.3242562e-06
      881.110   1.3382893e-06
      881.380   1.2200752e-06
      881.640   1.2260796e-06
      881.910   1.0903433e-06
      882.170   3.6678500e-05
      882.440     0.014660743
      882.700     0.014688354
      882.970     0.014686842
      883.230   2.0545286e-05
      883.500   4.6974769e-05
      883.760   3.3450000e-05
      884.030   3.3481753e-05
      884.290   7.5021434e-07
      884.560   6.6441908e-07
      884.830   5.0534639e-05
      885.090   5.0901451e-05
      885.360   5.0675029e-05
      885.620   5.6454403e-07
      885.890   1.9419362e-14
      886.150   1.4259887e-07
      886.420   0.00012445161
      886.680   0.00012465739
      886.950   0.00012471845
      887.210   2.4735077e-07
      887.480   2.2219788e-07
      887.740   3.2459670e-07
      888.010   1.7182695e-07
      888.270    0.0028967976
      888.540    0.0029012687
      888.810    0.0029058460
      889.070   5.8220665e-07
      889.340   5.1281052e-07
      889.600   7.0353537e-07
      889.870   7.3775486e-07
      890.130   4.1614739e-06
      890.400   4.1895880e-06
      890.660   4.4681344e-06
      890.930   1.2199667e-06
      891.190   1.3718984e-06
      891.460   1.4978516e-06
      891.720   0.00058186477
      891.990   0.00058291479
      892.260   0.00058396187
      892.520   2.0898189e-06
      892.790   2.1820534e-06
      893.050   2.1945448e-06
      893.320   2.1604826e-06
      893.580   2.2676859e-06
      893.850   2.3490291e-06
      894.110    0.0012864012
      894.380    0.0012887665
      894.640    0.0012912836
      894.910   2.8924650e-05
      895.170   2.9326947e-05
      895.440   2.9592135e-05
      895.700   1.9049879e-05
      895.970   1.9311022e-05
      896.240   1.9559115e-05
      896.500   4.6699081e-06
      896.770   4.9234246e-06
      897.030   5.3098906e-06
      897.300   5.5699695e-05
      897.560   6.3751937e-05
      897.830   0.00021042659
      898.090   0.00016875483
      898.360   0.00016225619
      898.620   3.3040498e-05
      898.890   2.5127142e-05
      899.150   2.5027640e-05
      899.420   8.1111420e-06
      899.680   8.5680148e-06
      899.950   6.2427108e-05
      900.220   8.9825113e-05
      900.480   9.0576752e-05
      900.750   3.6670609e-05
      901.010   7.5289055e-05
      901.280   8.1989500e-05
      901.540   8.2735667e-05
      901.810   2.1672963e-05
      902.070   1.6325369e-05
      902.340   1.6819673e-05
      902.600   0.00010820001
      902.870   0.00010910157
      903.130   0.00013250846
      903.400   5.7907360e-05
      903.660   0.00016165253
      903.930   0.00013995887
      904.200   0.00026237393
      904.460   0.00016982496
      904.730    0.0012264685
      904.990    0.0011185575
      905.260    0.0011582282
      905.520   9.5575097e-05
      905.790   6.6414663e-05
      906.050   2.2189666e-05
      906.320   2.2846736e-05
      906.580   2.3660262e-05
      906.850   2.4316455e-05
      907.110   2.5118381e-05
      907.380   2.5762338e-05
      907.640   2.6673122e-05
      907.910   2.7426590e-05
      908.180   0.00013795857
      908.440   0.00013893761
      908.710   0.00019862860
      908.970   0.00067803761
      909.240   0.00070805791
      909.500   0.00065201519
      909.770   8.2424757e-05
      910.030   0.00037724152
      910.300   0.00037951128
      910.560   0.00035865759
      910.830   3.5946301e-05
      911.090   6.3932434e-05
      911.360   7.9021764e-05
      911.620   8.0197876e-05
      911.890   5.3926280e-05
      912.160   0.00010560560
      912.420   0.00029660183
      912.690   0.00029844079
      912.950   0.00023469739
      913.220   9.5187497e-05
      913.480   9.6454610e-05
      913.750   0.00011683448
      914.010   0.00014436231
      914.280   0.00015104303
      914.540   0.00018476230
      914.810   0.00011173416
      915.070   0.00019069383
      915.340   0.00013998645
      915.600   0.00021877817
      915.870    0.0038512622
      916.140    0.0040512275
      916.400    0.0039916705
      916.670   0.00024163766
      916.930   0.00010412224
      917.200   0.00010402048
      917.460   0.00012880701
      917.730   0.00018556805
      917.990   0.00022469660
      918.260   0.00033879895
      918.520   0.00049978950
      918.790   0.00056160511
      919.050   0.00043649803
      919.320   0.00022580529
      919.590   0.00030820394
      919.850   0.00038732145
      920.000    0.0014946119
      920.500    0.0015151946
      921.000    0.0014995923
      921.500    0.0014721861
      922.000    0.0014624856
      922.500    0.0014751313
      923.000    0.0014664137
      923.500    0.0014405932
      924.000    0.0014156698
      924.500    0.0013979137
      925.000    0.0013863458
      925.500    0.0013903458
      926.000    0.0013850546
      926.500    0.0013766417
      927.000    0.0013764383
      927.500    0.0013318141
      928.000    0.0012547098
      928.500    0.0012209756
      929.000    0.0012080617
      929.500    0.0011525584
      930.000    0.0011316362
      930.500    0.0021642654
      931.000    0.0042439058
      931.500    0.0048119289
      932.000    0.0032364336
      932.500    0.0035312613
      933.000    0.0022707919
      933.500    0.0010902057
      934.000    0.0011041431
      934.500   0.00054087426
      935.000   0.00042279982
      935.500   0.00042277994
      936.000   0.00030545478
      936.500   0.00045510498
      937.000    0.0010585005
      937.500    0.0037181118
      938.000    0.0055564594
      938.500    0.0037090035
      939.000    0.0027435046
      939.500    0.0019796727
      940.000    0.0013898681
      940.500    0.0016788413
      941.000    0.0011622128
      941.500    0.0010790726
      942.000    0.0018100413
      942.500    0.0017600889
      943.000   0.00071031566
      943.500    0.0016205326
      944.000    0.0032481391
      944.500    0.0025259063
      945.000    0.0014438243
      945.500    0.0012439130
      946.000    0.0017217131
      946.500    0.0012295550
      947.000   0.00080582873
      947.500    0.0029477447
      948.000    0.0049638933
      948.500    0.0023177350
      949.000   0.00062790989
      949.500   0.00045130826
      950.000   0.00081038042
      950.500    0.0015370170
      951.000    0.0013383979
      951.500    0.0017999136
      952.000    0.0030145348
      952.500    0.0024255909
      953.000    0.0010113732
      953.500   0.00056163148
      954.000   0.00051657609
      954.500   0.00040390753
      955.000   0.00084750582
      955.500    0.0012738217
      956.000   0.00085304480
      956.500    0.0013667761
      957.000    0.0021731857
      957.500    0.0015053636
      958.000   0.00054108065
      958.500   0.00043374675
      959.000   0.00035773215
      959.500   0.00032882756
      960.000   0.00045205288
      960.500   0.00070937852
      961.000   0.00094075489
      961.500   0.00086792237
      962.000    0.0010317709
      962.500    0.0012153309
      963.000   0.00085396293
      963.500   0.00053607698
      964.000   0.00043742344
      964.500   0.00041749265
      965.000   0.00048579478
      965.500   0.00062945024
      966.000   0.00067951921
      966.500   0.00083085210
      967.000    0.0011791589
      967.500    0.0011863704
      968.000    0.0016621864
      968.500    0.0022457572
      969.000    0.0017482634
      969.500    0.0020188254
      970.000    0.0030828430
      970.500    0.0024192662
      971.000    0.0016342664
      971.500    0.0025494325
      972.000    0.0037056659
      972.500    0.0031493860
      973.000    0.0013664738
      973.500    0.0010813592
      974.000    0.0016987424
      974.500    0.0011698037
      975.000   0.00055066358
      975.500   0.00043789186
      976.000   0.00038879912
      976.500   0.00040603539
      977.000   0.00045002116
      977.500   0.00046206655
      978.000   0.00043037169
      978.500    0.0014337071
      979.000    0.0067301228
      979.500     0.010888369
      980.000    0.0074075752
      980.500    0.0029860635
      981.000    0.0018208930
      981.500    0.0015450737
      982.000   0.00095612599
      982.500   0.00056976034
      983.000   0.00068504667
      983.500   0.00056170558
      984.000   0.00042543699
      984.500    0.0013103612
      985.000    0.0024182882
      985.500    0.0016247686
      986.000   0.00055097234
      986.500   0.00048366969
      987.000    0.0038966105
      987.500    0.0073646258
      988.000    0.0037855550
      988.500   0.00041392878
      989.000    0.0010186568
      989.500    0.0023266100
      990.000    0.0022742978
      990.500   0.00095655062
      991.000    0.0022522889
      991.500    0.0059348530
      992.000    0.0056357324
      992.500    0.0019582174
      993.000   0.00030810837
      993.500   0.00037697572
      994.000    0.0022574792
      994.500    0.0067957697
      995.000    0.0079044062
      995.500    0.0055314294
      996.000    0.0069867699
      996.500    0.0069435570
      997.000    0.0030530018
      997.500    0.0013715934
      998.000   0.00083259308
      998.500   0.00028888009
      999.000   0.00024865480
      999.500   0.00045233743
      1000.00   0.00095586830
      1000.50    0.0010807270
      1001.00    0.0049828342
      1001.50    0.0097920599
      1002.00    0.0061346834
      1002.50    0.0027927559
      1003.00    0.0027960876
      1003.50    0.0012530674
      1004.00   0.00076024628
      1004.50    0.0012898545
      1005.00   0.00084307152
      1005.50   0.00057798779
      1006.00    0.0014529735
      1006.50    0.0020770588
      1007.00    0.0016435729
      1007.50    0.0010549371
      1008.00    0.0028805206
      1008.50    0.0051626544
      1009.00    0.0026960875
      1009.50   0.00030155050
      1010.00    0.0010871633
      1010.50    0.0020789664
      1011.00    0.0013500691
      1011.50   0.00032573224
      1012.00    0.0022627454
      1012.50    0.0053751784
      1013.00    0.0040973125
      1013.50    0.0011806064
      1014.00   0.00027689052
      1014.50   0.00039293518
      1015.00    0.0015090204
      1015.50    0.0029958855
      1016.00    0.0028445316
      1016.50    0.0018215679
      1017.00    0.0051470446
      1017.50    0.0089420017
      1018.00    0.0052819695
      1018.50    0.0038432285
      1019.00    0.0068935772
      1019.50    0.0061236269
      1020.00    0.0035356570
      1020.50    0.0043884977
      1021.00    0.0084876788
      1021.50     0.010242720
      1022.00    0.0046408330
      1022.50    0.0021032057
      1023.00    0.0047254790
      1023.50    0.0043045125
      1024.00    0.0013933770
      1024.50   5.3511626e-05
      1025.00   5.1976724e-05
      1025.50   4.9522040e-05
      1026.00   4.8677819e-05
      1026.50   9.0753827e-05
      1027.00   0.00040119015
      1027.50   0.00063848665
      1028.00    0.0017088633
      1028.50     0.016023000
      1029.00     0.029572396
      1029.50     0.019197944
      1030.00    0.0090795398
      1030.50    0.0048732264
      1031.00    0.0026087726
      1031.50    0.0022730788
      1032.00   0.00072826437
      1032.50   0.00053357945
      1033.00   0.00090262413
      1033.50   0.00048636810
      1034.00   0.00025712142
      1034.50    0.0030050539
      1035.00    0.0059603153
      1035.50    0.0033552766
      1036.00   0.00045618598
      1036.50   0.00011294435
      1037.00    0.0084363913
      1037.50     0.018041027
      1038.00    0.0098359120
      1038.50   0.00071300419
      1039.00   0.00022519512
      1039.50    0.0036218041
      1040.00    0.0067743212
      1040.50    0.0031969961
      1041.00   3.3628677e-05
      1041.50    0.0080826495
      1042.00     0.018175518
      1042.50     0.011263032
      1043.00    0.0016707345
      1043.50   9.8863718e-05
      1044.00   1.9360230e-05
      1044.50   0.00066004328
      1045.00    0.0032957527
      1045.50    0.0046551493
      1046.00    0.0019336619
      1046.50    0.0043435402
      1047.00     0.010914275
      1047.50    0.0083527556
      1048.00    0.0019415414
      1048.50   4.1306011e-07
      1049.00   2.9832040e-14
      1049.50   8.4818943e-06
      1050.00   2.1388737e-05
      1050.50   0.00091982047
      1051.00    0.0023823266
      1051.50    0.0019602773
      1052.00    0.0018783222
      1052.50    0.0044581511
      1053.00    0.0047447834
      1053.50    0.0016373698
      1054.00   4.3793471e-06
      1054.50   5.1420752e-06
      1055.00   5.8579264e-06
      1055.50   6.6166209e-06
      1056.00   7.4176041e-06
      1056.50   1.2431182e-05
      1057.00   0.00054085696
      1057.50    0.0011203546
      1058.00   0.00077081393
      1058.50    0.0013199948
      1059.00    0.0020618067
      1059.50   0.00092122994
      1060.00   2.3753819e-05
      1060.50   2.3718409e-05
      1061.00   2.0253181e-05
      1061.50   1.8998045e-05
      1062.00   2.0133028e-05
      1062.50   2.1127378e-05
      1063.00   2.2361353e-05
      1063.50   5.3904376e-05
      1064.00   0.00022286634
      1064.50   0.00034136691
      1065.00   0.00045716576
      1065.50   0.00063249280
      1066.00   0.00034118783
      1066.50   4.6360515e-05
      1067.00   3.4410510e-05
      1067.50   3.4787774e-05
      1068.00   0.00011021178
      1068.50   0.00059018240
      1069.00    0.0011894894
      1069.50    0.0021287126
      1070.00    0.0032230813
      1070.50    0.0029580357
      1071.00    0.0045688153
      1071.50    0.0064762198
      1072.00    0.0045343990
      1072.50    0.0070909332
      1073.00     0.011786801
      1073.50    0.0077076728
      1074.00    0.0037098876
      1074.50    0.0055867266
      1075.00     0.010896188
      1075.50     0.014061493
      1076.00    0.0062318996
      1076.50   0.00012233843
      1077.00    0.0025927691
      1077.50    0.0051893018
      1078.00    0.0026631356
      1078.50   0.00016152016
      1079.00   9.4785550e-05
      1079.50   0.00010336154
      1080.00   0.00010483748
      1080.50   0.00010894319
      1081.00   0.00010169834
      1081.50   9.4582863e-05
      1082.00   0.00010119622
      1082.50    0.0026320781
      1083.00     0.022634988
      1083.50     0.038969277
      1084.00     0.025344392
      1084.50     0.013944135
      1085.00    0.0068429763
      1085.50    0.0029244334
      1086.00    0.0047143268
      1086.50    0.0022303467
      1087.00   0.00028152206
      1087.50   0.00098795321
      1088.00    0.0014885293
      1088.50   0.00073695058
      1089.00   0.00081556615
      1089.50    0.0047620562
      1090.00    0.0076344102
      1090.50    0.0036218077
      1091.00   0.00028560839
      1091.50   0.00016247215
      1092.00     0.010475258
      1092.50     0.023726497
      1093.00     0.015749358
      1093.50    0.0028097009
      1094.00   0.00019478480
      1094.50    0.0041448301
      1095.00    0.0092398155
      1095.50    0.0060046023
      1096.00    0.0010472183
      1096.50   0.00031097450
      1097.00     0.013625801
      1097.50     0.027947445
      1098.00     0.014313209
      1098.50   0.00073382067
      1099.00   0.00017668092
      1099.50   0.00015931915
      1100.00   0.00044953493
