    0.0413043
     0.149130
     0.316937
     0.503180
     0.695861
     0.891507
      1.08856
      1.28654
      1.48493
      1.68397
      1.88223
      2.08147
      2.28040
      2.47929
      2.67841
      2.87880
      3.07789
      3.27637
      3.47621
      3.67752
      3.87501
      4.07455
      4.27427
      4.47374
      4.67511
      4.87498
      5.07291
      5.27339
      5.47447
      5.67450
      5.87563
      6.07590
      6.27458
      6.47402
      6.67163
      6.87806
      7.07710
      7.27441
      7.47043
      7.67288
      7.87603
      8.06736
      8.25804
      8.45098
      8.63877
      8.82891
      9.02920
      9.21566
      9.40570
      9.59274
      9.78199
      9.97570
      10.1682
      10.3545
      10.5556
      10.7357
      10.9328
      11.1255
      11.3250
      11.5097
      11.7112
      11.9109
      12.1074
      12.2883
      12.4924
      12.6879
      12.8893
      13.0762
      13.2718
      13.4613
      13.6791
      13.8621
      14.0591
      14.2492
      14.4518
      14.6566
      14.8474
      15.0408
      15.2375
      15.4579
      15.6419
      15.8466
      16.0436
      16.2267
      16.4268
      16.6379
      16.8324
      17.0412
      17.2300
      17.4445
      17.6218
      17.8167
      18.0248
      18.2174
      18.4269
      18.6089
      18.8096
      19.0104
      19.2048
